Time,ECG
2021-09-23 20:42:10.297148,4944
2021-09-23 20:42:10.297167,4973
2021-09-23 20:42:10.297174,4843
2021-09-23 20:42:10.297180,4833
2021-09-23 20:42:10.297186,4840
2021-09-23 20:42:10.297205,4706
2021-09-23 20:42:10.297212,4722
2021-09-23 20:42:10.297218,4631
2021-09-23 20:42:10.297224,4573
2021-09-23 20:42:10.297231,4588
2021-09-23 20:42:10.297237,4453
2021-09-23 20:42:10.297244,4482
2021-09-23 20:42:10.297250,4429
2021-09-23 20:42:10.297256,4323
2021-09-23 20:42:10.297262,4369
2021-09-23 20:42:10.297268,4256
2021-09-23 20:42:10.522138,4242
2021-09-23 20:42:10.522159,4261
2021-09-23 20:42:10.522166,4160
2021-09-23 20:42:10.522172,4201
2021-09-23 20:42:10.522179,4109
2021-09-23 20:42:10.522185,4049
2021-09-23 20:42:10.522191,4071
2021-09-23 20:42:10.522197,3919
2021-09-23 20:42:10.522203,3934
2021-09-23 20:42:10.522209,3898
2021-09-23 20:42:10.522216,3794
2021-09-23 20:42:10.522222,3871
2021-09-23 20:42:10.522228,3878
2021-09-23 20:42:10.522234,4177
2021-09-23 20:42:10.522240,4756
2021-09-23 20:42:10.522246,4915
2021-09-23 20:42:10.522252,4160
2021-09-23 20:42:10.522258,3020
2021-09-23 20:42:10.522264,3056
2021-09-23 20:42:10.522270,3599
2021-09-23 20:42:10.522277,3328
2021-09-23 20:42:10.522283,3244
2021-09-23 20:42:10.522289,3407
2021-09-23 20:42:10.522295,3272
2021-09-23 20:42:10.522301,3289
2021-09-23 20:42:10.522307,3282
2021-09-23 20:42:10.522313,3248
2021-09-23 20:42:10.522319,3248
2021-09-23 20:42:10.522326,3162
2021-09-23 20:42:10.522332,3227
2021-09-23 20:42:10.790806,3181
2021-09-23 20:42:10.790827,3119
2021-09-23 20:42:10.790835,3181
2021-09-23 20:42:10.790841,3082
2021-09-23 20:42:10.790847,3097
2021-09-23 20:42:10.790854,3102
2021-09-23 20:42:10.790860,3018
2021-09-23 20:42:10.790866,3068
2021-09-23 20:42:10.790872,2996
2021-09-23 20:42:10.790878,2996
2021-09-23 20:42:10.790884,3018
2021-09-23 20:42:10.790890,2900
2021-09-23 20:42:10.790896,2936
2021-09-23 20:42:10.790905,2861
2021-09-23 20:42:10.790911,2789
2021-09-23 20:42:10.790917,2837
2021-09-23 20:42:10.790923,2710
2021-09-23 20:42:10.790929,2710
2021-09-23 20:42:10.790935,2683
2021-09-23 20:42:10.790941,2568
2021-09-23 20:42:10.790948,2601
2021-09-23 20:42:10.790954,2503
2021-09-23 20:42:10.790960,2491
2021-09-23 20:42:10.790966,2520
2021-09-23 20:42:10.790972,2402
2021-09-23 20:42:10.790978,2443
2021-09-23 20:42:10.790984,2385
2021-09-23 20:42:10.790994,2327
2021-09-23 20:42:10.791000,2385
2021-09-23 20:42:10.791006,2294
2021-09-23 20:42:10.972114,2332
2021-09-23 20:42:10.972137,2318
2021-09-23 20:42:10.972148,2236
2021-09-23 20:42:10.972151,2306
2021-09-23 20:42:10.972161,2226
2021-09-23 20:42:10.972164,2246
2021-09-23 20:42:10.972167,2277
2021-09-23 20:42:10.972177,2171
2021-09-23 20:42:10.972180,2222
2021-09-23 20:42:10.972183,2157
2021-09-23 20:42:10.972192,2130
2021-09-23 20:42:10.972196,2178
2021-09-23 20:42:10.972199,2041
2021-09-23 20:42:10.972211,2087
2021-09-23 20:42:10.972214,2075
2021-09-23 20:42:10.972222,1976
2021-09-23 20:42:10.972227,2039
2021-09-23 20:42:10.972230,1964
2021-09-23 20:42:10.972238,1988
2021-09-23 20:42:10.972258,1998
2021-09-23 20:42:10.972261,1882
2021-09-23 20:42:10.972272,1957
2021-09-23 20:42:10.972275,1899
2021-09-23 20:42:10.972278,1870
2021-09-23 20:42:10.972287,1935
2021-09-23 20:42:10.972291,1825
2021-09-23 20:42:10.972299,1885
2021-09-23 20:42:10.972303,1885
2021-09-23 20:42:10.972306,1781
2021-09-23 20:42:10.972316,1813
2021-09-23 20:42:11.197131,1717
2021-09-23 20:42:11.197154,1741
2021-09-23 20:42:11.197161,1781
2021-09-23 20:42:11.197168,1673
2021-09-23 20:42:11.197174,1748
2021-09-23 20:42:11.197180,1781
2021-09-23 20:42:11.197186,2048
2021-09-23 20:42:11.197192,2707
2021-09-23 20:42:11.197198,2984
2021-09-23 20:42:11.197205,2258
2021-09-23 20:42:11.197211,1070
2021-09-23 20:42:11.197217,1055
2021-09-23 20:42:11.197223,1635
2021-09-23 20:42:11.197229,1416
2021-09-23 20:42:11.197236,1334
2021-09-23 20:42:11.197242,1515
2021-09-23 20:42:11.197248,1404
2021-09-23 20:42:11.197254,1445
2021-09-23 20:42:11.197260,1445
2021-09-23 20:42:11.197267,1421
2021-09-23 20:42:11.197273,1474
2021-09-23 20:42:11.197282,1368
2021-09-23 20:42:11.197288,1507
2021-09-23 20:42:11.197294,1524
2021-09-23 20:42:11.197301,1279
2021-09-23 20:42:11.197307,1531
2021-09-23 20:42:11.197313,1498
2021-09-23 20:42:11.197319,1245
2021-09-23 20:42:11.197325,1628
2021-09-23 20:42:11.197331,1399
2021-09-23 20:42:11.422126,1279
2021-09-23 20:42:11.422148,1757
2021-09-23 20:42:11.422155,1255
2021-09-23 20:42:11.422162,1349
2021-09-23 20:42:11.422168,1673
2021-09-23 20:42:11.422174,1103
2021-09-23 20:42:11.422180,1469
2021-09-23 20:42:11.422186,1414
2021-09-23 20:42:11.422192,1091
2021-09-23 20:42:11.422208,1546
2021-09-23 20:42:11.422215,1195
2021-09-23 20:42:11.422221,1180
2021-09-23 20:42:11.422227,1329
2021-09-23 20:42:11.422235,997
2021-09-23 20:42:11.422241,1264
2021-09-23 20:42:11.422247,1103
2021-09-23 20:42:11.422253,964
2021-09-23 20:42:11.422260,1173
2021-09-23 20:42:11.422266,930
2021-09-23 20:42:11.422272,1086
2021-09-23 20:42:11.422278,1084
2021-09-23 20:42:11.422284,918
2021-09-23 20:42:11.422290,1139
2021-09-23 20:42:11.422296,937
2021-09-23 20:42:11.422302,971
2021-09-23 20:42:11.422308,1248
2021-09-23 20:42:11.422314,1577
2021-09-23 20:42:11.422321,2075
2021-09-23 20:42:11.422327,1769
2021-09-23 20:42:11.422333,1515
2021-09-23 20:42:11.692113,1382
2021-09-23 20:42:11.692133,690
2021-09-23 20:42:11.692140,586
2021-09-23 20:42:11.692147,894
2021-09-23 20:42:11.692153,1084
2021-09-23 20:42:11.692159,1111
2021-09-23 20:42:11.692165,887
2021-09-23 20:42:11.692171,1005
2021-09-23 20:42:11.692182,1036
2021-09-23 20:42:11.692188,714
2021-09-23 20:42:11.692194,714
2021-09-23 20:42:11.692200,863
2021-09-23 20:42:11.692206,947
2021-09-23 20:42:11.692212,887
2021-09-23 20:42:11.692218,661
2021-09-23 20:42:11.692224,738
2021-09-23 20:42:11.692230,863
2021-09-23 20:42:11.692237,805
2021-09-23 20:42:11.692243,793
2021-09-23 20:42:11.692249,747
2021-09-23 20:42:11.692255,788
2021-09-23 20:42:11.692261,743
2021-09-23 20:42:11.692267,608
2021-09-23 20:42:11.692274,543
2021-09-23 20:42:11.692280,336
2021-09-23 20:42:11.692286,437
2021-09-23 20:42:11.692292,658
2021-09-23 20:42:11.692298,310
2021-09-23 20:42:11.692304,161
2021-09-23 20:42:11.692320,598
2021-09-23 20:42:11.960741,1163
2021-09-23 20:42:11.960761,1565
2021-09-23 20:42:11.960768,1034
2021-09-23 20:42:11.960775,45
2021-09-23 20:42:11.960781,120
2021-09-23 20:42:11.960787,632
2021-09-23 20:42:11.960795,541
2021-09-23 20:42:11.960801,372
2021-09-23 20:42:11.960807,495
2021-09-23 20:42:11.960813,490
2021-09-23 20:42:11.960819,365
2021-09-23 20:42:11.960825,459
2021-09-23 20:42:11.960831,517
2021-09-23 20:42:11.960837,454
2021-09-23 20:42:11.960843,466
2021-09-23 20:42:11.960849,459
2021-09-23 20:42:11.960855,456
2021-09-23 20:42:11.960861,461
2021-09-23 20:42:11.960866,440
2021-09-23 20:42:11.960872,468
2021-09-23 20:42:11.960878,461
2021-09-23 20:42:11.960884,428
2021-09-23 20:42:11.960890,387
2021-09-23 20:42:11.960896,404
2021-09-23 20:42:11.960902,538
2021-09-23 20:42:11.960908,538
2021-09-23 20:42:11.960915,473
2021-09-23 20:42:11.960921,519
2021-09-23 20:42:11.960927,524
2021-09-23 20:42:11.960932,497
2021-09-23 20:42:12.187121,492
2021-09-23 20:42:12.187141,478
2021-09-23 20:42:12.187149,459
2021-09-23 20:42:12.187155,411
2021-09-23 20:42:12.187161,379
2021-09-23 20:42:12.187167,367
2021-09-23 20:42:12.187173,324
2021-09-23 20:42:12.187179,281
2021-09-23 20:42:12.187191,250
2021-09-23 20:42:12.187197,278
2021-09-23 20:42:12.187203,310
2021-09-23 20:42:12.187209,286
2021-09-23 20:42:12.187215,300
2021-09-23 20:42:12.187221,315
2021-09-23 20:42:12.187227,278
2021-09-23 20:42:12.187233,278
2021-09-23 20:42:12.187239,300
2021-09-23 20:42:12.187245,276
2021-09-23 20:42:12.187252,276
2021-09-23 20:42:12.187265,348
2021-09-23 20:42:12.187271,367
2021-09-23 20:42:12.187277,329
2021-09-23 20:42:12.187283,343
2021-09-23 20:42:12.187289,372
2021-09-23 20:42:12.187295,343
2021-09-23 20:42:12.187301,341
2021-09-23 20:42:12.187307,351
2021-09-23 20:42:12.187313,324
2021-09-23 20:42:12.187319,319
2021-09-23 20:42:12.187325,286
2021-09-23 20:42:12.367045,221
2021-09-23 20:42:12.367065,274
2021-09-23 20:42:12.367072,358
2021-09-23 20:42:12.367079,331
2021-09-23 20:42:12.367085,319
2021-09-23 20:42:12.367091,353
2021-09-23 20:42:12.367097,324
2021-09-23 20:42:12.367103,271
2021-09-23 20:42:12.367109,250
2021-09-23 20:42:12.367115,177
2021-09-23 20:42:12.367121,161
2021-09-23 20:42:12.367127,329
2021-09-23 20:42:12.367133,406
2021-09-23 20:42:12.367139,305
2021-09-23 20:42:12.367147,288
2021-09-23 20:42:12.367153,437
2021-09-23 20:42:12.367159,728
2021-09-23 20:42:12.367166,1202
2021-09-23 20:42:12.367172,1459
2021-09-23 20:42:12.367178,630
2021-09-23 20:42:12.367184,-420
2021-09-23 20:42:12.367190,-144
2021-09-23 20:42:12.367196,379
2021-09-23 20:42:12.367202,185
2021-09-23 20:42:12.367209,129
2021-09-23 20:42:12.367215,295
2021-09-23 20:42:12.367221,245
2021-09-23 20:42:12.367227,177
2021-09-23 20:42:12.367233,223
2021-09-23 20:42:12.367239,254
2021-09-23 20:42:12.592268,283
2021-09-23 20:42:12.592289,319
2021-09-23 20:42:12.592296,310
2021-09-23 20:42:12.592303,290
2021-09-23 20:42:12.592309,312
2021-09-23 20:42:12.592315,341
2021-09-23 20:42:12.592321,343
2021-09-23 20:42:12.592327,355
2021-09-23 20:42:12.592334,365
2021-09-23 20:42:12.592340,358
2021-09-23 20:42:12.592347,370
2021-09-23 20:42:12.592354,391
2021-09-23 20:42:12.592361,389
2021-09-23 20:42:12.592366,389
2021-09-23 20:42:12.592373,406
2021-09-23 20:42:12.592379,399
2021-09-23 20:42:12.592385,370
2021-09-23 20:42:12.592391,341
2021-09-23 20:42:12.592396,310
2021-09-23 20:42:12.592403,286
2021-09-23 20:42:12.592409,278
2021-09-23 20:42:12.592415,252
2021-09-23 20:42:12.592421,199
2021-09-23 20:42:12.592427,151
2021-09-23 20:42:12.592438,103
2021-09-23 20:42:12.592445,31
2021-09-23 20:42:12.592451,-7
2021-09-23 20:42:12.592457,14
2021-09-23 20:42:12.592463,64
2021-09-23 20:42:12.592469,96
2021-09-23 20:42:12.860751,103
2021-09-23 20:42:12.860770,146
2021-09-23 20:42:12.860777,211
2021-09-23 20:42:12.860784,221
2021-09-23 20:42:12.860790,158
2021-09-23 20:42:12.860797,98
2021-09-23 20:42:12.860803,127
2021-09-23 20:42:12.860809,168
2021-09-23 20:42:12.860815,122
2021-09-23 20:42:12.860821,67
2021-09-23 20:42:12.860827,88
2021-09-23 20:42:12.860833,103
2021-09-23 20:42:12.860839,117
2021-09-23 20:42:12.860846,226
2021-09-23 20:42:12.860852,300
2021-09-23 20:42:12.860858,252
2021-09-23 20:42:12.860864,218
2021-09-23 20:42:12.860870,238
2021-09-23 20:42:12.860876,233
2021-09-23 20:42:12.860882,230
2021-09-23 20:42:12.860888,245
2021-09-23 20:42:12.860895,257
2021-09-23 20:42:12.860901,247
2021-09-23 20:42:12.860907,218
2021-09-23 20:42:12.860913,202
2021-09-23 20:42:12.860919,206
2021-09-23 20:42:12.860925,214
2021-09-23 20:42:12.860932,216
2021-09-23 20:42:12.860938,223
2021-09-23 20:42:12.860952,221
2021-09-23 20:42:13.042147,250
2021-09-23 20:42:13.042167,473
2021-09-23 20:42:13.042174,971
2021-09-23 20:42:13.042181,1313
2021-09-23 20:42:13.042187,637
2021-09-23 20:42:13.042194,-444
2021-09-23 20:42:13.042200,-360
2021-09-23 20:42:13.042206,197
2021-09-23 20:42:13.042212,103
2021-09-23 20:42:13.042223,2
2021-09-23 20:42:13.042229,151
2021-09-23 20:42:13.042236,146
2021-09-23 20:42:13.042250,101
2021-09-23 20:42:13.042257,158
2021-09-23 20:42:13.042263,180
2021-09-23 20:42:13.042269,153
2021-09-23 20:42:13.042275,156
2021-09-23 20:42:13.042281,185
2021-09-23 20:42:13.042287,204
2021-09-23 20:42:13.042294,211
2021-09-23 20:42:13.042300,211
2021-09-23 20:42:13.042306,218
2021-09-23 20:42:13.042312,189
2021-09-23 20:42:13.042318,141
2021-09-23 20:42:13.042324,197
2021-09-23 20:42:13.042330,300
2021-09-23 20:42:13.042337,290
2021-09-23 20:42:13.042343,259
2021-09-23 20:42:13.042349,283
2021-09-23 20:42:13.042355,283
2021-09-23 20:42:13.312157,264
2021-09-23 20:42:13.312179,264
2021-09-23 20:42:13.312186,259
2021-09-23 20:42:13.312192,226
2021-09-23 20:42:13.312198,163
2021-09-23 20:42:13.312204,98
2021-09-23 20:42:13.312210,7
2021-09-23 20:42:13.312216,-113
2021-09-23 20:42:13.312223,-141
2021-09-23 20:42:13.312229,-96
2021-09-23 20:42:13.312235,-122
2021-09-23 20:42:13.312241,-163
2021-09-23 20:42:13.312247,-144
2021-09-23 20:42:13.312254,-115
2021-09-23 20:42:13.312260,-86
2021-09-23 20:42:13.312266,-28
2021-09-23 20:42:13.312272,55
2021-09-23 20:42:13.312278,146
2021-09-23 20:42:13.312284,194
2021-09-23 20:42:13.312300,185
2021-09-23 20:42:13.312306,151
2021-09-23 20:42:13.312312,141
2021-09-23 20:42:13.312318,182
2021-09-23 20:42:13.312324,209
2021-09-23 20:42:13.312330,182
2021-09-23 20:42:13.312336,153
2021-09-23 20:42:13.312342,132
2021-09-23 20:42:13.312348,105
2021-09-23 20:42:13.312354,108
2021-09-23 20:42:13.312360,101
2021-09-23 20:42:13.492165,84
2021-09-23 20:42:13.492187,125
2021-09-23 20:42:13.492194,158
2021-09-23 20:42:13.492200,139
2021-09-23 20:42:13.492206,144
2021-09-23 20:42:13.492212,163
2021-09-23 20:42:13.492218,151
2021-09-23 20:42:13.492224,137
2021-09-23 20:42:13.492230,125
2021-09-23 20:42:13.492236,91
2021-09-23 20:42:13.492242,62
2021-09-23 20:42:13.492248,48
2021-09-23 20:42:13.492254,64
2021-09-23 20:42:13.492260,165
2021-09-23 20:42:13.492266,343
2021-09-23 20:42:13.492272,680
2021-09-23 20:42:13.492278,1139
2021-09-23 20:42:13.492283,969
2021-09-23 20:42:13.492289,-98
2021-09-23 20:42:13.492295,-584
2021-09-23 20:42:13.492301,-62
2021-09-23 20:42:13.492307,120
2021-09-23 20:42:13.492313,-81
2021-09-23 20:42:13.492319,0
2021-09-23 20:42:13.492325,103
2021-09-23 20:42:13.492331,43
2021-09-23 20:42:13.492337,50
2021-09-23 20:42:13.492343,88
2021-09-23 20:42:13.492349,72
2021-09-23 20:42:13.492355,74
2021-09-23 20:42:13.762157,96
2021-09-23 20:42:13.762179,98
2021-09-23 20:42:13.762186,103
2021-09-23 20:42:13.762193,122
2021-09-23 20:42:13.762199,132
2021-09-23 20:42:13.762205,127
2021-09-23 20:42:13.762212,129
2021-09-23 20:42:13.762218,137
2021-09-23 20:42:13.762224,139
2021-09-23 20:42:13.762230,146
2021-09-23 20:42:13.762236,168
2021-09-23 20:42:13.762242,185
2021-09-23 20:42:13.762249,175
2021-09-23 20:42:13.762255,149
2021-09-23 20:42:13.762261,146
2021-09-23 20:42:13.762267,146
2021-09-23 20:42:13.762273,122
2021-09-23 20:42:13.762279,110
2021-09-23 20:42:13.762285,108
2021-09-23 20:42:13.762291,91
2021-09-23 20:42:13.762297,62
2021-09-23 20:42:13.762303,33
2021-09-23 20:42:13.762310,21
2021-09-23 20:42:13.762316,19
2021-09-23 20:42:13.762322,12
2021-09-23 20:42:13.762328,9
2021-09-23 20:42:13.762334,9
2021-09-23 20:42:13.762344,9
2021-09-23 20:42:13.762350,28
2021-09-23 20:42:13.762356,50
2021-09-23 20:42:14.030761,43
2021-09-23 20:42:14.030781,31
2021-09-23 20:42:14.030788,38
2021-09-23 20:42:14.030794,57
2021-09-23 20:42:14.030800,76
2021-09-23 20:42:14.030807,93
2021-09-23 20:42:14.030813,98
2021-09-23 20:42:14.030819,98
2021-09-23 20:42:14.030825,96
2021-09-23 20:42:14.030831,96
2021-09-23 20:42:14.030837,96
2021-09-23 20:42:14.030843,91
2021-09-23 20:42:14.030849,91
2021-09-23 20:42:14.030855,93
2021-09-23 20:42:14.030861,81
2021-09-23 20:42:14.030867,64
2021-09-23 20:42:14.030873,62
2021-09-23 20:42:14.030879,74
2021-09-23 20:42:14.030894,88
2021-09-23 20:42:14.030901,86
2021-09-23 20:42:14.030907,81
2021-09-23 20:42:14.030913,86
2021-09-23 20:42:14.030919,76
2021-09-23 20:42:14.030925,64
2021-09-23 20:42:14.030931,67
2021-09-23 20:42:14.030937,69
2021-09-23 20:42:14.030943,62
2021-09-23 20:42:14.030949,62
2021-09-23 20:42:14.030955,98
2021-09-23 20:42:14.030964,283
2021-09-23 20:42:14.212147,709
2021-09-23 20:42:14.212169,1183
2021-09-23 20:42:14.212176,921
2021-09-23 20:42:14.212183,-149
2021-09-23 20:42:14.212189,-545
2021-09-23 20:42:14.212195,-50
2021-09-23 20:42:14.212201,62
2021-09-23 20:42:14.212207,-117
2021-09-23 20:42:14.212213,-16
2021-09-23 20:42:14.212219,69
2021-09-23 20:42:14.212226,16
2021-09-23 20:42:14.212232,33
2021-09-23 20:42:14.212238,76
2021-09-23 20:42:14.212244,52
2021-09-23 20:42:14.212250,28
2021-09-23 20:42:14.212257,43
2021-09-23 20:42:14.212263,67
2021-09-23 20:42:14.212269,76
2021-09-23 20:42:14.212275,64
2021-09-23 20:42:14.212281,76
2021-09-23 20:42:14.212288,105
2021-09-23 20:42:14.212294,110
2021-09-23 20:42:14.212300,108
2021-09-23 20:42:14.212306,129
2021-09-23 20:42:14.212312,151
2021-09-23 20:42:14.212318,153
2021-09-23 20:42:14.212324,153
2021-09-23 20:42:14.212331,158
2021-09-23 20:42:14.212337,153
2021-09-23 20:42:14.212343,137
2021-09-23 20:42:14.437183,120
2021-09-23 20:42:14.437211,108
2021-09-23 20:42:14.437219,103
2021-09-23 20:42:14.437225,91
2021-09-23 20:42:14.437232,69
2021-09-23 20:42:14.437238,45
2021-09-23 20:42:14.437244,14
2021-09-23 20:42:14.437250,-12
2021-09-23 20:42:14.437257,-14
2021-09-23 20:42:14.437263,-9
2021-09-23 20:42:14.437269,-7
2021-09-23 20:42:14.437275,-9
2021-09-23 20:42:14.437281,-21
2021-09-23 20:42:14.437287,-31
2021-09-23 20:42:14.437293,-19
2021-09-23 20:42:14.437299,4
2021-09-23 20:42:14.437306,16
2021-09-23 20:42:14.437312,16
2021-09-23 20:42:14.437318,19
2021-09-23 20:42:14.437333,28
2021-09-23 20:42:14.437340,38
2021-09-23 20:42:14.437346,45
2021-09-23 20:42:14.437352,57
2021-09-23 20:42:14.437358,67
2021-09-23 20:42:14.437364,74
2021-09-23 20:42:14.437370,84
2021-09-23 20:42:14.437376,93
2021-09-23 20:42:14.437383,72
2021-09-23 20:42:14.437389,31
2021-09-23 20:42:14.437395,12
2021-09-23 20:42:14.751549,38
2021-09-23 20:42:14.751570,86
2021-09-23 20:42:14.751577,91
2021-09-23 20:42:14.751583,88
2021-09-23 20:42:14.751590,115
2021-09-23 20:42:14.751596,117
2021-09-23 20:42:14.751602,79
2021-09-23 20:42:14.751608,60
2021-09-23 20:42:14.751614,74
2021-09-23 20:42:14.751621,91
2021-09-23 20:42:14.751627,96
2021-09-23 20:42:14.751633,108
2021-09-23 20:42:14.751639,216
2021-09-23 20:42:14.751646,531
2021-09-23 20:42:14.751652,1024
2021-09-23 20:42:14.751658,1151
2021-09-23 20:42:14.751664,254
2021-09-23 20:42:14.751671,-670
2021-09-23 20:42:14.751677,-411
2021-09-23 20:42:14.751683,24
2021-09-23 20:42:14.751689,-108
2021-09-23 20:42:14.751695,-93
2021-09-23 20:42:14.751701,110
2021-09-23 20:42:14.751708,96
2021-09-23 20:42:14.751714,26
2021-09-23 20:42:14.751720,69
2021-09-23 20:42:14.751726,81
2021-09-23 20:42:14.751732,62
2021-09-23 20:42:14.751738,88
2021-09-23 20:42:14.751744,105
2021-09-23 20:42:14.887215,93
2021-09-23 20:42:14.887242,113
2021-09-23 20:42:14.887249,134
2021-09-23 20:42:14.887256,127
2021-09-23 20:42:14.887262,141
2021-09-23 20:42:14.887268,163
2021-09-23 20:42:14.887274,163
2021-09-23 20:42:14.887280,163
2021-09-23 20:42:14.887287,170
2021-09-23 20:42:14.887304,180
2021-09-23 20:42:14.887311,185
2021-09-23 20:42:14.887317,175
2021-09-23 20:42:14.887323,163
2021-09-23 20:42:14.887333,151
2021-09-23 20:42:14.887339,122
2021-09-23 20:42:14.887345,96
2021-09-23 20:42:14.887351,79
2021-09-23 20:42:14.887357,45
2021-09-23 20:42:14.887363,12
2021-09-23 20:42:14.887369,-4
2021-09-23 20:42:14.887375,-36
2021-09-23 20:42:14.887381,-86
2021-09-23 20:42:14.887387,-127
2021-09-23 20:42:14.887393,-144
2021-09-23 20:42:14.887403,-141
2021-09-23 20:42:14.887409,-117
2021-09-23 20:42:14.887416,-79
2021-09-23 20:42:14.887422,-43
2021-09-23 20:42:14.887428,-40
2021-09-23 20:42:14.887434,-50
2021-09-23 20:42:15.112188,-4
2021-09-23 20:42:15.112210,76
2021-09-23 20:42:15.112218,103
2021-09-23 20:42:15.112224,81
2021-09-23 20:42:15.112230,76
2021-09-23 20:42:15.112236,72
2021-09-23 20:42:15.112243,62
2021-09-23 20:42:15.112249,72
2021-09-23 20:42:15.112255,79
2021-09-23 20:42:15.112261,67
2021-09-23 20:42:15.112267,45
2021-09-23 20:42:15.112273,48
2021-09-23 20:42:15.112279,72
2021-09-23 20:42:15.112285,84
2021-09-23 20:42:15.112291,72
2021-09-23 20:42:15.112297,79
2021-09-23 20:42:15.112303,91
2021-09-23 20:42:15.112309,64
2021-09-23 20:42:15.112315,45
2021-09-23 20:42:15.112322,67
2021-09-23 20:42:15.112327,52
2021-09-23 20:42:15.112334,31
2021-09-23 20:42:15.112340,60
2021-09-23 20:42:15.112346,86
2021-09-23 20:42:15.112352,185
2021-09-23 20:42:15.112358,517
2021-09-23 20:42:15.112364,1014
2021-09-23 20:42:15.112370,1038
2021-09-23 20:42:15.112376,96
2021-09-23 20:42:15.112392,-608
2021-09-23 20:42:15.337169,-199
2021-09-23 20:42:15.337191,125
2021-09-23 20:42:15.337198,-72
2021-09-23 20:42:15.337205,-81
2021-09-23 20:42:15.337211,24
2021-09-23 20:42:15.337217,7
2021-09-23 20:42:15.337224,16
2021-09-23 20:42:15.337230,76
2021-09-23 20:42:15.337236,76
2021-09-23 20:42:15.337242,33
2021-09-23 20:42:15.337248,43
2021-09-23 20:42:15.337254,101
2021-09-23 20:42:15.337260,110
2021-09-23 20:42:15.337266,81
2021-09-23 20:42:15.337272,91
2021-09-23 20:42:15.337278,108
2021-09-23 20:42:15.337284,108
2021-09-23 20:42:15.337290,125
2021-09-23 20:42:15.337297,139
2021-09-23 20:42:15.337303,134
2021-09-23 20:42:15.337309,134
2021-09-23 20:42:15.337315,127
2021-09-23 20:42:15.337321,139
2021-09-23 20:42:15.337327,180
2021-09-23 20:42:15.337333,173
2021-09-23 20:42:15.337339,110
2021-09-23 20:42:15.337345,69
2021-09-23 20:42:15.337351,88
2021-09-23 20:42:15.337357,125
2021-09-23 20:42:15.337363,101
2021-09-23 20:42:15.607249,36
2021-09-23 20:42:15.607291,-14
2021-09-23 20:42:15.607299,-55
2021-09-23 20:42:15.607305,-64
2021-09-23 20:42:15.607326,-40
2021-09-23 20:42:15.607332,-69
2021-09-23 20:42:15.607339,-161
2021-09-23 20:42:15.607345,-211
2021-09-23 20:42:15.607351,-223
2021-09-23 20:42:15.607357,-216
2021-09-23 20:42:15.607363,-146
2021-09-23 20:42:15.607369,-38
2021-09-23 20:42:15.607376,14
2021-09-23 20:42:15.607382,62
2021-09-23 20:42:15.607388,108
2021-09-23 20:42:15.607394,101
2021-09-23 20:42:15.607401,86
2021-09-23 20:42:15.607407,69
2021-09-23 20:42:15.607413,33
2021-09-23 20:42:15.607420,62
2021-09-23 20:42:15.607455,120
2021-09-23 20:42:15.607461,88
2021-09-23 20:42:15.607467,24
2021-09-23 20:42:15.607474,9
2021-09-23 20:42:15.607479,28
2021-09-23 20:42:15.607485,50
2021-09-23 20:42:15.607491,43
2021-09-23 20:42:15.607497,33
2021-09-23 20:42:15.607503,48
2021-09-23 20:42:15.607509,52
2021-09-23 20:42:15.832169,50
2021-09-23 20:42:15.832190,67
2021-09-23 20:42:15.832197,79
2021-09-23 20:42:15.832204,55
2021-09-23 20:42:15.832210,28
2021-09-23 20:42:15.832216,24
2021-09-23 20:42:15.832222,-16
2021-09-23 20:42:15.832228,4
2021-09-23 20:42:15.832234,269
2021-09-23 20:42:15.832240,694
2021-09-23 20:42:15.832246,906
2021-09-23 20:42:15.832252,307
2021-09-23 20:42:15.832258,-649
2021-09-23 20:42:15.832264,-651
2021-09-23 20:42:15.832270,-117
2021-09-23 20:42:15.832277,-98
2021-09-23 20:42:15.832283,-182
2021-09-23 20:42:15.832289,64
2021-09-23 20:42:15.832295,197
2021-09-23 20:42:15.832301,72
2021-09-23 20:42:15.832307,55
2021-09-23 20:42:15.832313,117
2021-09-23 20:42:15.832319,72
2021-09-23 20:42:15.832325,52
2021-09-23 20:42:15.832331,93
2021-09-23 20:42:15.832338,50
2021-09-23 20:42:15.832344,21
2021-09-23 20:42:15.832350,110
2021-09-23 20:42:15.832356,146
2021-09-23 20:42:15.832362,88
2021-09-23 20:42:16.100881,101
2021-09-23 20:42:16.100903,141
2021-09-23 20:42:16.100910,127
2021-09-23 20:42:16.100917,122
2021-09-23 20:42:16.100923,117
2021-09-23 20:42:16.100929,125
2021-09-23 20:42:16.100935,168
2021-09-23 20:42:16.100941,165
2021-09-23 20:42:16.100947,120
2021-09-23 20:42:16.100960,115
2021-09-23 20:42:16.100966,117
2021-09-23 20:42:16.100972,67
2021-09-23 20:42:16.100978,9
2021-09-23 20:42:16.100984,-19
2021-09-23 20:42:16.100990,-12
2021-09-23 20:42:16.100996,4
2021-09-23 20:42:16.101002,2
2021-09-23 20:42:16.101008,-9
2021-09-23 20:42:16.101014,-31
2021-09-23 20:42:16.101020,-67
2021-09-23 20:42:16.101026,-81
2021-09-23 20:42:16.101032,-38
2021-09-23 20:42:16.101038,19
2021-09-23 20:42:16.101044,24
2021-09-23 20:42:16.101050,7
2021-09-23 20:42:16.101056,-7
2021-09-23 20:42:16.101062,-52
2021-09-23 20:42:16.101068,-64
2021-09-23 20:42:16.101074,16
2021-09-23 20:42:16.101080,79
2021-09-23 20:42:16.327192,52
2021-09-23 20:42:16.327213,38
2021-09-23 20:42:16.327220,38
2021-09-23 20:42:16.327226,-21
2021-09-23 20:42:16.327232,-28
2021-09-23 20:42:16.327239,57
2021-09-23 20:42:16.327248,52
2021-09-23 20:42:16.327254,2
2021-09-23 20:42:16.327260,40
2021-09-23 20:42:16.327266,67
2021-09-23 20:42:16.327272,19
2021-09-23 20:42:16.327278,14
2021-09-23 20:42:16.327284,52
2021-09-23 20:42:16.327290,50
2021-09-23 20:42:16.327296,9
2021-09-23 20:42:16.327301,14
2021-09-23 20:42:16.327307,60
2021-09-23 20:42:16.327313,38
2021-09-23 20:42:16.327319,4
2021-09-23 20:42:16.327325,113
2021-09-23 20:42:16.327331,420
2021-09-23 20:42:16.327337,853
2021-09-23 20:42:16.327343,933
2021-09-23 20:42:16.327349,153
2021-09-23 20:42:16.327355,-572
2021-09-23 20:42:16.327361,-310
2021-09-23 20:42:16.327367,62
2021-09-23 20:42:16.327373,-12
2021-09-23 20:42:16.327379,-52
2021-09-23 20:42:16.327394,0
2021-09-23 20:42:16.507182,-14
2021-09-23 20:42:16.507204,-7
2021-09-23 20:42:16.507211,43
2021-09-23 20:42:16.507218,43
2021-09-23 20:42:16.507224,21
2021-09-23 20:42:16.507231,36
2021-09-23 20:42:16.507237,60
2021-09-23 20:42:16.507243,69
2021-09-23 20:42:16.507249,57
2021-09-23 20:42:16.507255,48
2021-09-23 20:42:16.507261,91
2021-09-23 20:42:16.507268,122
2021-09-23 20:42:16.507274,103
2021-09-23 20:42:16.507280,120
2021-09-23 20:42:16.507286,149
2021-09-23 20:42:16.507292,144
2021-09-23 20:42:16.507298,137
2021-09-23 20:42:16.507304,149
2021-09-23 20:42:16.507310,168
2021-09-23 20:42:16.507316,141
2021-09-23 20:42:16.507322,93
2021-09-23 20:42:16.507329,120
2021-09-23 20:42:16.507335,137
2021-09-23 20:42:16.507341,62
2021-09-23 20:42:16.507347,-7
2021-09-23 20:42:16.507353,4
2021-09-23 20:42:16.507359,26
2021-09-23 20:42:16.507365,-26
2021-09-23 20:42:16.507371,-21
2021-09-23 20:42:16.507377,36
2021-09-23 20:42:16.732209,-28
2021-09-23 20:42:16.732231,-105
2021-09-23 20:42:16.732238,-93
2021-09-23 20:42:16.732246,-79
2021-09-23 20:42:16.732253,-57
2021-09-23 20:42:16.732259,-2
2021-09-23 20:42:16.732265,0
2021-09-23 20:42:16.732271,-40
2021-09-23 20:42:16.732277,-33
2021-09-23 20:42:16.732283,-14
2021-09-23 20:42:16.732288,0
2021-09-23 20:42:16.732294,24
2021-09-23 20:42:16.732301,26
2021-09-23 20:42:16.732307,19
2021-09-23 20:42:16.732313,-4
2021-09-23 20:42:16.732319,-21
2021-09-23 20:42:16.732325,16
2021-09-23 20:42:16.732332,26
2021-09-23 20:42:16.732338,12
2021-09-23 20:42:16.732344,31
2021-09-23 20:42:16.732350,12
2021-09-23 20:42:16.732356,-26
2021-09-23 20:42:16.732363,19
2021-09-23 20:42:16.732369,55
2021-09-23 20:42:16.732375,12
2021-09-23 20:42:16.732381,-9
2021-09-23 20:42:16.732387,14
2021-09-23 20:42:16.732393,24
2021-09-23 20:42:16.732399,38
2021-09-23 20:42:16.732405,64
2021-09-23 20:42:17.002219,199
2021-09-23 20:42:17.002240,603
2021-09-23 20:42:17.002248,995
2021-09-23 20:42:17.002254,639
2021-09-23 20:42:17.002260,-310
2021-09-23 20:42:17.002266,-548
2021-09-23 20:42:17.002273,-86
2021-09-23 20:42:17.002279,12
2021-09-23 20:42:17.002285,-81
2021-09-23 20:42:17.002291,-14
2021-09-23 20:42:17.002297,-24
2021-09-23 20:42:17.002303,-64
2021-09-23 20:42:17.002309,-16
2021-09-23 20:42:17.002315,-4
2021-09-23 20:42:17.002321,-38
2021-09-23 20:42:17.002327,2
2021-09-23 20:42:17.002333,72
2021-09-23 20:42:17.002339,60
2021-09-23 20:42:17.002345,40
2021-09-23 20:42:17.002354,72
2021-09-23 20:42:17.002360,93
2021-09-23 20:42:17.002366,81
2021-09-23 20:42:17.002372,74
2021-09-23 20:42:17.002378,93
2021-09-23 20:42:17.002384,120
2021-09-23 20:42:17.002390,117
2021-09-23 20:42:17.002396,115
2021-09-23 20:42:17.002402,158
2021-09-23 20:42:17.002408,177
2021-09-23 20:42:17.002414,146
2021-09-23 20:42:17.272207,117
2021-09-23 20:42:17.272227,108
2021-09-23 20:42:17.272235,96
2021-09-23 20:42:17.272241,48
2021-09-23 20:42:17.272247,7
2021-09-23 20:42:17.272253,36
2021-09-23 20:42:17.272259,43
2021-09-23 20:42:17.272266,-16
2021-09-23 20:42:17.272272,-43
2021-09-23 20:42:17.272288,-33
2021-09-23 20:42:17.272294,-57
2021-09-23 20:42:17.272300,-79
2021-09-23 20:42:17.272306,-52
2021-09-23 20:42:17.272313,-48
2021-09-23 20:42:17.272319,-69
2021-09-23 20:42:17.272325,-36
2021-09-23 20:42:17.272331,-2
2021-09-23 20:42:17.272337,-24
2021-09-23 20:42:17.272343,-31
2021-09-23 20:42:17.272349,-4
2021-09-23 20:42:17.272355,12
2021-09-23 20:42:17.272361,-16
2021-09-23 20:42:17.272367,-36
2021-09-23 20:42:17.272373,0
2021-09-23 20:42:17.272379,-7
2021-09-23 20:42:17.272385,-14
2021-09-23 20:42:17.272391,36
2021-09-23 20:42:17.272398,36
2021-09-23 20:42:17.272404,2
2021-09-23 20:42:17.272410,38
2021-09-23 20:42:17.497195,57
2021-09-23 20:42:17.497216,9
2021-09-23 20:42:17.497224,33
2021-09-23 20:42:17.497230,72
2021-09-23 20:42:17.497237,12
2021-09-23 20:42:17.497243,-21
2021-09-23 20:42:17.497249,2
2021-09-23 20:42:17.497255,4
2021-09-23 20:42:17.497261,4
2021-09-23 20:42:17.497267,12
2021-09-23 20:42:17.497273,28
2021-09-23 20:42:17.497279,129
2021-09-23 20:42:17.497285,401
2021-09-23 20:42:17.497291,832
2021-09-23 20:42:17.497297,889
2021-09-23 20:42:17.497303,60
2021-09-23 20:42:17.497309,-625
2021-09-23 20:42:17.497315,-281
2021-09-23 20:42:17.497321,45
2021-09-23 20:42:17.497327,-98
2021-09-23 20:42:17.497333,-64
2021-09-23 20:42:17.497339,62
2021-09-23 20:42:17.497345,19
2021-09-23 20:42:17.497351,-2
2021-09-23 20:42:17.497357,36
2021-09-23 20:42:17.497363,21
2021-09-23 20:42:17.497369,36
2021-09-23 20:42:17.497375,86
2021-09-23 20:42:17.497381,67
2021-09-23 20:42:17.497398,50
2021-09-23 20:42:17.722205,101
2021-09-23 20:42:17.722226,103
2021-09-23 20:42:17.722233,48
2021-09-23 20:42:17.722240,40
2021-09-23 20:42:17.722246,43
2021-09-23 20:42:17.722252,12
2021-09-23 20:42:17.722259,21
2021-09-23 20:42:17.722265,57
2021-09-23 20:42:17.722271,48
2021-09-23 20:42:17.722277,31
2021-09-23 20:42:17.722283,43
2021-09-23 20:42:17.722289,48
2021-09-23 20:42:17.722295,64
2021-09-23 20:42:17.722301,81
2021-09-23 20:42:17.722308,48
2021-09-23 20:42:17.722314,-4
2021-09-23 20:42:17.722320,-4
2021-09-23 20:42:17.722327,28
2021-09-23 20:42:17.722333,28
2021-09-23 20:42:17.722339,16
2021-09-23 20:42:17.722345,14
2021-09-23 20:42:17.722351,2
2021-09-23 20:42:17.722357,-9
2021-09-23 20:42:17.722363,-9
2021-09-23 20:42:17.722369,-38
2021-09-23 20:42:17.722375,-55
2021-09-23 20:42:17.722381,-21
2021-09-23 20:42:17.722387,-36
2021-09-23 20:42:17.722393,-79
2021-09-23 20:42:17.722399,-81
2021-09-23 20:42:17.947215,-117
2021-09-23 20:42:17.947237,-146
2021-09-23 20:42:17.947245,-93
2021-09-23 20:42:17.947251,-50
2021-09-23 20:42:17.947257,-40
2021-09-23 20:42:17.947263,-24
2021-09-23 20:42:17.947270,-28
2021-09-23 20:42:17.947276,-69
2021-09-23 20:42:17.947282,-115
2021-09-23 20:42:17.947288,-108
2021-09-23 20:42:17.947294,-55
2021-09-23 20:42:17.947300,-7
2021-09-23 20:42:17.947306,-12
2021-09-23 20:42:17.947313,-36
2021-09-23 20:42:17.947319,-21
2021-09-23 20:42:17.947340,-36
2021-09-23 20:42:17.947347,-79
2021-09-23 20:42:17.947353,-69
2021-09-23 20:42:17.947359,-31
2021-09-23 20:42:17.947371,-33
2021-09-23 20:42:17.947377,-57
2021-09-23 20:42:17.947384,-43
2021-09-23 20:42:17.947390,50
2021-09-23 20:42:17.947396,317
2021-09-23 20:42:17.947402,759
2021-09-23 20:42:17.947408,966
2021-09-23 20:42:17.947414,336
2021-09-23 20:42:17.947420,-538
2021-09-23 20:42:17.947426,-464
2021-09-23 20:42:17.947432,-24
2021-09-23 20:42:18.170875,-76
2021-09-23 20:42:18.170896,-151
2021-09-23 20:42:18.170903,-33
2021-09-23 20:42:18.170910,-2
2021-09-23 20:42:18.170916,-33
2021-09-23 20:42:18.170922,-31
2021-09-23 20:42:18.170928,0
2021-09-23 20:42:18.170934,21
2021-09-23 20:42:18.170940,-12
2021-09-23 20:42:18.170946,-9
2021-09-23 20:42:18.170952,60
2021-09-23 20:42:18.170958,84
2021-09-23 20:42:18.170964,28
2021-09-23 20:42:18.170970,16
2021-09-23 20:42:18.170976,67
2021-09-23 20:42:18.170982,72
2021-09-23 20:42:18.170988,64
2021-09-23 20:42:18.170994,96
2021-09-23 20:42:18.171000,127
2021-09-23 20:42:18.171006,146
2021-09-23 20:42:18.171012,144
2021-09-23 20:42:18.171018,115
2021-09-23 20:42:18.171023,105
2021-09-23 20:42:18.171029,105
2021-09-23 20:42:18.171035,98
2021-09-23 20:42:18.171041,76
2021-09-23 20:42:18.171047,40
2021-09-23 20:42:18.171053,2
2021-09-23 20:42:18.171059,-12
2021-09-23 20:42:18.171065,-14
2021-09-23 20:42:18.352216,-12
2021-09-23 20:42:18.352236,-24
2021-09-23 20:42:18.352243,-76
2021-09-23 20:42:18.352250,-105
2021-09-23 20:42:18.352256,-67
2021-09-23 20:42:18.352262,-24
2021-09-23 20:42:18.352268,-31
2021-09-23 20:42:18.352275,-48
2021-09-23 20:42:18.352281,-36
2021-09-23 20:42:18.352297,-24
2021-09-23 20:42:18.352304,-14
2021-09-23 20:42:18.352310,-9
2021-09-23 20:42:18.352316,2
2021-09-23 20:42:18.352322,31
2021-09-23 20:42:18.352328,33
2021-09-23 20:42:18.352334,-9
2021-09-23 20:42:18.352340,-24
2021-09-23 20:42:18.352346,0
2021-09-23 20:42:18.352352,2
2021-09-23 20:42:18.352358,-19
2021-09-23 20:42:18.352364,-38
2021-09-23 20:42:18.352370,-33
2021-09-23 20:42:18.352376,7
2021-09-23 20:42:18.352382,21
2021-09-23 20:42:18.352388,-2
2021-09-23 20:42:18.352394,-4
2021-09-23 20:42:18.352400,12
2021-09-23 20:42:18.352406,16
2021-09-23 20:42:18.352412,7
2021-09-23 20:42:18.352418,-12
2021-09-23 20:42:18.577297,-21
2021-09-23 20:42:18.577341,-2
2021-09-23 20:42:18.577349,7
2021-09-23 20:42:18.577355,-9
2021-09-23 20:42:18.577361,14
2021-09-23 20:42:18.577367,180
2021-09-23 20:42:18.577374,548
2021-09-23 20:42:18.577380,978
2021-09-23 20:42:18.577386,817
2021-09-23 20:42:18.577392,-134
2021-09-23 20:42:18.577398,-618
2021-09-23 20:42:18.577404,-197
2021-09-23 20:42:18.577410,0
2021-09-23 20:42:18.577416,-120
2021-09-23 20:42:18.577452,-38
2021-09-23 20:42:18.577458,26
2021-09-23 20:42:18.577464,-33
2021-09-23 20:42:18.577470,-48
2021-09-23 20:42:18.577476,-12
2021-09-23 20:42:18.577483,24
2021-09-23 20:42:18.577489,31
2021-09-23 20:42:18.577495,21
2021-09-23 20:42:18.577501,21
2021-09-23 20:42:18.577507,24
2021-09-23 20:42:18.577513,28
2021-09-23 20:42:18.577519,62
2021-09-23 20:42:18.577525,96
2021-09-23 20:42:18.577531,98
2021-09-23 20:42:18.577537,96
2021-09-23 20:42:18.577544,86
2021-09-23 20:42:18.847228,93
2021-09-23 20:42:18.847249,141
2021-09-23 20:42:18.847257,161
2021-09-23 20:42:18.847263,139
2021-09-23 20:42:18.847269,127
2021-09-23 20:42:18.847275,108
2021-09-23 20:42:18.847281,103
2021-09-23 20:42:18.847287,113
2021-09-23 20:42:18.847293,81
2021-09-23 20:42:18.847299,19
2021-09-23 20:42:18.847305,4
2021-09-23 20:42:18.847311,7
2021-09-23 20:42:18.847317,-19
2021-09-23 20:42:18.847323,-19
2021-09-23 20:42:18.847329,7
2021-09-23 20:42:18.847336,-21
2021-09-23 20:42:18.847342,-79
2021-09-23 20:42:18.847348,-67
2021-09-23 20:42:18.847363,-21
2021-09-23 20:42:18.847369,-19
2021-09-23 20:42:18.847375,19
2021-09-23 20:42:18.847381,101
2021-09-23 20:42:18.847388,88
2021-09-23 20:42:18.847394,24
2021-09-23 20:42:18.847400,72
2021-09-23 20:42:18.847414,153
2021-09-23 20:42:18.847420,125
2021-09-23 20:42:18.847426,62
2021-09-23 20:42:18.847432,69
2021-09-23 20:42:18.847438,86
2021-09-23 20:42:19.027240,81
2021-09-23 20:42:19.027262,91
2021-09-23 20:42:19.027270,101
2021-09-23 20:42:19.027276,76
2021-09-23 20:42:19.027282,45
2021-09-23 20:42:19.027288,40
2021-09-23 20:42:19.027294,67
2021-09-23 20:42:19.027300,74
2021-09-23 20:42:19.027307,72
2021-09-23 20:42:19.027313,96
2021-09-23 20:42:19.027319,98
2021-09-23 20:42:19.027326,60
2021-09-23 20:42:19.027332,60
2021-09-23 20:42:19.027338,93
2021-09-23 20:42:19.027344,72
2021-09-23 20:42:19.027350,26
2021-09-23 20:42:19.027356,40
2021-09-23 20:42:19.027362,81
2021-09-23 20:42:19.027369,88
2021-09-23 20:42:19.027384,151
2021-09-23 20:42:19.027391,423
2021-09-23 20:42:19.027397,858
2021-09-23 20:42:19.027403,1010
2021-09-23 20:42:19.027409,324
2021-09-23 20:42:19.027415,-490
2021-09-23 20:42:19.027421,-319
2021-09-23 20:42:19.027427,76
2021-09-23 20:42:19.027433,-33
2021-09-23 20:42:19.027440,-67
2021-09-23 20:42:19.027446,55
2021-09-23 20:42:19.297233,33
2021-09-23 20:42:19.297254,9
2021-09-23 20:42:19.297261,50
2021-09-23 20:42:19.297268,21
2021-09-23 20:42:19.297274,2
2021-09-23 20:42:19.297280,79
2021-09-23 20:42:19.297286,125
2021-09-23 20:42:19.297292,98
2021-09-23 20:42:19.297298,81
2021-09-23 20:42:19.297307,74
2021-09-23 20:42:19.297313,88
2021-09-23 20:42:19.297319,125
2021-09-23 20:42:19.297325,113
2021-09-23 20:42:19.297331,103
2021-09-23 20:42:19.297337,137
2021-09-23 20:42:19.297344,146
2021-09-23 20:42:19.297350,153
2021-09-23 20:42:19.297356,180
2021-09-23 20:42:19.297362,163
2021-09-23 20:42:19.297368,141
2021-09-23 20:42:19.297374,161
2021-09-23 20:42:19.297380,144
2021-09-23 20:42:19.297386,91
2021-09-23 20:42:19.297391,84
2021-09-23 20:42:19.297397,76
2021-09-23 20:42:19.297403,24
2021-09-23 20:42:19.297409,-2
2021-09-23 20:42:19.297415,-7
2021-09-23 20:42:19.297422,-31
2021-09-23 20:42:19.297428,-26
2021-09-23 20:42:19.566606,-4
2021-09-23 20:42:19.566626,-9
2021-09-23 20:42:19.566633,-26
2021-09-23 20:42:19.566639,-24
2021-09-23 20:42:19.566646,-33
2021-09-23 20:42:19.566652,-55
2021-09-23 20:42:19.566658,-19
2021-09-23 20:42:19.566664,26
2021-09-23 20:42:19.566670,2
2021-09-23 20:42:19.566676,-12
2021-09-23 20:42:19.566683,12
2021-09-23 20:42:19.566689,4
2021-09-23 20:42:19.566694,-2
2021-09-23 20:42:19.566700,14
2021-09-23 20:42:19.566706,9
2021-09-23 20:42:19.566714,12
2021-09-23 20:42:19.566720,14
2021-09-23 20:42:19.566726,2
2021-09-23 20:42:19.566732,2
2021-09-23 20:42:19.566738,7
2021-09-23 20:42:19.566745,21
2021-09-23 20:42:19.566750,36
2021-09-23 20:42:19.566756,19
2021-09-23 20:42:19.566762,0
2021-09-23 20:42:19.566768,16
2021-09-23 20:42:19.566774,24
2021-09-23 20:42:19.566781,-4
2021-09-23 20:42:19.566787,-16
2021-09-23 20:42:19.566793,31
2021-09-23 20:42:19.566798,62
2021-09-23 20:42:19.747248,28
2021-09-23 20:42:19.747270,2
2021-09-23 20:42:19.747278,4
2021-09-23 20:42:19.747284,24
2021-09-23 20:42:19.747290,36
2021-09-23 20:42:19.747296,36
2021-09-23 20:42:19.747302,134
2021-09-23 20:42:19.747308,454
2021-09-23 20:42:19.747315,921
2021-09-23 20:42:19.747321,964
2021-09-23 20:42:19.747327,103
2021-09-23 20:42:19.747333,-618
2021-09-23 20:42:19.747339,-254
2021-09-23 20:42:19.747345,110
2021-09-23 20:42:19.747351,-98
2021-09-23 20:42:19.747357,-117
2021-09-23 20:42:19.747363,50
2021-09-23 20:42:19.747369,9
2021-09-23 20:42:19.747375,-64
2021-09-23 20:42:19.747381,-7
2021-09-23 20:42:19.747388,67
2021-09-23 20:42:19.747394,76
2021-09-23 20:42:19.747399,48
2021-09-23 20:42:19.747405,45
2021-09-23 20:42:19.747420,57
2021-09-23 20:42:19.747427,62
2021-09-23 20:42:19.747433,67
2021-09-23 20:42:19.747440,7
2021-09-23 20:42:19.747446,-84
2021-09-23 20:42:19.747455,-48
2021-09-23 20:42:19.972243,19
2021-09-23 20:42:19.972263,-31
2021-09-23 20:42:19.972271,-40
2021-09-23 20:42:19.972277,45
2021-09-23 20:42:19.972283,64
2021-09-23 20:42:19.972289,21
2021-09-23 20:42:19.972295,24
2021-09-23 20:42:19.972301,52
2021-09-23 20:42:19.972307,7
2021-09-23 20:42:19.972313,-74
2021-09-23 20:42:19.972319,-76
2021-09-23 20:42:19.972325,-31
2021-09-23 20:42:19.972331,-62
2021-09-23 20:42:19.972337,-125
2021-09-23 20:42:19.972343,-129
2021-09-23 20:42:19.972349,-132
2021-09-23 20:42:19.972355,-144
2021-09-23 20:42:19.972361,-93
2021-09-23 20:42:19.972367,-64
2021-09-23 20:42:19.972373,-132
2021-09-23 20:42:19.972380,-156
2021-09-23 20:42:19.972385,-103
2021-09-23 20:42:19.972394,-84
2021-09-23 20:42:19.972400,-122
2021-09-23 20:42:19.972406,-115
2021-09-23 20:42:19.972412,-62
2021-09-23 20:42:19.972418,-52
2021-09-23 20:42:19.972424,-48
2021-09-23 20:42:19.972430,-28
2021-09-23 20:42:19.972436,-64
2021-09-23 20:42:20.241066,-86
2021-09-23 20:42:20.241086,-50
2021-09-23 20:42:20.241093,-2
2021-09-23 20:42:20.241099,96
2021-09-23 20:42:20.241104,177
2021-09-23 20:42:20.241110,151
2021-09-23 20:42:20.241116,96
2021-09-23 20:42:20.241122,81
2021-09-23 20:42:20.241127,84
2021-09-23 20:42:20.241133,40
2021-09-23 20:42:20.241139,-55
2021-09-23 20:42:20.241146,-84
2021-09-23 20:42:20.241152,-14
2021-09-23 20:42:20.241158,50
2021-09-23 20:42:20.241164,67
2021-09-23 20:42:20.241171,93
2021-09-23 20:42:20.241176,144
2021-09-23 20:42:20.241183,158
2021-09-23 20:42:20.241189,98
2021-09-23 20:42:20.241205,62
2021-09-23 20:42:20.241212,93
2021-09-23 20:42:20.241218,86
2021-09-23 20:42:20.241224,48
2021-09-23 20:42:20.241230,72
2021-09-23 20:42:20.241234,103
2021-09-23 20:42:20.241239,96
2021-09-23 20:42:20.241244,149
2021-09-23 20:42:20.241249,360
2021-09-23 20:42:20.241254,735
2021-09-23 20:42:20.241259,1002
2021-09-23 20:42:20.466662,500
2021-09-23 20:42:20.466682,-418
2021-09-23 20:42:20.466689,-420
2021-09-23 20:42:20.466696,55
2021-09-23 20:42:20.466702,-7
2021-09-23 20:42:20.466708,-110
2021-09-23 20:42:20.466714,48
2021-09-23 20:42:20.466720,64
2021-09-23 20:42:20.466726,-2
2021-09-23 20:42:20.466732,38
2021-09-23 20:42:20.466739,57
2021-09-23 20:42:20.466745,19
2021-09-23 20:42:20.466751,31
2021-09-23 20:42:20.466757,55
2021-09-23 20:42:20.466763,43
2021-09-23 20:42:20.466769,38
2021-09-23 20:42:20.466775,40
2021-09-23 20:42:20.466781,52
2021-09-23 20:42:20.466787,86
2021-09-23 20:42:20.466793,84
2021-09-23 20:42:20.466799,88
2021-09-23 20:42:20.466805,117
2021-09-23 20:42:20.466811,105
2021-09-23 20:42:20.466817,105
2021-09-23 20:42:20.466823,120
2021-09-23 20:42:20.466829,105
2021-09-23 20:42:20.466835,110
2021-09-23 20:42:20.466841,132
2021-09-23 20:42:20.466847,108
2021-09-23 20:42:20.466853,86
2021-09-23 20:42:20.692258,91
2021-09-23 20:42:20.692279,64
2021-09-23 20:42:20.692286,7
2021-09-23 20:42:20.692293,-16
2021-09-23 20:42:20.692299,-36
2021-09-23 20:42:20.692306,-84
2021-09-23 20:42:20.692312,-67
2021-09-23 20:42:20.692318,-4
2021-09-23 20:42:20.692324,-4
2021-09-23 20:42:20.692330,-31
2021-09-23 20:42:20.692336,-38
2021-09-23 20:42:20.692342,-57
2021-09-23 20:42:20.692349,-57
2021-09-23 20:42:20.692355,-31
2021-09-23 20:42:20.692361,-45
2021-09-23 20:42:20.692367,-40
2021-09-23 20:42:20.692373,16
2021-09-23 20:42:20.692379,26
2021-09-23 20:42:20.692385,14
2021-09-23 20:42:20.692391,21
2021-09-23 20:42:20.692398,0
2021-09-23 20:42:20.692404,-14
2021-09-23 20:42:20.692410,36
2021-09-23 20:42:20.692416,16
2021-09-23 20:42:20.692422,-91
2021-09-23 20:42:20.692429,-115
2021-09-23 20:42:20.692435,-91
2021-09-23 20:42:20.692441,-108
2021-09-23 20:42:20.692447,-81
2021-09-23 20:42:20.692453,-26
2021-09-23 20:42:20.872231,-28
2021-09-23 20:42:20.872251,-43
2021-09-23 20:42:20.872259,-31
2021-09-23 20:42:20.872265,-40
2021-09-23 20:42:20.872271,-60
2021-09-23 20:42:20.872278,-36
2021-09-23 20:42:20.872284,-16
2021-09-23 20:42:20.872290,-28
2021-09-23 20:42:20.872296,-21
2021-09-23 20:42:20.872302,16
2021-09-23 20:42:20.872308,40
2021-09-23 20:42:20.872314,28
2021-09-23 20:42:20.872320,2
2021-09-23 20:42:20.872326,7
2021-09-23 20:42:20.872332,36
2021-09-23 20:42:20.872338,21
2021-09-23 20:42:20.872344,-2
2021-09-23 20:42:20.872351,21
2021-09-23 20:42:20.872357,48
2021-09-23 20:42:20.872363,98
2021-09-23 20:42:20.872369,343
2021-09-23 20:42:20.872375,808
2021-09-23 20:42:20.872381,1029
2021-09-23 20:42:20.872387,341
2021-09-23 20:42:20.872393,-562
2021-09-23 20:42:20.872399,-428
2021-09-23 20:42:20.872405,33
2021-09-23 20:42:20.872411,-76
2021-09-23 20:42:20.872417,-168
2021-09-23 20:42:20.872430,-21
2021-09-23 20:42:21.187288,-31
2021-09-23 20:42:21.187310,-93
2021-09-23 20:42:21.187317,-36
2021-09-23 20:42:21.187323,-14
2021-09-23 20:42:21.187330,-26
2021-09-23 20:42:21.187336,26
2021-09-23 20:42:21.187342,98
2021-09-23 20:42:21.187348,105
2021-09-23 20:42:21.187354,43
2021-09-23 20:42:21.187360,26
2021-09-23 20:42:21.187366,40
2021-09-23 20:42:21.187372,7
2021-09-23 20:42:21.187378,9
2021-09-23 20:42:21.187384,60
2021-09-23 20:42:21.187390,69
2021-09-23 20:42:21.187396,69
2021-09-23 20:42:21.187403,86
2021-09-23 20:42:21.187409,88
2021-09-23 20:42:21.187415,105
2021-09-23 20:42:21.187421,105
2021-09-23 20:42:21.187427,76
2021-09-23 20:42:21.187433,74
2021-09-23 20:42:21.187439,55
2021-09-23 20:42:21.187445,-7
2021-09-23 20:42:21.187451,-14
2021-09-23 20:42:21.187457,24
2021-09-23 20:42:21.187463,-4
2021-09-23 20:42:21.187469,-64
2021-09-23 20:42:21.187475,-52
2021-09-23 20:42:21.187481,-28
2021-09-23 20:42:21.367282,-33
2021-09-23 20:42:21.367302,-9
2021-09-23 20:42:21.367309,9
2021-09-23 20:42:21.367316,-19
2021-09-23 20:42:21.367322,-24
2021-09-23 20:42:21.367328,7
2021-09-23 20:42:21.367334,16
2021-09-23 20:42:21.367372,12
2021-09-23 20:42:21.367379,19
2021-09-23 20:42:21.367385,21
2021-09-23 20:42:21.367391,16
2021-09-23 20:42:21.367397,16
2021-09-23 20:42:21.367403,26
2021-09-23 20:42:21.367409,48
2021-09-23 20:42:21.367415,62
2021-09-23 20:42:21.367421,45
2021-09-23 20:42:21.367427,40
2021-09-23 20:42:21.367433,55
2021-09-23 20:42:21.367439,74
2021-09-23 20:42:21.367451,72
2021-09-23 20:42:21.367457,14
2021-09-23 20:42:21.367463,-24
2021-09-23 20:42:21.367469,7
2021-09-23 20:42:21.367475,33
2021-09-23 20:42:21.367481,28
2021-09-23 20:42:21.367487,21
2021-09-23 20:42:21.367493,24
2021-09-23 20:42:21.367499,31
2021-09-23 20:42:21.367505,26
2021-09-23 20:42:21.367511,48
2021-09-23 20:42:21.637341,64
2021-09-23 20:42:21.637363,24
2021-09-23 20:42:21.637370,9
2021-09-23 20:42:21.637377,24
2021-09-23 20:42:21.637383,9
2021-09-23 20:42:21.637389,16
2021-09-23 20:42:21.637396,50
2021-09-23 20:42:21.637402,43
2021-09-23 20:42:21.637408,33
2021-09-23 20:42:21.637414,52
2021-09-23 20:42:21.637420,45
2021-09-23 20:42:21.637427,28
2021-09-23 20:42:21.637433,31
2021-09-23 20:42:21.637440,9
2021-09-23 20:42:21.637446,-40
2021-09-23 20:42:21.637452,-4
2021-09-23 20:42:21.637458,86
2021-09-23 20:42:21.637464,214
2021-09-23 20:42:21.637471,574
2021-09-23 20:42:21.637477,1041
2021-09-23 20:42:21.637483,776
2021-09-23 20:42:21.637489,-254
2021-09-23 20:42:21.637495,-601
2021-09-23 20:42:21.637501,-105
2021-09-23 20:42:21.637507,4
2021-09-23 20:42:21.637513,-173
2021-09-23 20:42:21.637548,-76
2021-09-23 20:42:21.637555,4
2021-09-23 20:42:21.637561,-14
2021-09-23 20:42:21.637567,31
2021-09-23 20:42:21.817261,43
2021-09-23 20:42:21.817282,16
2021-09-23 20:42:21.817290,-12
2021-09-23 20:42:21.817296,-52
2021-09-23 20:42:21.817302,14
2021-09-23 20:42:21.817308,127
2021-09-23 20:42:21.817314,86
2021-09-23 20:42:21.817320,-4
2021-09-23 20:42:21.817327,28
2021-09-23 20:42:21.817341,86
2021-09-23 20:42:21.817348,76
2021-09-23 20:42:21.817354,79
2021-09-23 20:42:21.817360,88
2021-09-23 20:42:21.817366,110
2021-09-23 20:42:21.817372,134
2021-09-23 20:42:21.817378,86
2021-09-23 20:42:21.817384,64
2021-09-23 20:42:21.817390,122
2021-09-23 20:42:21.817396,110
2021-09-23 20:42:21.817402,48
2021-09-23 20:42:21.817408,96
2021-09-23 20:42:21.817414,110
2021-09-23 20:42:21.817420,-9
2021-09-23 20:42:21.817426,-48
2021-09-23 20:42:21.817432,9
2021-09-23 20:42:21.817438,-12
2021-09-23 20:42:21.817444,-48
2021-09-23 20:42:21.817450,-36
2021-09-23 20:42:21.817456,-50
2021-09-23 20:42:21.817462,-43
2021-09-23 20:42:22.042277,-9
2021-09-23 20:42:22.042298,-31
2021-09-23 20:42:22.042305,-62
2021-09-23 20:42:22.042312,-38
2021-09-23 20:42:22.042318,-19
2021-09-23 20:42:22.042324,-31
2021-09-23 20:42:22.042330,7
2021-09-23 20:42:22.042336,38
2021-09-23 20:42:22.042342,-4
2021-09-23 20:42:22.042349,7
2021-09-23 20:42:22.042354,48
2021-09-23 20:42:22.042361,-9
2021-09-23 20:42:22.042367,-33
2021-09-23 20:42:22.042373,57
2021-09-23 20:42:22.042379,81
2021-09-23 20:42:22.042385,-2
2021-09-23 20:42:22.042391,-43
2021-09-23 20:42:22.042397,-14
2021-09-23 20:42:22.042403,-2
2021-09-23 20:42:22.042410,-26
2021-09-23 20:42:22.042416,-24
2021-09-23 20:42:22.042422,19
2021-09-23 20:42:22.042428,14
2021-09-23 20:42:22.042434,-7
2021-09-23 20:42:22.042440,21
2021-09-23 20:42:22.042446,4
2021-09-23 20:42:22.042452,-19
2021-09-23 20:42:22.042458,33
2021-09-23 20:42:22.042464,74
2021-09-23 20:42:22.042480,52
2021-09-23 20:42:22.310896,24
2021-09-23 20:42:22.310916,7
2021-09-23 20:42:22.310923,-9
2021-09-23 20:42:22.310929,12
2021-09-23 20:42:22.310936,33
2021-09-23 20:42:22.310942,0
2021-09-23 20:42:22.310947,4
2021-09-23 20:42:22.310953,57
2021-09-23 20:42:22.310959,129
2021-09-23 20:42:22.310965,389
2021-09-23 20:42:22.310971,875
2021-09-23 20:42:22.310977,906
2021-09-23 20:42:22.310983,4
2021-09-23 20:42:22.310989,-613
2021-09-23 20:42:22.310995,-206
2021-09-23 20:42:22.311001,36
2021-09-23 20:42:22.311007,-151
2021-09-23 20:42:22.311013,-81
2021-09-23 20:42:22.311019,19
2021-09-23 20:42:22.311025,-50
2021-09-23 20:42:22.311031,-26
2021-09-23 20:42:22.311037,40
2021-09-23 20:42:22.311043,28
2021-09-23 20:42:22.311049,2
2021-09-23 20:42:22.311055,-2
2021-09-23 20:42:22.311061,33
2021-09-23 20:42:22.311067,91
2021-09-23 20:42:22.311073,76
2021-09-23 20:42:22.311079,50
2021-09-23 20:42:22.311085,91
2021-09-23 20:42:22.492279,113
2021-09-23 20:42:22.492300,96
2021-09-23 20:42:22.492307,115
2021-09-23 20:42:22.492313,139
2021-09-23 20:42:22.492319,134
2021-09-23 20:42:22.492325,117
2021-09-23 20:42:22.492331,122
2021-09-23 20:42:22.492337,139
2021-09-23 20:42:22.492343,134
2021-09-23 20:42:22.492349,113
2021-09-23 20:42:22.492355,72
2021-09-23 20:42:22.492361,38
2021-09-23 20:42:22.492367,52
2021-09-23 20:42:22.492373,48
2021-09-23 20:42:22.492378,-2
2021-09-23 20:42:22.492384,-9
2021-09-23 20:42:22.492390,14
2021-09-23 20:42:22.492396,-26
2021-09-23 20:42:22.492402,-69
2021-09-23 20:42:22.492418,-64
2021-09-23 20:42:22.492428,-79
2021-09-23 20:42:22.492434,-86
2021-09-23 20:42:22.492440,-55
2021-09-23 20:42:22.492446,-28
2021-09-23 20:42:22.492451,-26
2021-09-23 20:42:22.492457,-55
2021-09-23 20:42:22.492463,-57
2021-09-23 20:42:22.492469,-24
2021-09-23 20:42:22.492475,-2
2021-09-23 20:42:22.492481,16
2021-09-23 20:42:22.717295,26
2021-09-23 20:42:22.717317,52
2021-09-23 20:42:22.717324,105
2021-09-23 20:42:22.717331,64
2021-09-23 20:42:22.717337,-26
2021-09-23 20:42:22.717343,-9
2021-09-23 20:42:22.717349,36
2021-09-23 20:42:22.717355,26
2021-09-23 20:42:22.717361,12
2021-09-23 20:42:22.717367,-4
2021-09-23 20:42:22.717373,-26
2021-09-23 20:42:22.717379,4
2021-09-23 20:42:22.717385,45
2021-09-23 20:42:22.717417,26
2021-09-23 20:42:22.717424,-19
2021-09-23 20:42:22.717430,-55
2021-09-23 20:42:22.717436,-64
2021-09-23 20:42:22.717442,-19
2021-09-23 20:42:22.717448,0
2021-09-23 20:42:22.717454,-45
2021-09-23 20:42:22.717460,-16
2021-09-23 20:42:22.717466,55
2021-09-23 20:42:22.717472,24
2021-09-23 20:42:22.717478,-19
2021-09-23 20:42:22.717484,-16
2021-09-23 20:42:22.717490,-55
2021-09-23 20:42:22.717496,-64
2021-09-23 20:42:22.717502,-24
2021-09-23 20:42:22.717508,-28
2021-09-23 20:42:22.717514,-26
2021-09-23 20:42:22.942300,98
2021-09-23 20:42:22.942323,418
2021-09-23 20:42:22.942330,860
2021-09-23 20:42:22.942337,791
2021-09-23 20:42:22.942343,-115
2021-09-23 20:42:22.942349,-637
2021-09-23 20:42:22.942355,-242
2021-09-23 20:42:22.942361,-36
2021-09-23 20:42:22.942367,-165
2021-09-23 20:42:22.942383,-117
2021-09-23 20:42:22.942389,-48
2021-09-23 20:42:22.942395,-67
2021-09-23 20:42:22.942402,-67
2021-09-23 20:42:22.942408,-60
2021-09-23 20:42:22.942414,-64
2021-09-23 20:42:22.942420,-60
2021-09-23 20:42:22.942426,-28
2021-09-23 20:42:22.942432,16
2021-09-23 20:42:22.942438,40
2021-09-23 20:42:22.942444,43
2021-09-23 20:42:22.942450,12
2021-09-23 20:42:22.942485,-14
2021-09-23 20:42:22.942491,26
2021-09-23 20:42:22.942497,45
2021-09-23 20:42:22.942503,19
2021-09-23 20:42:22.942509,105
2021-09-23 20:42:22.942515,192
2021-09-23 20:42:22.942521,127
2021-09-23 20:42:22.942527,62
2021-09-23 20:42:22.942532,72
2021-09-23 20:42:23.212291,88
2021-09-23 20:42:23.212313,101
2021-09-23 20:42:23.212320,48
2021-09-23 20:42:23.212326,14
2021-09-23 20:42:23.212332,79
2021-09-23 20:42:23.212339,52
2021-09-23 20:42:23.212344,-52
2021-09-23 20:42:23.212351,-12
2021-09-23 20:42:23.212357,60
2021-09-23 20:42:23.212363,-19
2021-09-23 20:42:23.212369,-98
2021-09-23 20:42:23.212375,-72
2021-09-23 20:42:23.212381,-28
2021-09-23 20:42:23.212387,-36
2021-09-23 20:42:23.212393,-52
2021-09-23 20:42:23.212399,-50
2021-09-23 20:42:23.212405,-19
2021-09-23 20:42:23.212411,16
2021-09-23 20:42:23.212417,-4
2021-09-23 20:42:23.212423,-36
2021-09-23 20:42:23.212429,-2
2021-09-23 20:42:23.212435,33
2021-09-23 20:42:23.212441,-4
2021-09-23 20:42:23.212447,-19
2021-09-23 20:42:23.212453,52
2021-09-23 20:42:23.212459,43
2021-09-23 20:42:23.212465,-33
2021-09-23 20:42:23.212471,-26
2021-09-23 20:42:23.212477,16
2021-09-23 20:42:23.212493,36
2021-09-23 20:42:23.437225,26
2021-09-23 20:42:23.437246,-4
2021-09-23 20:42:23.437254,-21
2021-09-23 20:42:23.437260,-26
2021-09-23 20:42:23.437266,2
2021-09-23 20:42:23.437272,60
2021-09-23 20:42:23.437278,36
2021-09-23 20:42:23.437284,-12
2021-09-23 20:42:23.437290,14
2021-09-23 20:42:23.437296,12
2021-09-23 20:42:23.437301,-33
2021-09-23 20:42:23.437307,-33
2021-09-23 20:42:23.437313,14
2021-09-23 20:42:23.437319,55
2021-09-23 20:42:23.437325,26
2021-09-23 20:42:23.437331,-19
2021-09-23 20:42:23.437337,16
2021-09-23 20:42:23.437343,40
2021-09-23 20:42:23.437349,-26
2021-09-23 20:42:23.437355,-48
2021-09-23 20:42:23.437361,19
2021-09-23 20:42:23.437367,40
2021-09-23 20:42:23.437373,4
2021-09-23 20:42:23.437379,4
2021-09-23 20:42:23.437385,141
2021-09-23 20:42:23.437391,488
2021-09-23 20:42:23.437397,918
2021-09-23 20:42:23.437403,810
2021-09-23 20:42:23.437409,-74
2021-09-23 20:42:23.437415,-548
2021-09-23 20:42:23.662383,-132
2021-09-23 20:42:23.662404,67
2021-09-23 20:42:23.662411,-132
2021-09-23 20:42:23.662418,-120
2021-09-23 20:42:23.662424,2
2021-09-23 20:42:23.662430,-19
2021-09-23 20:42:23.662436,-36
2021-09-23 20:42:23.662443,19
2021-09-23 20:42:23.662449,26
2021-09-23 20:42:23.662455,19
2021-09-23 20:42:23.662461,21
2021-09-23 20:42:23.662467,-9
2021-09-23 20:42:23.662473,2
2021-09-23 20:42:23.662479,31
2021-09-23 20:42:23.662515,14
2021-09-23 20:42:23.662521,31
2021-09-23 20:42:23.662527,84
2021-09-23 20:42:23.662534,101
2021-09-23 20:42:23.662540,91
2021-09-23 20:42:23.662546,81
2021-09-23 20:42:23.662552,72
2021-09-23 20:42:23.662558,88
2021-09-23 20:42:23.662564,129
2021-09-23 20:42:23.662570,146
2021-09-23 20:42:23.662576,127
2021-09-23 20:42:23.662582,110
2021-09-23 20:42:23.662588,98
2021-09-23 20:42:23.662594,93
2021-09-23 20:42:23.662600,57
2021-09-23 20:42:23.662606,-2
2021-09-23 20:42:23.887163,7
2021-09-23 20:42:23.887185,26
2021-09-23 20:42:23.887193,-38
2021-09-23 20:42:23.887199,-88
2021-09-23 20:42:23.887206,-48
2021-09-23 20:42:23.887212,14
2021-09-23 20:42:23.887218,-2
2021-09-23 20:42:23.887224,-57
2021-09-23 20:42:23.887230,-36
2021-09-23 20:42:23.887237,-12
2021-09-23 20:42:23.887243,-40
2021-09-23 20:42:23.887249,-40
2021-09-23 20:42:23.887255,-28
2021-09-23 20:42:23.887261,-31
2021-09-23 20:42:23.887267,9
2021-09-23 20:42:23.887274,36
2021-09-23 20:42:23.887280,0
2021-09-23 20:42:23.887286,-9
2021-09-23 20:42:23.887292,-12
2021-09-23 20:42:23.887298,-19
2021-09-23 20:42:23.887304,14
2021-09-23 20:42:23.887310,31
2021-09-23 20:42:23.887316,28
2021-09-23 20:42:23.887322,9
2021-09-23 20:42:23.887328,-16
2021-09-23 20:42:23.887334,7
2021-09-23 20:42:23.887340,7
2021-09-23 20:42:23.887347,-9
2021-09-23 20:42:23.887353,0
2021-09-23 20:42:23.887359,-36
2021-09-23 20:42:24.112311,-36
2021-09-23 20:42:24.112332,14
2021-09-23 20:42:24.112340,9
2021-09-23 20:42:24.112346,2
2021-09-23 20:42:24.112352,31
2021-09-23 20:42:24.112358,14
2021-09-23 20:42:24.112364,-4
2021-09-23 20:42:24.112378,19
2021-09-23 20:42:24.112384,4
2021-09-23 20:42:24.112396,-16
2021-09-23 20:42:24.112403,4
2021-09-23 20:42:24.112409,9
2021-09-23 20:42:24.112415,0
2021-09-23 20:42:24.112421,4
2021-09-23 20:42:24.112427,79
2021-09-23 20:42:24.112433,341
2021-09-23 20:42:24.112439,755
2021-09-23 20:42:24.112445,949
2021-09-23 20:42:24.112451,355
2021-09-23 20:42:24.112457,-495
2021-09-23 20:42:24.112463,-411
2021-09-23 20:42:24.112469,33
2021-09-23 20:42:24.112475,-31
2021-09-23 20:42:24.112481,-86
2021-09-23 20:42:24.112487,48
2021-09-23 20:42:24.112493,26
2021-09-23 20:42:24.112499,-38
2021-09-23 20:42:24.112505,-4
2021-09-23 20:42:24.112511,36
2021-09-23 20:42:24.112517,76
2021-09-23 20:42:24.380942,96
2021-09-23 20:42:24.380964,81
2021-09-23 20:42:24.380971,93
2021-09-23 20:42:24.380978,67
2021-09-23 20:42:24.380984,16
2021-09-23 20:42:24.380990,67
2021-09-23 20:42:24.380996,125
2021-09-23 20:42:24.381002,110
2021-09-23 20:42:24.381008,98
2021-09-23 20:42:24.381014,108
2021-09-23 20:42:24.381021,120
2021-09-23 20:42:24.381027,134
2021-09-23 20:42:24.381036,122
2021-09-23 20:42:24.381042,125
2021-09-23 20:42:24.381048,168
2021-09-23 20:42:24.381054,153
2021-09-23 20:42:24.381060,88
2021-09-23 20:42:24.381066,76
2021-09-23 20:42:24.381072,76
2021-09-23 20:42:24.381078,45
2021-09-23 20:42:24.381084,26
2021-09-23 20:42:24.381090,-9
2021-09-23 20:42:24.381096,-33
2021-09-23 20:42:24.381102,-2
2021-09-23 20:42:24.381108,-21
2021-09-23 20:42:24.381114,-60
2021-09-23 20:42:24.381120,-26
2021-09-23 20:42:24.381126,-2
2021-09-23 20:42:24.381132,-36
2021-09-23 20:42:24.381144,-57
2021-09-23 20:42:24.562234,-52
2021-09-23 20:42:24.562253,-52
2021-09-23 20:42:24.562260,-24
2021-09-23 20:42:24.562266,26
2021-09-23 20:42:24.562273,7
2021-09-23 20:42:24.562279,-26
2021-09-23 20:42:24.562285,28
2021-09-23 20:42:24.562290,64
2021-09-23 20:42:24.562296,9
2021-09-23 20:42:24.562302,-38
2021-09-23 20:42:24.562308,-38
2021-09-23 20:42:24.562315,-7
2021-09-23 20:42:24.562320,16
2021-09-23 20:42:24.562326,-14
2021-09-23 20:42:24.562332,-26
2021-09-23 20:42:24.562338,33
2021-09-23 20:42:24.562345,57
2021-09-23 20:42:24.562351,21
2021-09-23 20:42:24.562357,2
2021-09-23 20:42:24.562363,-28
2021-09-23 20:42:24.562369,-38
2021-09-23 20:42:24.562375,0
2021-09-23 20:42:24.562381,-9
2021-09-23 20:42:24.562387,-36
2021-09-23 20:42:24.562393,2
2021-09-23 20:42:24.562399,38
2021-09-23 20:42:24.562405,36
2021-09-23 20:42:24.562411,50
2021-09-23 20:42:24.562417,52
2021-09-23 20:42:24.562423,-14
2021-09-23 20:42:24.832312,-38
2021-09-23 20:42:24.832334,31
2021-09-23 20:42:24.832341,52
2021-09-23 20:42:24.832348,-21
2021-09-23 20:42:24.832354,-64
2021-09-23 20:42:24.832361,-9
2021-09-23 20:42:24.832367,103
2021-09-23 20:42:24.832373,283
2021-09-23 20:42:24.832379,615
2021-09-23 20:42:24.832385,954
2021-09-23 20:42:24.832391,630
2021-09-23 20:42:24.832398,-298
2021-09-23 20:42:24.832404,-536
2021-09-23 20:42:24.832410,-93
2021-09-23 20:42:24.832416,-19
2021-09-23 20:42:24.832422,-149
2021-09-23 20:42:24.832428,-57
2021-09-23 20:42:24.832435,12
2021-09-23 20:42:24.832441,-12
2021-09-23 20:42:24.832456,9
2021-09-23 20:42:24.832462,16
2021-09-23 20:42:24.832469,-14
2021-09-23 20:42:24.832475,7
2021-09-23 20:42:24.832481,33
2021-09-23 20:42:24.832487,28
2021-09-23 20:42:24.832493,48
2021-09-23 20:42:24.832498,57
2021-09-23 20:42:24.832504,43
2021-09-23 20:42:24.832511,60
2021-09-23 20:42:24.832517,110
2021-09-23 20:42:25.057230,110
2021-09-23 20:42:25.057248,69
2021-09-23 20:42:25.057256,81
2021-09-23 20:42:25.057262,125
2021-09-23 20:42:25.057268,115
2021-09-23 20:42:25.057275,69
2021-09-23 20:42:25.057281,76
2021-09-23 20:42:25.057287,86
2021-09-23 20:42:25.057293,69
2021-09-23 20:42:25.057299,74
2021-09-23 20:42:25.057305,81
2021-09-23 20:42:25.057311,45
2021-09-23 20:42:25.057317,-7
2021-09-23 20:42:25.057323,-26
2021-09-23 20:42:25.057329,-24
2021-09-23 20:42:25.057335,-36
2021-09-23 20:42:25.057341,-36
2021-09-23 20:42:25.057347,-31
2021-09-23 20:42:25.057353,-52
2021-09-23 20:42:25.057359,-60
2021-09-23 20:42:25.057365,-43
2021-09-23 20:42:25.057371,-36
2021-09-23 20:42:25.057377,-31
2021-09-23 20:42:25.057382,-43
2021-09-23 20:42:25.057388,-74
2021-09-23 20:42:25.057394,-14
2021-09-23 20:42:25.057400,81
2021-09-23 20:42:25.057406,48
2021-09-23 20:42:25.057412,-2
2021-09-23 20:42:25.057418,28
2021-09-23 20:42:25.327290,21
2021-09-23 20:42:25.327311,-21
2021-09-23 20:42:25.327318,-9
2021-09-23 20:42:25.327325,48
2021-09-23 20:42:25.327331,50
2021-09-23 20:42:25.327337,21
2021-09-23 20:42:25.327343,28
2021-09-23 20:42:25.327349,16
2021-09-23 20:42:25.327355,-21
2021-09-23 20:42:25.327370,-31
2021-09-23 20:42:25.327377,0
2021-09-23 20:42:25.327383,38
2021-09-23 20:42:25.327389,33
2021-09-23 20:42:25.327395,0
2021-09-23 20:42:25.327401,-7
2021-09-23 20:42:25.327407,0
2021-09-23 20:42:25.327412,-2
2021-09-23 20:42:25.327418,-7
2021-09-23 20:42:25.327424,-12
2021-09-23 20:42:25.327430,-43
2021-09-23 20:42:25.327436,-76
2021-09-23 20:42:25.327442,-24
2021-09-23 20:42:25.327448,60
2021-09-23 20:42:25.327454,45
2021-09-23 20:42:25.327460,4
2021-09-23 20:42:25.327466,24
2021-09-23 20:42:25.327472,38
2021-09-23 20:42:25.327478,28
2021-09-23 20:42:25.327484,19
2021-09-23 20:42:25.327490,4
2021-09-23 20:42:25.552264,-4
2021-09-23 20:42:25.552284,7
2021-09-23 20:42:25.552291,36
2021-09-23 20:42:25.552298,72
2021-09-23 20:42:25.552304,214
2021-09-23 20:42:25.552310,543
2021-09-23 20:42:25.552316,925
2021-09-23 20:42:25.552322,793
2021-09-23 20:42:25.552329,-52
2021-09-23 20:42:25.552335,-490
2021-09-23 20:42:25.552341,-134
2021-09-23 20:42:25.552347,7
2021-09-23 20:42:25.552353,-144
2021-09-23 20:42:25.552359,-91
2021-09-23 20:42:25.552365,-24
2021-09-23 20:42:25.552372,-52
2021-09-23 20:42:25.552378,-19
2021-09-23 20:42:25.552384,4
2021-09-23 20:42:25.552390,-40
2021-09-23 20:42:25.552396,-31
2021-09-23 20:42:25.552402,7
2021-09-23 20:42:25.552408,14
2021-09-23 20:42:25.552414,38
2021-09-23 20:42:25.552421,57
2021-09-23 20:42:25.552427,33
2021-09-23 20:42:25.552433,28
2021-09-23 20:42:25.552439,43
2021-09-23 20:42:25.552445,40
2021-09-23 20:42:25.552451,60
2021-09-23 20:42:25.552458,88
2021-09-23 20:42:25.822336,98
2021-09-23 20:42:25.822359,103
2021-09-23 20:42:25.822367,103
2021-09-23 20:42:25.822374,105
2021-09-23 20:42:25.822381,127
2021-09-23 20:42:25.822387,110
2021-09-23 20:42:25.822394,40
2021-09-23 20:42:25.822400,19
2021-09-23 20:42:25.822407,48
2021-09-23 20:42:25.822413,45
2021-09-23 20:42:25.822420,12
2021-09-23 20:42:25.822426,4
2021-09-23 20:42:25.822433,-9
2021-09-23 20:42:25.822439,-48
2021-09-23 20:42:25.822446,-33
2021-09-23 20:42:25.822452,4
2021-09-23 20:42:25.822459,-16
2021-09-23 20:42:25.822465,-84
2021-09-23 20:42:25.822472,-98
2021-09-23 20:42:25.822478,-52
2021-09-23 20:42:25.822485,-38
2021-09-23 20:42:25.822491,-28
2021-09-23 20:42:25.822497,12
2021-09-23 20:42:25.822504,24
2021-09-23 20:42:25.822510,2
2021-09-23 20:42:25.822516,-9
2021-09-23 20:42:25.822523,0
2021-09-23 20:42:25.822529,9
2021-09-23 20:42:25.822536,-4
2021-09-23 20:42:25.822542,-2
2021-09-23 20:42:25.957253,21
2021-09-23 20:42:25.957273,14
2021-09-23 20:42:25.957280,2
2021-09-23 20:42:25.957287,36
2021-09-23 20:42:25.957293,62
2021-09-23 20:42:25.957299,45
2021-09-23 20:42:25.957305,21
2021-09-23 20:42:25.957312,7
2021-09-23 20:42:25.957318,9
2021-09-23 20:42:25.957324,14
2021-09-23 20:42:25.957330,9
2021-09-23 20:42:25.957336,9
2021-09-23 20:42:25.957343,7
2021-09-23 20:42:25.957349,21
2021-09-23 20:42:25.957355,62
2021-09-23 20:42:25.957361,48
2021-09-23 20:42:25.957367,4
2021-09-23 20:42:25.957373,2
2021-09-23 20:42:25.957379,-21
2021-09-23 20:42:25.957394,-93
2021-09-23 20:42:25.957401,-84
2021-09-23 20:42:25.957407,16
2021-09-23 20:42:25.957413,52
2021-09-23 20:42:25.957420,21
2021-09-23 20:42:25.957426,24
2021-09-23 20:42:25.957432,33
2021-09-23 20:42:25.957438,9
2021-09-23 20:42:25.957444,-33
2021-09-23 20:42:25.957450,-43
2021-09-23 20:42:25.957456,7
2021-09-23 20:42:26.226764,40
2021-09-23 20:42:26.226786,26
2021-09-23 20:42:26.226793,108
2021-09-23 20:42:26.226800,404
2021-09-23 20:42:26.226806,798
2021-09-23 20:42:26.226812,853
2021-09-23 20:42:26.226818,149
2021-09-23 20:42:26.226836,-591
2021-09-23 20:42:26.226842,-420
2021-09-23 20:42:26.226848,-45
2021-09-23 20:42:26.226854,-113
2021-09-23 20:42:26.226860,-139
2021-09-23 20:42:26.226866,-33
2021-09-23 20:42:26.226872,-33
2021-09-23 20:42:26.226878,-36
2021-09-23 20:42:26.226884,2
2021-09-23 20:42:26.226890,0
2021-09-23 20:42:26.226896,-16
2021-09-23 20:42:26.226902,-4
2021-09-23 20:42:26.226908,7
2021-09-23 20:42:26.226914,7
2021-09-23 20:42:26.226920,7
2021-09-23 20:42:26.226926,12
2021-09-23 20:42:26.226932,21
2021-09-23 20:42:26.226938,31
2021-09-23 20:42:26.226944,38
2021-09-23 20:42:26.226950,40
2021-09-23 20:42:26.226956,57
2021-09-23 20:42:26.226962,88
2021-09-23 20:42:26.226968,93
2021-09-23 20:42:26.451036,62
2021-09-23 20:42:26.451061,50
2021-09-23 20:42:26.451068,64
2021-09-23 20:42:26.451075,50
2021-09-23 20:42:26.451081,33
2021-09-23 20:42:26.451087,28
2021-09-23 20:42:26.451093,14
2021-09-23 20:42:26.451100,-4
2021-09-23 20:42:26.451106,-16
2021-09-23 20:42:26.451122,-21
2021-09-23 20:42:26.451129,-26
2021-09-23 20:42:26.451136,-40
2021-09-23 20:42:26.451142,-48
2021-09-23 20:42:26.451148,-50
2021-09-23 20:42:26.451154,-76
2021-09-23 20:42:26.451160,-103
2021-09-23 20:42:26.451167,-125
2021-09-23 20:42:26.451173,-125
2021-09-23 20:42:26.451179,-86
2021-09-23 20:42:26.451185,-43
2021-09-23 20:42:26.451191,-26
2021-09-23 20:42:26.451198,-33
2021-09-23 20:42:26.451204,-36
2021-09-23 20:42:26.451210,-38
2021-09-23 20:42:26.451217,-43
2021-09-23 20:42:26.451224,-36
2021-09-23 20:42:26.451230,-19
2021-09-23 20:42:26.451236,-12
2021-09-23 20:42:26.451243,-9
2021-09-23 20:42:26.451249,-16
2021-09-23 20:42:26.632427,-21
2021-09-23 20:42:26.632449,-21
2021-09-23 20:42:26.632457,-38
2021-09-23 20:42:26.632463,-50
2021-09-23 20:42:26.632469,-14
2021-09-23 20:42:26.632476,19
2021-09-23 20:42:26.632482,2
2021-09-23 20:42:26.632488,-7
2021-09-23 20:42:26.632494,4
2021-09-23 20:42:26.632500,-7
2021-09-23 20:42:26.632507,-21
2021-09-23 20:42:26.632513,-7
2021-09-23 20:42:26.632549,12
2021-09-23 20:42:26.632555,26
2021-09-23 20:42:26.632562,31
2021-09-23 20:42:26.632568,9
2021-09-23 20:42:26.632574,-7
2021-09-23 20:42:26.632580,2
2021-09-23 20:42:26.632586,12
2021-09-23 20:42:26.632592,16
2021-09-23 20:42:26.632598,19
2021-09-23 20:42:26.632604,21
2021-09-23 20:42:26.632610,28
2021-09-23 20:42:26.632616,45
2021-09-23 20:42:26.632622,45
2021-09-23 20:42:26.632628,21
2021-09-23 20:42:26.632635,9
2021-09-23 20:42:26.632640,16
2021-09-23 20:42:26.632647,31
2021-09-23 20:42:26.632673,43
2021-09-23 20:42:26.902358,50
2021-09-23 20:42:26.902379,79
2021-09-23 20:42:26.902387,221
2021-09-23 20:42:26.902393,560
2021-09-23 20:42:26.902399,1002
2021-09-23 20:42:26.902405,928
2021-09-23 20:42:26.902411,-14
2021-09-23 20:42:26.902417,-598
2021-09-23 20:42:26.902424,-202
2021-09-23 20:42:26.902430,31
2021-09-23 20:42:26.902435,-132
2021-09-23 20:42:26.902441,-79
2021-09-23 20:42:26.902447,24
2021-09-23 20:42:26.902454,-19
2021-09-23 20:42:26.902460,-26
2021-09-23 20:42:26.902466,7
2021-09-23 20:42:26.902472,4
2021-09-23 20:42:26.902478,7
2021-09-23 20:42:26.902483,33
2021-09-23 20:42:26.902489,43
2021-09-23 20:42:26.902495,36
2021-09-23 20:42:26.902501,43
2021-09-23 20:42:26.902507,60
2021-09-23 20:42:26.902513,69
2021-09-23 20:42:26.902519,81
2021-09-23 20:42:26.902525,93
2021-09-23 20:42:26.902531,91
2021-09-23 20:42:26.902537,88
2021-09-23 20:42:26.902543,91
2021-09-23 20:42:26.902549,81
2021-09-23 20:42:27.127351,86
2021-09-23 20:42:27.127373,101
2021-09-23 20:42:27.127381,84
2021-09-23 20:42:27.127388,52
2021-09-23 20:42:27.127394,43
2021-09-23 20:42:27.127401,40
2021-09-23 20:42:27.127407,36
2021-09-23 20:42:27.127414,28
2021-09-23 20:42:27.127420,-2
2021-09-23 20:42:27.127427,-36
2021-09-23 20:42:27.127433,-33
2021-09-23 20:42:27.127439,-33
2021-09-23 20:42:27.127445,-45
2021-09-23 20:42:27.127451,-50
2021-09-23 20:42:27.127458,-57
2021-09-23 20:42:27.127463,-60
2021-09-23 20:42:27.127469,-33
2021-09-23 20:42:27.127476,-24
2021-09-23 20:42:27.127482,-36
2021-09-23 20:42:27.127495,-26
2021-09-23 20:42:27.127502,-12
2021-09-23 20:42:27.127508,-4
2021-09-23 20:42:27.127514,2
2021-09-23 20:42:27.127520,2
2021-09-23 20:42:27.127526,0
2021-09-23 20:42:27.127532,2
2021-09-23 20:42:27.127538,2
2021-09-23 20:42:27.127544,0
2021-09-23 20:42:27.127550,-7
2021-09-23 20:42:27.127556,-21
2021-09-23 20:42:27.352333,-19
2021-09-23 20:42:27.352353,-2
2021-09-23 20:42:27.352360,-4
2021-09-23 20:42:27.352367,-16
2021-09-23 20:42:27.352373,-14
2021-09-23 20:42:27.352379,-19
2021-09-23 20:42:27.352385,-36
2021-09-23 20:42:27.352391,-57
2021-09-23 20:42:27.352397,-55
2021-09-23 20:42:27.352403,-9
2021-09-23 20:42:27.352409,19
2021-09-23 20:42:27.352416,14
2021-09-23 20:42:27.352422,19
2021-09-23 20:42:27.352428,12
2021-09-23 20:42:27.352433,-16
2021-09-23 20:42:27.352439,-14
2021-09-23 20:42:27.352445,0
2021-09-23 20:42:27.352451,4
2021-09-23 20:42:27.352457,7
2021-09-23 20:42:27.352463,-2
2021-09-23 20:42:27.352469,-16
2021-09-23 20:42:27.352475,-9
2021-09-23 20:42:27.352481,-4
2021-09-23 20:42:27.352487,-4
2021-09-23 20:42:27.352493,26
2021-09-23 20:42:27.352499,48
2021-09-23 20:42:27.352505,38
2021-09-23 20:42:27.352511,24
2021-09-23 20:42:27.352517,9
2021-09-23 20:42:27.352523,0
2021-09-23 20:42:27.622312,0
2021-09-23 20:42:27.622333,12
2021-09-23 20:42:27.622340,24
2021-09-23 20:42:27.622347,55
2021-09-23 20:42:27.622353,218
2021-09-23 20:42:27.622359,625
2021-09-23 20:42:27.622365,1135
2021-09-23 20:42:27.622371,901
2021-09-23 20:42:27.622377,-202
2021-09-23 20:42:27.622383,-615
2021-09-23 20:42:27.622390,-132
2021-09-23 20:42:27.622396,-31
2021-09-23 20:42:27.622402,-206
2021-09-23 20:42:27.622408,-120
2021-09-23 20:42:27.622414,-79
2021-09-23 20:42:27.622420,-180
2021-09-23 20:42:27.622426,-170
2021-09-23 20:42:27.622432,-122
2021-09-23 20:42:27.622439,-153
2021-09-23 20:42:27.622445,-156
2021-09-23 20:42:27.622451,-108
2021-09-23 20:42:27.622457,-84
2021-09-23 20:42:27.622463,-74
2021-09-23 20:42:27.622469,-52
2021-09-23 20:42:27.622475,-33
2021-09-23 20:42:27.622481,-26
2021-09-23 20:42:27.622487,-21
2021-09-23 20:42:27.622493,-2
2021-09-23 20:42:27.622499,14
2021-09-23 20:42:27.622505,19
2021-09-23 20:42:27.802330,26
2021-09-23 20:42:27.802351,36
2021-09-23 20:42:27.802358,40
2021-09-23 20:42:27.802365,48
2021-09-23 20:42:27.802371,45
2021-09-23 20:42:27.802377,24
2021-09-23 20:42:27.802383,-2
2021-09-23 20:42:27.802389,-12
2021-09-23 20:42:27.802395,-16
2021-09-23 20:42:27.802401,-36
2021-09-23 20:42:27.802407,-48
2021-09-23 20:42:27.802413,-50
2021-09-23 20:42:27.802420,-72
2021-09-23 20:42:27.802426,-91
2021-09-23 20:42:27.802432,-91
2021-09-23 20:42:27.802438,-93
2021-09-23 20:42:27.802444,-103
2021-09-23 20:42:27.802450,-105
2021-09-23 20:42:27.802456,-96
2021-09-23 20:42:27.802462,-81
2021-09-23 20:42:27.802468,-72
2021-09-23 20:42:27.802474,-64
2021-09-23 20:42:27.802480,-50
2021-09-23 20:42:27.802486,-36
2021-09-23 20:42:27.802492,-38
2021-09-23 20:42:27.802498,-31
2021-09-23 20:42:27.802504,-16
2021-09-23 20:42:27.802510,-21
2021-09-23 20:42:27.802516,-28
2021-09-23 20:42:27.802528,-24
2021-09-23 20:42:28.027345,-19
2021-09-23 20:42:28.027367,-26
2021-09-23 20:42:28.027375,-38
2021-09-23 20:42:28.027381,-43
2021-09-23 20:42:28.027388,-36
2021-09-23 20:42:28.027394,-33
2021-09-23 20:42:28.027400,-38
2021-09-23 20:42:28.027406,-48
2021-09-23 20:42:28.027413,-48
2021-09-23 20:42:28.027427,-52
2021-09-23 20:42:28.027433,-67
2021-09-23 20:42:28.027440,-57
2021-09-23 20:42:28.027446,-40
2021-09-23 20:42:28.027452,-43
2021-09-23 20:42:28.027458,-40
2021-09-23 20:42:28.027464,-31
2021-09-23 20:42:28.027471,-36
2021-09-23 20:42:28.027522,-55
2021-09-23 20:42:28.027533,-50
2021-09-23 20:42:28.027540,-28
2021-09-23 20:42:28.027546,-16
2021-09-23 20:42:28.027553,-7
2021-09-23 20:42:28.027573,24
2021-09-23 20:42:28.027580,161
2021-09-23 20:42:28.027586,526
2021-09-23 20:42:28.027592,1007
2021-09-23 20:42:28.027598,880
2021-09-23 20:42:28.027604,-175
2021-09-23 20:42:28.027611,-750
2021-09-23 20:42:28.027617,-240
2021-09-23 20:42:28.252348,24
2021-09-23 20:42:28.252369,-151
2021-09-23 20:42:28.252376,-76
2021-09-23 20:42:28.252383,21
2021-09-23 20:42:28.252389,-40
2021-09-23 20:42:28.252395,-40
2021-09-23 20:42:28.252402,2
2021-09-23 20:42:28.252408,-16
2021-09-23 20:42:28.252414,-21
2021-09-23 20:42:28.252420,12
2021-09-23 20:42:28.252426,14
2021-09-23 20:42:28.252432,4
2021-09-23 20:42:28.252438,28
2021-09-23 20:42:28.252444,50
2021-09-23 20:42:28.252450,50
2021-09-23 20:42:28.252456,62
2021-09-23 20:42:28.252462,74
2021-09-23 20:42:28.252467,84
2021-09-23 20:42:28.252473,93
2021-09-23 20:42:28.252488,103
2021-09-23 20:42:28.252495,113
2021-09-23 20:42:28.252501,110
2021-09-23 20:42:28.252507,96
2021-09-23 20:42:28.252513,84
2021-09-23 20:42:28.252519,69
2021-09-23 20:42:28.252525,50
2021-09-23 20:42:28.252531,31
2021-09-23 20:42:28.252537,9
2021-09-23 20:42:28.252543,-12
2021-09-23 20:42:28.252549,-43
2021-09-23 20:42:28.521004,-72
2021-09-23 20:42:28.521025,-79
2021-09-23 20:42:28.521032,-86
2021-09-23 20:42:28.521039,-103
2021-09-23 20:42:28.521045,-115
2021-09-23 20:42:28.521051,-120
2021-09-23 20:42:28.521057,-117
2021-09-23 20:42:28.521063,-105
2021-09-23 20:42:28.521069,-96
2021-09-23 20:42:28.521075,-91
2021-09-23 20:42:28.521081,-81
2021-09-23 20:42:28.521087,-57
2021-09-23 20:42:28.521093,-45
2021-09-23 20:42:28.521099,-45
2021-09-23 20:42:28.521105,-40
2021-09-23 20:42:28.521111,-33
2021-09-23 20:42:28.521118,-31
2021-09-23 20:42:28.521131,-33
2021-09-23 20:42:28.521138,-33
2021-09-23 20:42:28.521144,-28
2021-09-23 20:42:28.521150,-40
2021-09-23 20:42:28.521156,-52
2021-09-23 20:42:28.521163,-45
2021-09-23 20:42:28.521169,-40
2021-09-23 20:42:28.521175,-43
2021-09-23 20:42:28.521181,-33
2021-09-23 20:42:28.521187,-24
2021-09-23 20:42:28.521193,-28
2021-09-23 20:42:28.521199,-33
2021-09-23 20:42:28.521205,-28
2021-09-23 20:42:28.747355,-31
2021-09-23 20:42:28.747377,-31
2021-09-23 20:42:28.747385,-12
2021-09-23 20:42:28.747391,-9
2021-09-23 20:42:28.747398,-19
2021-09-23 20:42:28.747404,-7
2021-09-23 20:42:28.747411,7
2021-09-23 20:42:28.747417,-9
2021-09-23 20:42:28.747423,-28
2021-09-23 20:42:28.747429,-33
2021-09-23 20:42:28.747436,-24
2021-09-23 20:42:28.747442,-12
2021-09-23 20:42:28.747448,4
2021-09-23 20:42:28.747454,33
2021-09-23 20:42:28.747460,182
2021-09-23 20:42:28.747466,562
2021-09-23 20:42:28.747473,1036
2021-09-23 20:42:28.747479,921
2021-09-23 20:42:28.747485,-50
2021-09-23 20:42:28.747491,-596
2021-09-23 20:42:28.747497,-177
2021-09-23 20:42:28.747503,26
2021-09-23 20:42:28.747509,-163
2021-09-23 20:42:28.747515,-120
2021-09-23 20:42:28.747521,-26
2021-09-23 20:42:28.747527,-60
2021-09-23 20:42:28.747533,-50
2021-09-23 20:42:28.747539,-16
2021-09-23 20:42:28.747545,-26
2021-09-23 20:42:28.747552,-26
2021-09-23 20:42:28.972303,0
2021-09-23 20:42:28.972323,9
2021-09-23 20:42:28.972330,9
2021-09-23 20:42:28.972336,19
2021-09-23 20:42:28.972343,26
2021-09-23 20:42:28.972349,33
2021-09-23 20:42:28.972355,52
2021-09-23 20:42:28.972361,72
2021-09-23 20:42:28.972367,76
2021-09-23 20:42:28.972373,62
2021-09-23 20:42:28.972379,60
2021-09-23 20:42:28.972385,86
2021-09-23 20:42:28.972391,98
2021-09-23 20:42:28.972397,86
2021-09-23 20:42:28.972403,72
2021-09-23 20:42:28.972409,57
2021-09-23 20:42:28.972415,50
2021-09-23 20:42:28.972421,38
2021-09-23 20:42:28.972427,24
2021-09-23 20:42:28.972433,12
2021-09-23 20:42:28.972439,-12
2021-09-23 20:42:28.972445,-45
2021-09-23 20:42:28.972451,-74
2021-09-23 20:42:28.972457,-81
2021-09-23 20:42:28.972463,-74
2021-09-23 20:42:28.972469,-79
2021-09-23 20:42:28.972475,-91
2021-09-23 20:42:28.972481,-81
2021-09-23 20:42:28.972487,-60
2021-09-23 20:42:28.972500,-50
2021-09-23 20:42:29.197389,-50
2021-09-23 20:42:29.197410,-45
2021-09-23 20:42:29.197418,-38
2021-09-23 20:42:29.197425,-40
2021-09-23 20:42:29.197431,-31
2021-09-23 20:42:29.197437,-16
2021-09-23 20:42:29.197443,-16
2021-09-23 20:42:29.197449,-24
2021-09-23 20:42:29.197455,-21
2021-09-23 20:42:29.197462,-21
2021-09-23 20:42:29.197468,-33
2021-09-23 20:42:29.197474,-33
2021-09-23 20:42:29.197480,-24
2021-09-23 20:42:29.197486,-19
2021-09-23 20:42:29.197492,-28
2021-09-23 20:42:29.197498,-43
2021-09-23 20:42:29.197504,-50
2021-09-23 20:42:29.197510,-43
2021-09-23 20:42:29.197516,-38
2021-09-23 20:42:29.197522,-26
2021-09-23 20:42:29.197529,-2
2021-09-23 20:42:29.197534,-4
2021-09-23 20:42:29.197540,-19
2021-09-23 20:42:29.197546,-4
2021-09-23 20:42:29.197552,-7
2021-09-23 20:42:29.197558,-48
2021-09-23 20:42:29.197564,-50
2021-09-23 20:42:29.197570,-21
2021-09-23 20:42:29.197576,-19
2021-09-23 20:42:29.197582,-19
2021-09-23 20:42:29.422291,12
2021-09-23 20:42:29.422311,108
2021-09-23 20:42:29.422319,382
2021-09-23 20:42:29.422325,851
2021-09-23 20:42:29.422332,1082
2021-09-23 20:42:29.422338,360
2021-09-23 20:42:29.422344,-644
2021-09-23 20:42:29.422350,-538
2021-09-23 20:42:29.422356,-16
2021-09-23 20:42:29.422362,-91
2021-09-23 20:42:29.422368,-165
2021-09-23 20:42:29.422375,-2
2021-09-23 20:42:29.422381,7
2021-09-23 20:42:29.422387,-55
2021-09-23 20:42:29.422393,-33
2021-09-23 20:42:29.422399,-16
2021-09-23 20:42:29.422405,-16
2021-09-23 20:42:29.422411,7
2021-09-23 20:42:29.422417,9
2021-09-23 20:42:29.422430,-12
2021-09-23 20:42:29.422437,4
2021-09-23 20:42:29.422446,36
2021-09-23 20:42:29.422452,57
2021-09-23 20:42:29.422458,74
2021-09-23 20:42:29.422464,72
2021-09-23 20:42:29.422470,69
2021-09-23 20:42:29.422476,84
2021-09-23 20:42:29.422482,93
2021-09-23 20:42:29.422488,110
2021-09-23 20:42:29.422494,137
2021-09-23 20:42:29.647542,139
2021-09-23 20:42:29.647562,120
2021-09-23 20:42:29.647569,115
2021-09-23 20:42:29.647575,101
2021-09-23 20:42:29.647581,62
2021-09-23 20:42:29.647586,19
2021-09-23 20:42:29.647592,2
2021-09-23 20:42:29.647598,2
2021-09-23 20:42:29.647604,-14
2021-09-23 20:42:29.647610,-26
2021-09-23 20:42:29.647616,-12
2021-09-23 20:42:29.647622,-24
2021-09-23 20:42:29.647628,-72
2021-09-23 20:42:29.647634,-91
2021-09-23 20:42:29.647640,-69
2021-09-23 20:42:29.647646,-67
2021-09-23 20:42:29.647652,-72
2021-09-23 20:42:29.647658,-60
2021-09-23 20:42:29.647664,-74
2021-09-23 20:42:29.647670,-101
2021-09-23 20:42:29.647676,-81
2021-09-23 20:42:29.647682,-55
2021-09-23 20:42:29.647688,-40
2021-09-23 20:42:29.647694,-16
2021-09-23 20:42:29.647700,-19
2021-09-23 20:42:29.647706,-48
2021-09-23 20:42:29.647712,-31
2021-09-23 20:42:29.647718,4
2021-09-23 20:42:29.647724,21
2021-09-23 20:42:29.647730,26
2021-09-23 20:42:29.872930,-16
2021-09-23 20:42:29.872949,-64
2021-09-23 20:42:29.872957,-28
2021-09-23 20:42:29.872963,-2
2021-09-23 20:42:29.872970,-26
2021-09-23 20:42:29.872976,7
2021-09-23 20:42:29.872982,62
2021-09-23 20:42:29.872988,52
2021-09-23 20:42:29.872993,21
2021-09-23 20:42:29.873000,28
2021-09-23 20:42:29.873006,26
2021-09-23 20:42:29.873012,-16
2021-09-23 20:42:29.873018,-36
2021-09-23 20:42:29.873024,26
2021-09-23 20:42:29.873029,76
2021-09-23 20:42:29.873035,88
2021-09-23 20:42:29.873041,266
2021-09-23 20:42:29.873047,668
2021-09-23 20:42:29.873053,1014
2021-09-23 20:42:29.873059,673
2021-09-23 20:42:29.873064,-312
2021-09-23 20:42:29.873070,-596
2021-09-23 20:42:29.873075,-76
2021-09-23 20:42:29.873080,40
2021-09-23 20:42:29.873085,-110
2021-09-23 20:42:29.873091,-12
2021-09-23 20:42:29.873097,33
2021-09-23 20:42:29.873103,-45
2021-09-23 20:42:29.873108,16
2021-09-23 20:42:29.873114,86
2021-09-23 20:42:30.097454,26
2021-09-23 20:42:30.097474,43
2021-09-23 20:42:30.097482,101
2021-09-23 20:42:30.097488,14
2021-09-23 20:42:30.097495,-16
2021-09-23 20:42:30.097501,84
2021-09-23 20:42:30.097507,108
2021-09-23 20:42:30.097513,88
2021-09-23 20:42:30.097519,127
2021-09-23 20:42:30.097525,110
2021-09-23 20:42:30.097531,67
2021-09-23 20:42:30.097537,122
2021-09-23 20:42:30.097543,156
2021-09-23 20:42:30.097549,127
2021-09-23 20:42:30.097555,117
2021-09-23 20:42:30.097562,125
2021-09-23 20:42:30.097568,182
2021-09-23 20:42:30.097574,192
2021-09-23 20:42:30.097580,60
2021-09-23 20:42:30.097586,12
2021-09-23 20:42:30.097592,60
2021-09-23 20:42:30.097598,7
2021-09-23 20:42:30.097604,-40
2021-09-23 20:42:30.097610,-19
2021-09-23 20:42:30.097616,-64
2021-09-23 20:42:30.097622,-151
2021-09-23 20:42:30.097628,-134
2021-09-23 20:42:30.097634,-64
2021-09-23 20:42:30.097640,-81
2021-09-23 20:42:30.097654,-125
2021-09-23 20:42:30.322373,-79
2021-09-23 20:42:30.322395,-26
2021-09-23 20:42:30.322402,-74
2021-09-23 20:42:30.322409,-98
2021-09-23 20:42:30.322415,-28
2021-09-23 20:42:30.322421,12
2021-09-23 20:42:30.322427,16
2021-09-23 20:42:30.322433,7
2021-09-23 20:42:30.322440,-9
2021-09-23 20:42:30.322446,7
2021-09-23 20:42:30.322452,33
2021-09-23 20:42:30.322458,57
2021-09-23 20:42:30.322464,31
2021-09-23 20:42:30.322470,-81
2021-09-23 20:42:30.322476,-88
2021-09-23 20:42:30.322482,40
2021-09-23 20:42:30.322488,57
2021-09-23 20:42:30.322494,-28
2021-09-23 20:42:30.322501,-4
2021-09-23 20:42:30.322507,26
2021-09-23 20:42:30.322513,-16
2021-09-23 20:42:30.322519,-31
2021-09-23 20:42:30.322525,-33
2021-09-23 20:42:30.322531,-19
2021-09-23 20:42:30.322537,38
2021-09-23 20:42:30.322543,48
2021-09-23 20:42:30.322549,24
2021-09-23 20:42:30.322563,218
2021-09-23 20:42:30.322578,694
2021-09-23 20:42:30.322584,1036
2021-09-23 20:42:30.636163,495
2021-09-23 20:42:30.636185,-565
2021-09-23 20:42:30.636192,-649
2021-09-23 20:42:30.636198,-81
2021-09-23 20:42:30.636205,-50
2021-09-23 20:42:30.636211,-146
2021-09-23 20:42:30.636217,-12
2021-09-23 20:42:30.636223,21
2021-09-23 20:42:30.636229,-19
2021-09-23 20:42:30.636235,-16
2021-09-23 20:42:30.636241,-14
2021-09-23 20:42:30.636247,7
2021-09-23 20:42:30.636254,40
2021-09-23 20:42:30.636260,45
2021-09-23 20:42:30.636266,55
2021-09-23 20:42:30.636272,52
2021-09-23 20:42:30.636278,36
2021-09-23 20:42:30.636284,86
2021-09-23 20:42:30.636290,127
2021-09-23 20:42:30.636296,98
2021-09-23 20:42:30.636303,105
2021-09-23 20:42:30.636309,144
2021-09-23 20:42:30.636315,156
2021-09-23 20:42:30.636321,168
2021-09-23 20:42:30.636327,185
2021-09-23 20:42:30.636333,189
2021-09-23 20:42:30.636339,194
2021-09-23 20:42:30.636346,168
2021-09-23 20:42:30.636352,132
2021-09-23 20:42:30.636358,98
2021-09-23 20:42:30.862399,40
2021-09-23 20:42:30.862420,9
2021-09-23 20:42:30.862427,-2
2021-09-23 20:42:30.862434,-62
2021-09-23 20:42:30.862440,-108
2021-09-23 20:42:30.862447,-96
2021-09-23 20:42:30.862453,-105
2021-09-23 20:42:30.862459,-144
2021-09-23 20:42:30.862465,-132
2021-09-23 20:42:30.862471,-120
2021-09-23 20:42:30.862477,-139
2021-09-23 20:42:30.862483,-113
2021-09-23 20:42:30.862489,-76
2021-09-23 20:42:30.862495,-79
2021-09-23 20:42:30.862501,-57
2021-09-23 20:42:30.862508,-24
2021-09-23 20:42:30.862514,-21
2021-09-23 20:42:30.862520,-33
2021-09-23 20:42:30.862526,-21
2021-09-23 20:42:30.862532,4
2021-09-23 20:42:30.862538,-9
2021-09-23 20:42:30.862544,-48
2021-09-23 20:42:30.862550,-19
2021-09-23 20:42:30.862556,9
2021-09-23 20:42:30.862562,-40
2021-09-23 20:42:30.862569,-52
2021-09-23 20:42:30.862575,-2
2021-09-23 20:42:30.862581,-12
2021-09-23 20:42:30.862587,-31
2021-09-23 20:42:30.862593,16
2021-09-23 20:42:31.042418,28
2021-09-23 20:42:31.042440,-14
2021-09-23 20:42:31.042448,-19
2021-09-23 20:42:31.042454,-19
2021-09-23 20:42:31.042460,-40
2021-09-23 20:42:31.042467,-9
2021-09-23 20:42:31.042473,28
2021-09-23 20:42:31.042479,12
2021-09-23 20:42:31.042484,28
2021-09-23 20:42:31.042498,182
2021-09-23 20:42:31.042504,529
2021-09-23 20:42:31.042511,1048
2021-09-23 20:42:31.042517,1185
2021-09-23 20:42:31.042523,230
2021-09-23 20:42:31.042529,-743
2021-09-23 20:42:31.042535,-413
2021-09-23 20:42:31.042541,69
2021-09-23 20:42:31.042547,-93
2021-09-23 20:42:31.042553,-134
2021-09-23 20:42:31.042559,0
2021-09-23 20:42:31.042565,-40
2021-09-23 20:42:31.042571,-81
2021-09-23 20:42:31.042577,2
2021-09-23 20:42:31.042582,48
2021-09-23 20:42:31.042588,19
2021-09-23 20:42:31.042594,31
2021-09-23 20:42:31.042600,60
2021-09-23 20:42:31.042606,24
2021-09-23 20:42:31.042613,0
2021-09-23 20:42:31.042619,60
2021-09-23 20:42:31.311763,91
2021-09-23 20:42:31.311784,64
2021-09-23 20:42:31.311792,96
2021-09-23 20:42:31.311798,132
2021-09-23 20:42:31.311804,120
2021-09-23 20:42:31.311810,134
2021-09-23 20:42:31.311816,177
2021-09-23 20:42:31.311822,175
2021-09-23 20:42:31.311828,156
2021-09-23 20:42:31.311834,146
2021-09-23 20:42:31.311841,129
2021-09-23 20:42:31.311847,125
2021-09-23 20:42:31.311853,134
2021-09-23 20:42:31.311859,96
2021-09-23 20:42:31.311865,2
2021-09-23 20:42:31.311871,-43
2021-09-23 20:42:31.311877,-4
2021-09-23 20:42:31.311883,-9
2021-09-23 20:42:31.311890,-76
2021-09-23 20:42:31.311896,-105
2021-09-23 20:42:31.311902,-86
2021-09-23 20:42:31.311908,-69
2021-09-23 20:42:31.311914,-57
2021-09-23 20:42:31.311920,-31
2021-09-23 20:42:31.311926,7
2021-09-23 20:42:31.311932,-28
2021-09-23 20:42:31.311938,-96
2021-09-23 20:42:31.311944,-48
2021-09-23 20:42:31.311950,19
2021-09-23 20:42:31.311963,0
2021-09-23 20:42:31.537410,-12
2021-09-23 20:42:31.537431,14
2021-09-23 20:42:31.537439,19
2021-09-23 20:42:31.537446,21
2021-09-23 20:42:31.537453,45
2021-09-23 20:42:31.537460,12
2021-09-23 20:42:31.537467,-55
2021-09-23 20:42:31.537473,-36
2021-09-23 20:42:31.537480,21
2021-09-23 20:42:31.537486,16
2021-09-23 20:42:31.537492,9
2021-09-23 20:42:31.537499,64
2021-09-23 20:42:31.537505,62
2021-09-23 20:42:31.537511,-24
2021-09-23 20:42:31.537518,-19
2021-09-23 20:42:31.537524,55
2021-09-23 20:42:31.537531,52
2021-09-23 20:42:31.537538,-12
2021-09-23 20:42:31.537544,-19
2021-09-23 20:42:31.537550,21
2021-09-23 20:42:31.537557,-9
2021-09-23 20:42:31.537563,-26
2021-09-23 20:42:31.537569,185
2021-09-23 20:42:31.537576,649
2021-09-23 20:42:31.537583,1156
2021-09-23 20:42:31.537589,1012
2021-09-23 20:42:31.537595,-86
2021-09-23 20:42:31.537602,-711
2021-09-23 20:42:31.537609,-233
2021-09-23 20:42:31.537615,21
2021-09-23 20:42:31.717397,-144
2021-09-23 20:42:31.717418,-62
2021-09-23 20:42:31.717426,14
2021-09-23 20:42:31.717432,-64
2021-09-23 20:42:31.717438,-21
2021-09-23 20:42:31.717444,55
2021-09-23 20:42:31.717451,48
2021-09-23 20:42:31.717457,43
2021-09-23 20:42:31.717463,7
2021-09-23 20:42:31.717469,-14
2021-09-23 20:42:31.717475,60
2021-09-23 20:42:31.717481,93
2021-09-23 20:42:31.717487,36
2021-09-23 20:42:31.717493,36
2021-09-23 20:42:31.717499,98
2021-09-23 20:42:31.717505,113
2021-09-23 20:42:31.717511,129
2021-09-23 20:42:31.717517,163
2021-09-23 20:42:31.717523,129
2021-09-23 20:42:31.717529,132
2021-09-23 20:42:31.717536,187
2021-09-23 20:42:31.717542,211
2021-09-23 20:42:31.717548,202
2021-09-23 20:42:31.717554,151
2021-09-23 20:42:31.717560,98
2021-09-23 20:42:31.717566,64
2021-09-23 20:42:31.717572,43
2021-09-23 20:42:31.717578,31
2021-09-23 20:42:31.717584,-24
2021-09-23 20:42:31.717590,-88
2021-09-23 20:42:31.942411,-86
2021-09-23 20:42:31.942432,-69
2021-09-23 20:42:31.942440,-91
2021-09-23 20:42:31.942446,-96
2021-09-23 20:42:31.942452,-81
2021-09-23 20:42:31.942458,-98
2021-09-23 20:42:31.942464,-86
2021-09-23 20:42:31.942470,-60
2021-09-23 20:42:31.942476,-93
2021-09-23 20:42:31.942483,-110
2021-09-23 20:42:31.942489,-67
2021-09-23 20:42:31.942504,-48
2021-09-23 20:42:31.942510,-48
2021-09-23 20:42:31.942516,-2
2021-09-23 20:42:31.942522,19
2021-09-23 20:42:31.942528,-21
2021-09-23 20:42:31.942534,-26
2021-09-23 20:42:31.942540,14
2021-09-23 20:42:31.942546,21
2021-09-23 20:42:31.942552,-9
2021-09-23 20:42:31.942558,-19
2021-09-23 20:42:31.942564,0
2021-09-23 20:42:31.942570,7
2021-09-23 20:42:31.942576,24
2021-09-23 20:42:31.942581,19
2021-09-23 20:42:31.942587,-28
2021-09-23 20:42:31.942593,-28
2021-09-23 20:42:31.942599,16
2021-09-23 20:42:31.942605,16
2021-09-23 20:42:31.942611,24
2021-09-23 20:42:32.167400,43
2021-09-23 20:42:32.167421,19
2021-09-23 20:42:32.167428,9
2021-09-23 20:42:32.167435,9
2021-09-23 20:42:32.167441,-14
2021-09-23 20:42:32.167448,0
2021-09-23 20:42:32.167454,48
2021-09-23 20:42:32.167460,55
2021-09-23 20:42:32.167466,110
2021-09-23 20:42:32.167480,437
2021-09-23 20:42:32.167487,1050
2021-09-23 20:42:32.167493,1368
2021-09-23 20:42:32.167499,548
2021-09-23 20:42:32.167505,-601
2021-09-23 20:42:32.167511,-514
2021-09-23 20:42:32.167517,4
2021-09-23 20:42:32.167524,-103
2021-09-23 20:42:32.167530,-187
2021-09-23 20:42:32.167536,-28
2021-09-23 20:42:32.167542,-14
2021-09-23 20:42:32.167548,-24
2021-09-23 20:42:32.167554,36
2021-09-23 20:42:32.167560,19
2021-09-23 20:42:32.167566,-31
2021-09-23 20:42:32.167572,-19
2021-09-23 20:42:32.167578,45
2021-09-23 20:42:32.167584,74
2021-09-23 20:42:32.167589,48
2021-09-23 20:42:32.167595,38
2021-09-23 20:42:32.167601,40
2021-09-23 20:42:32.437434,50
2021-09-23 20:42:32.437456,88
2021-09-23 20:42:32.437463,115
2021-09-23 20:42:32.437470,105
2021-09-23 20:42:32.437476,110
2021-09-23 20:42:32.437482,144
2021-09-23 20:42:32.437488,168
2021-09-23 20:42:32.437494,194
2021-09-23 20:42:32.437500,209
2021-09-23 20:42:32.437506,161
2021-09-23 20:42:32.437512,132
2021-09-23 20:42:32.437518,149
2021-09-23 20:42:32.437524,96
2021-09-23 20:42:32.437531,24
2021-09-23 20:42:32.437537,0
2021-09-23 20:42:32.437543,-43
2021-09-23 20:42:32.437549,-84
2021-09-23 20:42:32.437556,-67
2021-09-23 20:42:32.437562,-57
2021-09-23 20:42:32.437568,-64
2021-09-23 20:42:32.437574,-55
2021-09-23 20:42:32.437580,-62
2021-09-23 20:42:32.437586,-76
2021-09-23 20:42:32.437592,-69
2021-09-23 20:42:32.437598,-76
2021-09-23 20:42:32.437604,-84
2021-09-23 20:42:32.437610,-57
2021-09-23 20:42:32.437616,-38
2021-09-23 20:42:32.437623,-40
2021-09-23 20:42:32.437634,-31
2021-09-23 20:42:32.705927,-14
2021-09-23 20:42:32.705949,-9
2021-09-23 20:42:32.705956,-28
2021-09-23 20:42:32.705963,-28
2021-09-23 20:42:32.705969,-16
2021-09-23 20:42:32.705975,-24
2021-09-23 20:42:32.705982,-9
2021-09-23 20:42:32.705988,4
2021-09-23 20:42:32.705994,-2
2021-09-23 20:42:32.706000,0
2021-09-23 20:42:32.706006,12
2021-09-23 20:42:32.706012,2
2021-09-23 20:42:32.706018,-14
2021-09-23 20:42:32.706024,-9
2021-09-23 20:42:32.706031,-12
2021-09-23 20:42:32.706037,-26
2021-09-23 20:42:32.706043,-9
2021-09-23 20:42:32.706049,-4
2021-09-23 20:42:32.706055,-19
2021-09-23 20:42:32.706061,9
2021-09-23 20:42:32.706067,24
2021-09-23 20:42:32.706073,0
2021-09-23 20:42:32.706079,26
2021-09-23 20:42:32.706085,60
2021-09-23 20:42:32.706092,24
2021-09-23 20:42:32.706098,12
2021-09-23 20:42:32.706104,36
2021-09-23 20:42:32.706110,19
2021-09-23 20:42:32.706116,9
2021-09-23 20:42:32.706122,43
2021-09-23 20:42:32.932442,64
2021-09-23 20:42:32.932463,38
2021-09-23 20:42:32.932471,24
2021-09-23 20:42:32.932477,146
2021-09-23 20:42:32.932483,509
2021-09-23 20:42:32.932489,1156
2021-09-23 20:42:32.932496,1548
2021-09-23 20:42:32.932502,714
2021-09-23 20:42:32.932508,-543
2021-09-23 20:42:32.932514,-500
2021-09-23 20:42:32.932520,38
2021-09-23 20:42:32.932525,-62
2021-09-23 20:42:32.932532,-137
2021-09-23 20:42:32.932538,-24
2021-09-23 20:42:32.932544,-91
2021-09-23 20:42:32.932550,-117
2021-09-23 20:42:32.932556,-9
2021-09-23 20:42:32.932562,7
2021-09-23 20:42:32.932568,-36
2021-09-23 20:42:32.932574,-16
2021-09-23 20:42:32.932580,26
2021-09-23 20:42:32.932586,31
2021-09-23 20:42:32.932592,48
2021-09-23 20:42:32.932598,93
2021-09-23 20:42:32.932604,79
2021-09-23 20:42:32.932610,28
2021-09-23 20:42:32.932616,79
2021-09-23 20:42:32.932622,141
2021-09-23 20:42:32.932628,108
2021-09-23 20:42:32.932634,108
2021-09-23 20:42:33.112421,158
2021-09-23 20:42:33.112442,165
2021-09-23 20:42:33.112450,158
2021-09-23 20:42:33.112478,168
2021-09-23 20:42:33.112485,170
2021-09-23 20:42:33.112491,170
2021-09-23 20:42:33.112497,122
2021-09-23 20:42:33.112503,43
2021-09-23 20:42:33.112509,45
2021-09-23 20:42:33.112515,62
2021-09-23 20:42:33.112521,12
2021-09-23 20:42:33.112527,-9
2021-09-23 20:42:33.112533,14
2021-09-23 20:42:33.112539,-16
2021-09-23 20:42:33.112545,-69
2021-09-23 20:42:33.112551,-45
2021-09-23 20:42:33.112557,-9
2021-09-23 20:42:33.112563,-36
2021-09-23 20:42:33.112569,-57
2021-09-23 20:42:33.112575,-33
2021-09-23 20:42:33.112581,-52
2021-09-23 20:42:33.112587,-91
2021-09-23 20:42:33.112593,-60
2021-09-23 20:42:33.112599,-31
2021-09-23 20:42:33.112605,-45
2021-09-23 20:42:33.112611,-31
2021-09-23 20:42:33.112616,2
2021-09-23 20:42:33.112623,-9
2021-09-23 20:42:33.112628,-28
2021-09-23 20:42:33.112634,-4
2021-09-23 20:42:33.382504,7
2021-09-23 20:42:33.382525,4
2021-09-23 20:42:33.382532,12
2021-09-23 20:42:33.382539,16
2021-09-23 20:42:33.382546,16
2021-09-23 20:42:33.382552,21
2021-09-23 20:42:33.382557,14
2021-09-23 20:42:33.382562,2
2021-09-23 20:42:33.382567,12
2021-09-23 20:42:33.382609,24
2021-09-23 20:42:33.382614,24
2021-09-23 20:42:33.382619,33
2021-09-23 20:42:33.382624,24
2021-09-23 20:42:33.382629,-9
2021-09-23 20:42:33.382634,-9
2021-09-23 20:42:33.382642,19
2021-09-23 20:42:33.382648,21
2021-09-23 20:42:33.382653,16
2021-09-23 20:42:33.382658,28
2021-09-23 20:42:33.382663,21
2021-09-23 20:42:33.382669,2
2021-09-23 20:42:33.382675,-7
2021-09-23 20:42:33.382680,-7
2021-09-23 20:42:33.382687,-12
2021-09-23 20:42:33.382693,-2
2021-09-23 20:42:33.382699,28
2021-09-23 20:42:33.382704,57
2021-09-23 20:42:33.382709,50
2021-09-23 20:42:33.382714,31
2021-09-23 20:42:33.382719,0
2021-09-23 20:42:33.562425,-28
2021-09-23 20:42:33.562445,-9
2021-09-23 20:42:33.562453,26
2021-09-23 20:42:33.562460,19
2021-09-23 20:42:33.562466,4
2021-09-23 20:42:33.562472,9
2021-09-23 20:42:33.562478,98
2021-09-23 20:42:33.562484,435
2021-09-23 20:42:33.562490,1034
2021-09-23 20:42:33.562497,1305
2021-09-23 20:42:33.562503,461
2021-09-23 20:42:33.562509,-596
2021-09-23 20:42:33.562515,-461
2021-09-23 20:42:33.562521,-12
2021-09-23 20:42:33.562527,-105
2021-09-23 20:42:33.562533,-122
2021-09-23 20:42:33.562539,2
2021-09-23 20:42:33.562546,-31
2021-09-23 20:42:33.562552,-48
2021-09-23 20:42:33.562558,26
2021-09-23 20:42:33.562564,12
2021-09-23 20:42:33.562570,-48
2021-09-23 20:42:33.562576,-21
2021-09-23 20:42:33.562582,4
2021-09-23 20:42:33.562588,-16
2021-09-23 20:42:33.562594,-2
2021-09-23 20:42:33.562600,38
2021-09-23 20:42:33.562606,55
2021-09-23 20:42:33.562612,57
2021-09-23 20:42:33.562625,67
2021-09-23 20:42:33.787424,74
2021-09-23 20:42:33.787445,88
2021-09-23 20:42:33.787453,110
2021-09-23 20:42:33.787459,125
2021-09-23 20:42:33.787465,117
2021-09-23 20:42:33.787471,108
2021-09-23 20:42:33.787477,96
2021-09-23 20:42:33.787483,60
2021-09-23 20:42:33.787489,40
2021-09-23 20:42:33.787495,69
2021-09-23 20:42:33.787502,76
2021-09-23 20:42:33.787508,24
2021-09-23 20:42:33.787514,-19
2021-09-23 20:42:33.787520,-28
2021-09-23 20:42:33.787526,-50
2021-09-23 20:42:33.787532,-76
2021-09-23 20:42:33.787538,-79
2021-09-23 20:42:33.787544,-69
2021-09-23 20:42:33.787550,-60
2021-09-23 20:42:33.787556,-69
2021-09-23 20:42:33.787562,-93
2021-09-23 20:42:33.787568,-81
2021-09-23 20:42:33.787574,-50
2021-09-23 20:42:33.787580,-45
2021-09-23 20:42:33.787586,-45
2021-09-23 20:42:33.787592,-45
2021-09-23 20:42:33.787598,-69
2021-09-23 20:42:33.787604,-88
2021-09-23 20:42:33.787610,-84
2021-09-23 20:42:33.787616,-86
2021-09-23 20:42:34.012445,-81
2021-09-23 20:42:34.012468,-64
2021-09-23 20:42:34.012476,-52
2021-09-23 20:42:34.012482,-40
2021-09-23 20:42:34.012488,-31
2021-09-23 20:42:34.012495,-43
2021-09-23 20:42:34.012501,-55
2021-09-23 20:42:34.012507,-50
2021-09-23 20:42:34.012513,-62
2021-09-23 20:42:34.012519,-86
2021-09-23 20:42:34.012525,-86
2021-09-23 20:42:34.012531,-67
2021-09-23 20:42:34.012537,-48
2021-09-23 20:42:34.012543,-45
2021-09-23 20:42:34.012549,-43
2021-09-23 20:42:34.012555,-26
2021-09-23 20:42:34.012561,-12
2021-09-23 20:42:34.012567,-38
2021-09-23 20:42:34.012573,-84
2021-09-23 20:42:34.012579,-98
2021-09-23 20:42:34.012585,-74
2021-09-23 20:42:34.012591,-62
2021-09-23 20:42:34.012597,-57
2021-09-23 20:42:34.012603,-38
2021-09-23 20:42:34.012609,-21
2021-09-23 20:42:34.012615,-4
2021-09-23 20:42:34.012621,-19
2021-09-23 20:42:34.012627,-57
2021-09-23 20:42:34.012633,-69
2021-09-23 20:42:34.012639,-50
2021-09-23 20:42:34.281838,-38
2021-09-23 20:42:34.281858,-38
2021-09-23 20:42:34.281866,-38
2021-09-23 20:42:34.281872,-2
2021-09-23 20:42:34.281879,214
2021-09-23 20:42:34.281885,709
2021-09-23 20:42:34.281891,1161
2021-09-23 20:42:34.281897,776
2021-09-23 20:42:34.281903,-305
2021-09-23 20:42:34.281909,-625
2021-09-23 20:42:34.281915,-170
2021-09-23 20:42:34.281921,-91
2021-09-23 20:42:34.281927,-218
2021-09-23 20:42:34.281933,-117
2021-09-23 20:42:34.281939,-57
2021-09-23 20:42:34.281946,-105
2021-09-23 20:42:34.281952,-86
2021-09-23 20:42:34.281958,-48
2021-09-23 20:42:34.281964,-55
2021-09-23 20:42:34.281970,-38
2021-09-23 20:42:34.281976,-16
2021-09-23 20:42:34.281988,-26
2021-09-23 20:42:34.281995,-19
2021-09-23 20:42:34.282001,9
2021-09-23 20:42:34.282007,19
2021-09-23 20:42:34.282013,19
2021-09-23 20:42:34.282019,31
2021-09-23 20:42:34.282025,38
2021-09-23 20:42:34.282031,45
2021-09-23 20:42:34.282037,69
2021-09-23 20:42:34.507458,96
2021-09-23 20:42:34.507480,113
2021-09-23 20:42:34.507488,125
2021-09-23 20:42:34.507494,127
2021-09-23 20:42:34.507501,120
2021-09-23 20:42:34.507507,110
2021-09-23 20:42:34.507513,91
2021-09-23 20:42:34.507519,72
2021-09-23 20:42:34.507525,50
2021-09-23 20:42:34.507539,19
2021-09-23 20:42:34.507546,-12
2021-09-23 20:42:34.507552,-40
2021-09-23 20:42:34.507558,-50
2021-09-23 20:42:34.507564,-45
2021-09-23 20:42:34.507570,-48
2021-09-23 20:42:34.507576,-64
2021-09-23 20:42:34.507582,-69
2021-09-23 20:42:34.507588,-62
2021-09-23 20:42:34.507595,-52
2021-09-23 20:42:34.507601,-60
2021-09-23 20:42:34.507607,-67
2021-09-23 20:42:34.507613,-60
2021-09-23 20:42:34.507619,-45
2021-09-23 20:42:34.507625,-55
2021-09-23 20:42:34.507631,-79
2021-09-23 20:42:34.507637,-64
2021-09-23 20:42:34.507643,-38
2021-09-23 20:42:34.507649,-45
2021-09-23 20:42:34.507655,-48
2021-09-23 20:42:34.507661,-38
2021-09-23 20:42:34.776106,-36
2021-09-23 20:42:34.776127,-26
2021-09-23 20:42:34.776135,-19
2021-09-23 20:42:34.776141,-26
2021-09-23 20:42:34.776148,-28
2021-09-23 20:42:34.776154,-9
2021-09-23 20:42:34.776160,4
2021-09-23 20:42:34.776167,-2
2021-09-23 20:42:34.776173,-28
2021-09-23 20:42:34.776179,-43
2021-09-23 20:42:34.776185,-33
2021-09-23 20:42:34.776191,-26
2021-09-23 20:42:34.776197,-26
2021-09-23 20:42:34.776203,-33
2021-09-23 20:42:34.776209,-43
2021-09-23 20:42:34.776215,-33
2021-09-23 20:42:34.776221,-24
2021-09-23 20:42:34.776227,-36
2021-09-23 20:42:34.776234,-45
2021-09-23 20:42:34.776240,-50
2021-09-23 20:42:34.776246,-50
2021-09-23 20:42:34.776252,-33
2021-09-23 20:42:34.776258,-26
2021-09-23 20:42:34.776264,-33
2021-09-23 20:42:34.776271,-19
2021-09-23 20:42:34.776277,-4
2021-09-23 20:42:34.776283,-28
2021-09-23 20:42:34.776289,-43
2021-09-23 20:42:34.776295,-33
2021-09-23 20:42:34.776301,-28
2021-09-23 20:42:34.957450,-26
2021-09-23 20:42:34.957471,-19
2021-09-23 20:42:34.957479,0
2021-09-23 20:42:34.957485,161
2021-09-23 20:42:34.957492,598
2021-09-23 20:42:34.957498,1171
2021-09-23 20:42:34.957504,1115
2021-09-23 20:42:34.957510,28
2021-09-23 20:42:34.957516,-699
2021-09-23 20:42:34.957522,-298
2021-09-23 20:42:34.957528,-28
2021-09-23 20:42:34.957534,-216
2021-09-23 20:42:34.957540,-175
2021-09-23 20:42:34.957546,-62
2021-09-23 20:42:34.957552,-105
2021-09-23 20:42:34.957559,-96
2021-09-23 20:42:34.957565,-40
2021-09-23 20:42:34.957571,-36
2021-09-23 20:42:34.957577,-31
2021-09-23 20:42:34.957583,-19
2021-09-23 20:42:34.957589,-40
2021-09-23 20:42:34.957595,-52
2021-09-23 20:42:34.957601,-21
2021-09-23 20:42:34.957607,2
2021-09-23 20:42:34.957613,9
2021-09-23 20:42:34.957619,33
2021-09-23 20:42:34.957626,45
2021-09-23 20:42:34.957632,38
2021-09-23 20:42:34.957638,55
2021-09-23 20:42:34.957644,81
2021-09-23 20:42:35.227449,93
2021-09-23 20:42:35.227470,105
2021-09-23 20:42:35.227478,117
2021-09-23 20:42:35.227485,108
2021-09-23 20:42:35.227491,93
2021-09-23 20:42:35.227497,91
2021-09-23 20:42:35.227503,74
2021-09-23 20:42:35.227509,43
2021-09-23 20:42:35.227515,26
2021-09-23 20:42:35.227521,0
2021-09-23 20:42:35.227528,-36
2021-09-23 20:42:35.227533,-48
2021-09-23 20:42:35.227539,-69
2021-09-23 20:42:35.227546,-101
2021-09-23 20:42:35.227552,-93
2021-09-23 20:42:35.227557,-74
2021-09-23 20:42:35.227564,-98
2021-09-23 20:42:35.227570,-137
2021-09-23 20:42:35.227576,-137
2021-09-23 20:42:35.227588,-113
2021-09-23 20:42:35.227595,-93
2021-09-23 20:42:35.227601,-91
2021-09-23 20:42:35.227607,-93
2021-09-23 20:42:35.227613,-84
2021-09-23 20:42:35.227619,-69
2021-09-23 20:42:35.227625,-60
2021-09-23 20:42:35.227631,-55
2021-09-23 20:42:35.227649,-50
2021-09-23 20:42:35.227656,-48
2021-09-23 20:42:35.227662,-52
2021-09-23 20:42:35.407372,-74
2021-09-23 20:42:35.407393,-103
2021-09-23 20:42:35.407401,-88
2021-09-23 20:42:35.407407,-48
2021-09-23 20:42:35.407413,-57
2021-09-23 20:42:35.407420,-96
2021-09-23 20:42:35.407426,-79
2021-09-23 20:42:35.407432,-24
2021-09-23 20:42:35.407438,19
2021-09-23 20:42:35.407444,31
2021-09-23 20:42:35.407450,24
2021-09-23 20:42:35.407457,26
2021-09-23 20:42:35.407463,14
2021-09-23 20:42:35.407469,-2
2021-09-23 20:42:35.407475,2
2021-09-23 20:42:35.407481,9
2021-09-23 20:42:35.407488,19
2021-09-23 20:42:35.407494,31
2021-09-23 20:42:35.407500,33
2021-09-23 20:42:35.407506,38
2021-09-23 20:42:35.407512,14
2021-09-23 20:42:35.407518,-19
2021-09-23 20:42:35.407524,-9
2021-09-23 20:42:35.407530,2
2021-09-23 20:42:35.407536,-7
2021-09-23 20:42:35.407542,4
2021-09-23 20:42:35.407548,33
2021-09-23 20:42:35.407555,45
2021-09-23 20:42:35.407561,144
2021-09-23 20:42:35.407567,466
2021-09-23 20:42:35.721845,988
2021-09-23 20:42:35.721866,1127
2021-09-23 20:42:35.721873,262
2021-09-23 20:42:35.721880,-615
2021-09-23 20:42:35.721886,-420
2021-09-23 20:42:35.721893,-93
2021-09-23 20:42:35.721899,-209
2021-09-23 20:42:35.721905,-197
2021-09-23 20:42:35.721911,-76
2021-09-23 20:42:35.721918,-72
2021-09-23 20:42:35.721924,-60
2021-09-23 20:42:35.721930,-19
2021-09-23 20:42:35.721936,-24
2021-09-23 20:42:35.721943,-36
2021-09-23 20:42:35.721949,-12
2021-09-23 20:42:35.721955,9
2021-09-23 20:42:35.721961,-4
2021-09-23 20:42:35.721967,-26
2021-09-23 20:42:35.721973,-4
2021-09-23 20:42:35.721979,38
2021-09-23 20:42:35.721986,40
2021-09-23 20:42:35.721992,19
2021-09-23 20:42:35.721998,21
2021-09-23 20:42:35.722004,50
2021-09-23 20:42:35.722010,62
2021-09-23 20:42:35.722016,50
2021-09-23 20:42:35.722022,67
2021-09-23 20:42:35.722028,79
2021-09-23 20:42:35.722035,57
2021-09-23 20:42:35.722041,50
2021-09-23 20:42:35.902465,50
2021-09-23 20:42:35.902487,40
2021-09-23 20:42:35.902494,24
2021-09-23 20:42:35.902501,-28
2021-09-23 20:42:35.902507,-101
2021-09-23 20:42:35.902513,-125
2021-09-23 20:42:35.902519,-96
2021-09-23 20:42:35.902525,-88
2021-09-23 20:42:35.902531,-132
2021-09-23 20:42:35.902537,-161
2021-09-23 20:42:35.902543,-141
2021-09-23 20:42:35.902550,-125
2021-09-23 20:42:35.902555,-132
2021-09-23 20:42:35.902568,-134
2021-09-23 20:42:35.902574,-113
2021-09-23 20:42:35.902581,-108
2021-09-23 20:42:35.902587,-129
2021-09-23 20:42:35.902593,-132
2021-09-23 20:42:35.902599,-108
2021-09-23 20:42:35.902613,-98
2021-09-23 20:42:35.902620,-96
2021-09-23 20:42:35.902626,-84
2021-09-23 20:42:35.902632,-74
2021-09-23 20:42:35.902638,-64
2021-09-23 20:42:35.902644,-62
2021-09-23 20:42:35.902650,-67
2021-09-23 20:42:35.902656,-64
2021-09-23 20:42:35.902662,-55
2021-09-23 20:42:35.902669,-57
2021-09-23 20:42:35.902679,-86
2021-09-23 20:42:36.082467,-74
2021-09-23 20:42:36.082488,-12
2021-09-23 20:42:36.082496,4
2021-09-23 20:42:36.082502,-28
2021-09-23 20:42:36.082509,-43
2021-09-23 20:42:36.082515,-52
2021-09-23 20:42:36.082521,-69
2021-09-23 20:42:36.082527,-60
2021-09-23 20:42:36.082533,-52
2021-09-23 20:42:36.082540,-55
2021-09-23 20:42:36.082546,-38
2021-09-23 20:42:36.082552,-9
2021-09-23 20:42:36.082558,9
2021-09-23 20:42:36.082564,14
2021-09-23 20:42:36.082570,-7
2021-09-23 20:42:36.082576,-33
2021-09-23 20:42:36.082583,-62
2021-09-23 20:42:36.082589,-84
2021-09-23 20:42:36.082595,-33
2021-09-23 20:42:36.082601,38
2021-09-23 20:42:36.082607,40
2021-09-23 20:42:36.082613,81
2021-09-23 20:42:36.082619,319
2021-09-23 20:42:36.082625,776
2021-09-23 20:42:36.082631,1118
2021-09-23 20:42:36.082637,598
2021-09-23 20:42:36.082643,-375
2021-09-23 20:42:36.082649,-435
2021-09-23 20:42:36.082655,-38
2021-09-23 20:42:36.082661,-110
2021-09-23 20:42:36.352477,-113
2021-09-23 20:42:36.352497,79
2021-09-23 20:42:36.352505,7
2021-09-23 20:42:36.352512,-115
2021-09-23 20:42:36.352519,-19
2021-09-23 20:42:36.352525,43
2021-09-23 20:42:36.352532,-24
2021-09-23 20:42:36.352539,-19
2021-09-23 20:42:36.352545,43
2021-09-23 20:42:36.352552,2
2021-09-23 20:42:36.352558,-52
2021-09-23 20:42:36.352564,4
2021-09-23 20:42:36.352570,72
2021-09-23 20:42:36.352576,69
2021-09-23 20:42:36.352582,72
2021-09-23 20:42:36.352588,43
2021-09-23 20:42:36.352594,-31
2021-09-23 20:42:36.352601,-26
2021-09-23 20:42:36.352607,38
2021-09-23 20:42:36.352618,60
2021-09-23 20:42:36.352625,43
2021-09-23 20:42:36.352631,31
2021-09-23 20:42:36.352638,40
2021-09-23 20:42:36.352644,36
2021-09-23 20:42:36.352650,24
2021-09-23 20:42:36.352656,38
2021-09-23 20:42:36.352662,19
2021-09-23 20:42:36.352668,-38
2021-09-23 20:42:36.352674,-45
2021-09-23 20:42:36.352680,-48
2021-09-23 20:42:36.577538,-127
2021-09-23 20:42:36.577558,-170
2021-09-23 20:42:36.577565,-122
2021-09-23 20:42:36.577571,-110
2021-09-23 20:42:36.577578,-108
2021-09-23 20:42:36.577584,-69
2021-09-23 20:42:36.577590,-84
2021-09-23 20:42:36.577625,-98
2021-09-23 20:42:36.577631,-96
2021-09-23 20:42:36.577637,-113
2021-09-23 20:42:36.577643,-38
2021-09-23 20:42:36.577649,48
2021-09-23 20:42:36.577655,14
2021-09-23 20:42:36.577661,-9
2021-09-23 20:42:36.577668,-4
2021-09-23 20:42:36.577674,-16
2021-09-23 20:42:36.577680,-19
2021-09-23 20:42:36.577686,-45
2021-09-23 20:42:36.577692,-86
2021-09-23 20:42:36.577698,-69
2021-09-23 20:42:36.577705,-57
2021-09-23 20:42:36.577711,-60
2021-09-23 20:42:36.577717,-19
2021-09-23 20:42:36.577723,12
2021-09-23 20:42:36.577729,24
2021-09-23 20:42:36.577735,48
2021-09-23 20:42:36.577741,43
2021-09-23 20:42:36.577748,33
2021-09-23 20:42:36.577754,14
2021-09-23 20:42:36.577760,-88
2021-09-23 20:42:36.846130,-110
2021-09-23 20:42:36.846151,57
2021-09-23 20:42:36.846159,105
2021-09-23 20:42:36.846165,9
2021-09-23 20:42:36.846171,38
2021-09-23 20:42:36.846177,110
2021-09-23 20:42:36.846183,48
2021-09-23 20:42:36.846189,-69
2021-09-23 20:42:36.846195,-57
2021-09-23 20:42:36.846202,24
2021-09-23 20:42:36.846208,14
2021-09-23 20:42:36.846214,-9
2021-09-23 20:42:36.846220,93
2021-09-23 20:42:36.846226,377
2021-09-23 20:42:36.846232,769
2021-09-23 20:42:36.846238,937
2021-09-23 20:42:36.846244,408
2021-09-23 20:42:36.846250,-322
2021-09-23 20:42:36.846256,-300
2021-09-23 20:42:36.846262,-19
2021-09-23 20:42:36.846268,-103
2021-09-23 20:42:36.846274,-151
2021-09-23 20:42:36.846280,-50
2021-09-23 20:42:36.846286,-21
2021-09-23 20:42:36.846292,-7
2021-09-23 20:42:36.846298,50
2021-09-23 20:42:36.846304,69
2021-09-23 20:42:36.846310,52
2021-09-23 20:42:36.846316,31
2021-09-23 20:42:36.846322,-2
2021-09-23 20:42:37.027475,-19
2021-09-23 20:42:37.027497,-9
2021-09-23 20:42:37.027504,-14
2021-09-23 20:42:37.027510,-9
2021-09-23 20:42:37.027516,-2
2021-09-23 20:42:37.027522,-16
2021-09-23 20:42:37.027529,28
2021-09-23 20:42:37.027535,93
2021-09-23 20:42:37.027541,81
2021-09-23 20:42:37.027547,64
2021-09-23 20:42:37.027553,103
2021-09-23 20:42:37.027559,117
2021-09-23 20:42:37.027565,76
2021-09-23 20:42:37.027571,67
2021-09-23 20:42:37.027577,79
2021-09-23 20:42:37.027583,26
2021-09-23 20:42:37.027589,-14
2021-09-23 20:42:37.027595,-4
2021-09-23 20:42:37.027601,-38
2021-09-23 20:42:37.027607,-55
2021-09-23 20:42:37.027613,-28
2021-09-23 20:42:37.027619,-69
2021-09-23 20:42:37.027625,-110
2021-09-23 20:42:37.027631,-84
2021-09-23 20:42:37.027637,-64
2021-09-23 20:42:37.027643,-60
2021-09-23 20:42:37.027649,-69
2021-09-23 20:42:37.027655,-88
2021-09-23 20:42:37.027661,-86
2021-09-23 20:42:37.027667,-84
2021-09-23 20:42:37.253013,-93
2021-09-23 20:42:37.253041,-76
2021-09-23 20:42:37.253050,-45
2021-09-23 20:42:37.253056,-33
2021-09-23 20:42:37.253063,-21
2021-09-23 20:42:37.253069,-19
2021-09-23 20:42:37.253075,-55
2021-09-23 20:42:37.253081,-72
2021-09-23 20:42:37.253087,-52
2021-09-23 20:42:37.253094,-57
2021-09-23 20:42:37.253100,-55
2021-09-23 20:42:37.253106,-24
2021-09-23 20:42:37.253112,-31
2021-09-23 20:42:37.253118,-57
2021-09-23 20:42:37.253124,-38
2021-09-23 20:42:37.253131,-12
2021-09-23 20:42:37.253137,-28
2021-09-23 20:42:37.253143,-38
2021-09-23 20:42:37.253149,0
2021-09-23 20:42:37.253155,7
2021-09-23 20:42:37.253161,-43
2021-09-23 20:42:37.253167,-52
2021-09-23 20:42:37.253173,-14
2021-09-23 20:42:37.253180,0
2021-09-23 20:42:37.253186,7
2021-09-23 20:42:37.253192,26
2021-09-23 20:42:37.253198,-4
2021-09-23 20:42:37.253204,-64
2021-09-23 20:42:37.253210,-55
2021-09-23 20:42:37.253216,-7
2021-09-23 20:42:37.477499,0
2021-09-23 20:42:37.477520,4
2021-09-23 20:42:37.477527,24
2021-09-23 20:42:37.477533,108
2021-09-23 20:42:37.477540,348
2021-09-23 20:42:37.477546,716
2021-09-23 20:42:37.477552,916
2021-09-23 20:42:37.477558,389
2021-09-23 20:42:37.477564,-440
2021-09-23 20:42:37.477570,-413
2021-09-23 20:42:37.477576,-26
2021-09-23 20:42:37.477582,-108
2021-09-23 20:42:37.477588,-163
2021-09-23 20:42:37.477594,-26
2021-09-23 20:42:37.477600,7
2021-09-23 20:42:37.477606,19
2021-09-23 20:42:37.477612,19
2021-09-23 20:42:37.477618,2
2021-09-23 20:42:37.477624,21
2021-09-23 20:42:37.477640,12
2021-09-23 20:42:37.477646,12
2021-09-23 20:42:37.477652,43
2021-09-23 20:42:37.477658,43
2021-09-23 20:42:37.477664,45
2021-09-23 20:42:37.477671,55
2021-09-23 20:42:37.477677,7
2021-09-23 20:42:37.477683,14
2021-09-23 20:42:37.477689,134
2021-09-23 20:42:37.477695,125
2021-09-23 20:42:37.477701,31
2021-09-23 20:42:37.702563,96
2021-09-23 20:42:37.702585,170
2021-09-23 20:42:37.702593,108
2021-09-23 20:42:37.702599,96
2021-09-23 20:42:37.702606,141
2021-09-23 20:42:37.702612,96
2021-09-23 20:42:37.702618,36
2021-09-23 20:42:37.702624,62
2021-09-23 20:42:37.702630,55
2021-09-23 20:42:37.702636,-12
2021-09-23 20:42:37.702642,-50
2021-09-23 20:42:37.702648,-43
2021-09-23 20:42:37.702655,-24
2021-09-23 20:42:37.702661,-60
2021-09-23 20:42:37.702667,-129
2021-09-23 20:42:37.702673,-86
2021-09-23 20:42:37.702679,-19
2021-09-23 20:42:37.702686,-57
2021-09-23 20:42:37.702692,-52
2021-09-23 20:42:37.702698,-4
2021-09-23 20:42:37.702704,-57
2021-09-23 20:42:37.702710,-101
2021-09-23 20:42:37.702716,-26
2021-09-23 20:42:37.702722,-7
2021-09-23 20:42:37.702728,-88
2021-09-23 20:42:37.702734,-45
2021-09-23 20:42:37.702740,69
2021-09-23 20:42:37.702746,9
2021-09-23 20:42:37.702753,-81
2021-09-23 20:42:37.702759,-9
2021-09-23 20:42:37.927526,0
2021-09-23 20:42:37.927549,-96
2021-09-23 20:42:37.927556,-40
2021-09-23 20:42:37.927562,16
2021-09-23 20:42:37.927569,-62
2021-09-23 20:42:37.927575,-64
2021-09-23 20:42:37.927581,-19
2021-09-23 20:42:37.927587,-72
2021-09-23 20:42:37.927593,-67
2021-09-23 20:42:37.927599,0
2021-09-23 20:42:37.927606,-21
2021-09-23 20:42:37.927612,-57
2021-09-23 20:42:37.927618,-26
2021-09-23 20:42:37.927624,2
2021-09-23 20:42:37.927630,-24
2021-09-23 20:42:37.927635,-69
2021-09-23 20:42:37.927640,-79
2021-09-23 20:42:37.927645,-72
2021-09-23 20:42:37.927650,-60
2021-09-23 20:42:37.927655,9
2021-09-23 20:42:37.927660,60
2021-09-23 20:42:37.927666,64
2021-09-23 20:42:37.927671,202
2021-09-23 20:42:37.927676,529
2021-09-23 20:42:37.927681,860
2021-09-23 20:42:37.927686,579
2021-09-23 20:42:37.927691,-355
2021-09-23 20:42:37.927696,-625
2021-09-23 20:42:37.927702,-91
2021-09-23 20:42:37.927708,19
2021-09-23 20:42:38.241882,-158
2021-09-23 20:42:38.241904,-55
2021-09-23 20:42:38.241912,16
2021-09-23 20:42:38.241918,-64
2021-09-23 20:42:38.241924,-62
2021-09-23 20:42:38.241931,-26
2021-09-23 20:42:38.241937,-12
2021-09-23 20:42:38.241943,24
2021-09-23 20:42:38.241949,-4
2021-09-23 20:42:38.241954,-57
2021-09-23 20:42:38.241960,-16
2021-09-23 20:42:38.241966,33
2021-09-23 20:42:38.241972,28
2021-09-23 20:42:38.241978,31
2021-09-23 20:42:38.241985,57
2021-09-23 20:42:38.241997,76
2021-09-23 20:42:38.242003,93
2021-09-23 20:42:38.242010,91
2021-09-23 20:42:38.242016,79
2021-09-23 20:42:38.242022,113
2021-09-23 20:42:38.242028,108
2021-09-23 20:42:38.242034,50
2021-09-23 20:42:38.242040,76
2021-09-23 20:42:38.242046,108
2021-09-23 20:42:38.242051,57
2021-09-23 20:42:38.242057,21
2021-09-23 20:42:38.242063,16
2021-09-23 20:42:38.242069,-9
2021-09-23 20:42:38.242076,-36
2021-09-23 20:42:38.242085,-38
2021-09-23 20:42:38.467665,-43
2021-09-23 20:42:38.467687,-69
2021-09-23 20:42:38.467694,-57
2021-09-23 20:42:38.467701,-48
2021-09-23 20:42:38.467707,-105
2021-09-23 20:42:38.467713,-110
2021-09-23 20:42:38.467719,-50
2021-09-23 20:42:38.467725,-38
2021-09-23 20:42:38.467731,-45
2021-09-23 20:42:38.467737,-28
2021-09-23 20:42:38.467743,-16
2021-09-23 20:42:38.467749,-2
2021-09-23 20:42:38.467755,0
2021-09-23 20:42:38.467762,-19
2021-09-23 20:42:38.467768,-31
2021-09-23 20:42:38.467774,-24
2021-09-23 20:42:38.467780,-16
2021-09-23 20:42:38.467786,-2
2021-09-23 20:42:38.467792,4
2021-09-23 20:42:38.467798,-9
2021-09-23 20:42:38.467804,-31
2021-09-23 20:42:38.467810,-48
2021-09-23 20:42:38.467816,-57
2021-09-23 20:42:38.467822,-38
2021-09-23 20:42:38.467828,-9
2021-09-23 20:42:38.467833,-19
2021-09-23 20:42:38.467839,-40
2021-09-23 20:42:38.467846,-16
2021-09-23 20:42:38.467852,-14
2021-09-23 20:42:38.467858,-24
2021-09-23 20:42:38.647450,48
2021-09-23 20:42:38.647474,84
2021-09-23 20:42:38.647482,-4
2021-09-23 20:42:38.647488,-79
2021-09-23 20:42:38.647495,-26
2021-09-23 20:42:38.647501,28
2021-09-23 20:42:38.647507,-28
2021-09-23 20:42:38.647513,-50
2021-09-23 20:42:38.647519,62
2021-09-23 20:42:38.647525,276
2021-09-23 20:42:38.647531,615
2021-09-23 20:42:38.647537,829
2021-09-23 20:42:38.647543,300
2021-09-23 20:42:38.647550,-507
2021-09-23 20:42:38.647556,-442
2021-09-23 20:42:38.647562,-19
2021-09-23 20:42:38.647568,-52
2021-09-23 20:42:38.647574,-120
2021-09-23 20:42:38.647580,-38
2021-09-23 20:42:38.647586,-55
2021-09-23 20:42:38.647592,-64
2021-09-23 20:42:38.647599,2
2021-09-23 20:42:38.647605,2
2021-09-23 20:42:38.647611,-31
2021-09-23 20:42:38.647617,-40
2021-09-23 20:42:38.647623,-31
2021-09-23 20:42:38.647628,-2
2021-09-23 20:42:38.647634,19
2021-09-23 20:42:38.647640,48
2021-09-23 20:42:38.647646,69
2021-09-23 20:42:38.961089,72
2021-09-23 20:42:38.961108,79
2021-09-23 20:42:38.961116,69
2021-09-23 20:42:38.961122,67
2021-09-23 20:42:38.961129,93
2021-09-23 20:42:38.961135,98
2021-09-23 20:42:38.961141,62
2021-09-23 20:42:38.961147,43
2021-09-23 20:42:38.961153,86
2021-09-23 20:42:38.961159,103
2021-09-23 20:42:38.961165,31
2021-09-23 20:42:38.961171,2
2021-09-23 20:42:38.961177,50
2021-09-23 20:42:38.961184,-4
2021-09-23 20:42:38.961190,-110
2021-09-23 20:42:38.961196,-72
2021-09-23 20:42:38.961202,-9
2021-09-23 20:42:38.961209,-64
2021-09-23 20:42:38.961215,-88
2021-09-23 20:42:38.961221,-33
2021-09-23 20:42:38.961227,-57
2021-09-23 20:42:38.961233,-113
2021-09-23 20:42:38.961239,-55
2021-09-23 20:42:38.961245,-9
2021-09-23 20:42:38.961251,-55
2021-09-23 20:42:38.961257,-33
2021-09-23 20:42:38.961263,19
2021-09-23 20:42:38.961269,-26
2021-09-23 20:42:38.961275,-40
2021-09-23 20:42:38.961281,12
2021-09-23 20:42:39.142507,9
2021-09-23 20:42:39.142529,-7
2021-09-23 20:42:39.142536,-21
2021-09-23 20:42:39.142543,-28
2021-09-23 20:42:39.142549,14
2021-09-23 20:42:39.142555,31
2021-09-23 20:42:39.142561,-21
2021-09-23 20:42:39.142567,-48
2021-09-23 20:42:39.142573,-14
2021-09-23 20:42:39.142587,19
2021-09-23 20:42:39.142594,26
2021-09-23 20:42:39.142600,-7
2021-09-23 20:42:39.142607,-62
2021-09-23 20:42:39.142613,-36
2021-09-23 20:42:39.142619,12
2021-09-23 20:42:39.142625,-14
2021-09-23 20:42:39.142631,-33
2021-09-23 20:42:39.142637,-31
2021-09-23 20:42:39.142643,-45
2021-09-23 20:42:39.142649,-38
2021-09-23 20:42:39.142655,-9
2021-09-23 20:42:39.142665,-9
2021-09-23 20:42:39.142747,-2
2021-09-23 20:42:39.142754,36
2021-09-23 20:42:39.142760,101
2021-09-23 20:42:39.142766,351
2021-09-23 20:42:39.142773,808
2021-09-23 20:42:39.142779,805
2021-09-23 20:42:39.142785,-57
2021-09-23 20:42:39.142791,-627
2021-09-23 20:42:39.367518,-230
2021-09-23 20:42:39.367540,26
2021-09-23 20:42:39.367547,-149
2021-09-23 20:42:39.367554,-125
2021-09-23 20:42:39.367560,-31
2021-09-23 20:42:39.367566,-60
2021-09-23 20:42:39.367572,-50
2021-09-23 20:42:39.367579,4
2021-09-23 20:42:39.367585,31
2021-09-23 20:42:39.367591,-2
2021-09-23 20:42:39.367597,-26
2021-09-23 20:42:39.367603,-9
2021-09-23 20:42:39.367609,-24
2021-09-23 20:42:39.367615,-31
2021-09-23 20:42:39.367621,31
2021-09-23 20:42:39.367627,67
2021-09-23 20:42:39.367633,38
2021-09-23 20:42:39.367639,43
2021-09-23 20:42:39.367645,86
2021-09-23 20:42:39.367651,79
2021-09-23 20:42:39.367657,60
2021-09-23 20:42:39.367663,76
2021-09-23 20:42:39.367669,96
2021-09-23 20:42:39.367675,96
2021-09-23 20:42:39.367680,74
2021-09-23 20:42:39.367686,52
2021-09-23 20:42:39.367692,48
2021-09-23 20:42:39.367698,38
2021-09-23 20:42:39.367704,-21
2021-09-23 20:42:39.367721,-84
2021-09-23 20:42:39.547525,-50
2021-09-23 20:42:39.547545,-4
2021-09-23 20:42:39.547552,-69
2021-09-23 20:42:39.547559,-113
2021-09-23 20:42:39.547565,-64
2021-09-23 20:42:39.547571,-55
2021-09-23 20:42:39.547577,-96
2021-09-23 20:42:39.547583,-93
2021-09-23 20:42:39.547590,-74
2021-09-23 20:42:39.547596,-45
2021-09-23 20:42:39.547602,16
2021-09-23 20:42:39.547608,-2
2021-09-23 20:42:39.547614,-57
2021-09-23 20:42:39.547621,-21
2021-09-23 20:42:39.547627,-7
2021-09-23 20:42:39.547633,-45
2021-09-23 20:42:39.547639,-38
2021-09-23 20:42:39.547645,-12
2021-09-23 20:42:39.547651,-21
2021-09-23 20:42:39.547657,-52
2021-09-23 20:42:39.547662,-52
2021-09-23 20:42:39.547668,-26
2021-09-23 20:42:39.547674,-36
2021-09-23 20:42:39.547680,-55
2021-09-23 20:42:39.547686,-9
2021-09-23 20:42:39.547692,19
2021-09-23 20:42:39.547698,-40
2021-09-23 20:42:39.547704,-48
2021-09-23 20:42:39.547710,28
2021-09-23 20:42:39.547716,7
2021-09-23 20:42:39.773005,-55
2021-09-23 20:42:39.773025,-2
2021-09-23 20:42:39.773033,14
2021-09-23 20:42:39.773039,-52
2021-09-23 20:42:39.773046,-26
2021-09-23 20:42:39.773052,48
2021-09-23 20:42:39.773058,9
2021-09-23 20:42:39.773064,-48
2021-09-23 20:42:39.773070,24
2021-09-23 20:42:39.773076,180
2021-09-23 20:42:39.773082,442
2021-09-23 20:42:39.773088,810
2021-09-23 20:42:39.773094,682
2021-09-23 20:42:39.773101,-206
2021-09-23 20:42:39.773107,-625
2021-09-23 20:42:39.773113,-141
2021-09-23 20:42:39.773119,55
2021-09-23 20:42:39.773125,-151
2021-09-23 20:42:39.773131,-105
2021-09-23 20:42:39.773137,-12
2021-09-23 20:42:39.773144,-74
2021-09-23 20:42:39.773150,-50
2021-09-23 20:42:39.773156,24
2021-09-23 20:42:39.773162,2
2021-09-23 20:42:39.773168,-12
2021-09-23 20:42:39.773174,19
2021-09-23 20:42:39.773180,14
2021-09-23 20:42:39.773187,-19
2021-09-23 20:42:39.773193,-19
2021-09-23 20:42:39.773199,19
2021-09-23 20:42:40.042525,28
2021-09-23 20:42:40.042547,45
2021-09-23 20:42:40.042555,79
2021-09-23 20:42:40.042561,64
2021-09-23 20:42:40.042568,57
2021-09-23 20:42:40.042574,96
2021-09-23 20:42:40.042580,105
2021-09-23 20:42:40.042587,79
2021-09-23 20:42:40.042593,52
2021-09-23 20:42:40.042599,12
2021-09-23 20:42:40.042605,-14
2021-09-23 20:42:40.042611,-2
2021-09-23 20:42:40.042617,12
2021-09-23 20:42:40.042623,24
2021-09-23 20:42:40.042629,0
2021-09-23 20:42:40.042635,-81
2021-09-23 20:42:40.042641,-98
2021-09-23 20:42:40.042648,-76
2021-09-23 20:42:40.042653,-115
2021-09-23 20:42:40.042659,-110
2021-09-23 20:42:40.042665,-55
2021-09-23 20:42:40.042672,-74
2021-09-23 20:42:40.042677,-117
2021-09-23 20:42:40.042683,-74
2021-09-23 20:42:40.042689,-21
2021-09-23 20:42:40.042695,-38
2021-09-23 20:42:40.042701,-64
2021-09-23 20:42:40.042718,-64
2021-09-23 20:42:40.042725,-57
2021-09-23 20:42:40.042731,-43
2021-09-23 20:42:40.267508,-4
2021-09-23 20:42:40.267529,7
2021-09-23 20:42:40.267537,-33
2021-09-23 20:42:40.267543,-57
2021-09-23 20:42:40.267549,-43
2021-09-23 20:42:40.267555,-50
2021-09-23 20:42:40.267562,-33
2021-09-23 20:42:40.267567,9
2021-09-23 20:42:40.267574,-9
2021-09-23 20:42:40.267589,-36
2021-09-23 20:42:40.267596,-31
2021-09-23 20:42:40.267602,-43
2021-09-23 20:42:40.267608,-4
2021-09-23 20:42:40.267614,57
2021-09-23 20:42:40.267620,12
2021-09-23 20:42:40.267626,-62
2021-09-23 20:42:40.267632,-40
2021-09-23 20:42:40.267638,-21
2021-09-23 20:42:40.267644,-28
2021-09-23 20:42:40.267650,-2
2021-09-23 20:42:40.267656,-9
2021-09-23 20:42:40.267662,-62
2021-09-23 20:42:40.267668,-12
2021-09-23 20:42:40.267674,223
2021-09-23 20:42:40.267680,610
2021-09-23 20:42:40.267686,916
2021-09-23 20:42:40.267692,485
2021-09-23 20:42:40.267698,-459
2021-09-23 20:42:40.267704,-589
2021-09-23 20:42:40.267710,-91
2021-09-23 20:42:40.492604,-19
2021-09-23 20:42:40.492625,-110
2021-09-23 20:42:40.492633,-36
2021-09-23 20:42:40.492639,-9
2021-09-23 20:42:40.492645,-19
2021-09-23 20:42:40.492652,-7
2021-09-23 20:42:40.492658,16
2021-09-23 20:42:40.492664,33
2021-09-23 20:42:40.492670,-7
2021-09-23 20:42:40.492676,-9
2021-09-23 20:42:40.492682,33
2021-09-23 20:42:40.492688,19
2021-09-23 20:42:40.492694,16
2021-09-23 20:42:40.492700,28
2021-09-23 20:42:40.492706,26
2021-09-23 20:42:40.492712,81
2021-09-23 20:42:40.492718,103
2021-09-23 20:42:40.492725,16
2021-09-23 20:42:40.492731,12
2021-09-23 20:42:40.492737,144
2021-09-23 20:42:40.492743,180
2021-09-23 20:42:40.492749,79
2021-09-23 20:42:40.492755,31
2021-09-23 20:42:40.492761,64
2021-09-23 20:42:40.492767,79
2021-09-23 20:42:40.492774,43
2021-09-23 20:42:40.492780,2
2021-09-23 20:42:40.492786,-43
2021-09-23 20:42:40.492792,-74
2021-09-23 20:42:40.492809,-62
2021-09-23 20:42:40.762544,-81
2021-09-23 20:42:40.762565,-137
2021-09-23 20:42:40.762573,-139
2021-09-23 20:42:40.762579,-103
2021-09-23 20:42:40.762585,-64
2021-09-23 20:42:40.762591,-67
2021-09-23 20:42:40.762597,-93
2021-09-23 20:42:40.762603,-62
2021-09-23 20:42:40.762609,-40
2021-09-23 20:42:40.762615,-93
2021-09-23 20:42:40.762621,-110
2021-09-23 20:42:40.762627,-21
2021-09-23 20:42:40.762633,38
2021-09-23 20:42:40.762639,-14
2021-09-23 20:42:40.762646,-55
2021-09-23 20:42:40.762652,-43
2021-09-23 20:42:40.762658,-38
2021-09-23 20:42:40.762664,-43
2021-09-23 20:42:40.762670,-24
2021-09-23 20:42:40.762676,4
2021-09-23 20:42:40.762682,-7
2021-09-23 20:42:40.762689,-43
2021-09-23 20:42:40.762695,-60
2021-09-23 20:42:40.762701,-67
2021-09-23 20:42:40.762707,-50
2021-09-23 20:42:40.762713,-12
2021-09-23 20:42:40.762719,14
2021-09-23 20:42:40.762725,12
2021-09-23 20:42:40.762731,0
2021-09-23 20:42:40.762737,-7
2021-09-23 20:42:41.031008,-7
2021-09-23 20:42:41.031038,-4
2021-09-23 20:42:41.031043,-19
2021-09-23 20:42:41.031053,-16
2021-09-23 20:42:41.031056,7
2021-09-23 20:42:41.031059,-12
2021-09-23 20:42:41.031069,-24
2021-09-23 20:42:41.031072,52
2021-09-23 20:42:41.031076,259
2021-09-23 20:42:41.031085,654
2021-09-23 20:42:41.031089,952
2021-09-23 20:42:41.031097,444
2021-09-23 20:42:41.031101,-478
2021-09-23 20:42:41.031104,-492
2021-09-23 20:42:41.031108,-7
2021-09-23 20:42:41.031117,-43
2021-09-23 20:42:41.031121,-161
2021-09-23 20:42:41.031124,-31
2021-09-23 20:42:41.031134,-14
2021-09-23 20:42:41.031137,-74
2021-09-23 20:42:41.031141,-21
2021-09-23 20:42:41.031144,33
2021-09-23 20:42:41.031147,9
2021-09-23 20:42:41.031150,-31
2021-09-23 20:42:41.031153,-31
2021-09-23 20:42:41.031156,-7
2021-09-23 20:42:41.031160,-4
2021-09-23 20:42:41.031163,7
2021-09-23 20:42:41.031166,69
2021-09-23 20:42:41.031169,115
2021-09-23 20:42:41.167542,76
2021-09-23 20:42:41.167563,57
2021-09-23 20:42:41.167570,88
2021-09-23 20:42:41.167577,69
2021-09-23 20:42:41.167583,67
2021-09-23 20:42:41.167589,105
2021-09-23 20:42:41.167595,67
2021-09-23 20:42:41.167601,19
2021-09-23 20:42:41.167607,62
2021-09-23 20:42:41.167613,103
2021-09-23 20:42:41.167619,26
2021-09-23 20:42:41.167626,-50
2021-09-23 20:42:41.167632,-24
2021-09-23 20:42:41.167638,-45
2021-09-23 20:42:41.167644,-137
2021-09-23 20:42:41.167650,-113
2021-09-23 20:42:41.167656,-31
2021-09-23 20:42:41.167662,-57
2021-09-23 20:42:41.167667,-108
2021-09-23 20:42:41.167674,-108
2021-09-23 20:42:41.167679,-101
2021-09-23 20:42:41.167685,-86
2021-09-23 20:42:41.167691,-76
2021-09-23 20:42:41.167697,-72
2021-09-23 20:42:41.167703,-50
2021-09-23 20:42:41.167709,-52
2021-09-23 20:42:41.167715,-43
2021-09-23 20:42:41.167722,-14
2021-09-23 20:42:41.167728,-52
2021-09-23 20:42:41.167734,-93
2021-09-23 20:42:41.392533,-43
2021-09-23 20:42:41.392553,7
2021-09-23 20:42:41.392561,12
2021-09-23 20:42:41.392567,16
2021-09-23 20:42:41.392573,-12
2021-09-23 20:42:41.392579,-72
2021-09-23 20:42:41.392585,-74
2021-09-23 20:42:41.392592,-26
2021-09-23 20:42:41.392598,-28
2021-09-23 20:42:41.392614,-45
2021-09-23 20:42:41.392620,-26
2021-09-23 20:42:41.392627,-16
2021-09-23 20:42:41.392633,-24
2021-09-23 20:42:41.392639,-19
2021-09-23 20:42:41.392645,4
2021-09-23 20:42:41.392651,28
2021-09-23 20:42:41.392657,-2
2021-09-23 20:42:41.392663,-45
2021-09-23 20:42:41.392669,-24
2021-09-23 20:42:41.392675,-16
2021-09-23 20:42:41.392681,-43
2021-09-23 20:42:41.392687,4
2021-09-23 20:42:41.392693,84
2021-09-23 20:42:41.392699,168
2021-09-23 20:42:41.392705,420
2021-09-23 20:42:41.392711,836
2021-09-23 20:42:41.392717,820
2021-09-23 20:42:41.392724,-50
2021-09-23 20:42:41.392730,-639
2021-09-23 20:42:41.392736,-242
2021-09-23 20:42:41.617456,19
2021-09-23 20:42:41.617476,-137
2021-09-23 20:42:41.617484,-79
2021-09-23 20:42:41.617491,31
2021-09-23 20:42:41.617497,-19
2021-09-23 20:42:41.617503,-36
2021-09-23 20:42:41.617510,-24
2021-09-23 20:42:41.617516,-26
2021-09-23 20:42:41.617522,9
2021-09-23 20:42:41.617528,36
2021-09-23 20:42:41.617534,4
2021-09-23 20:42:41.617540,-36
2021-09-23 20:42:41.617547,-43
2021-09-23 20:42:41.617553,19
2021-09-23 20:42:41.617559,91
2021-09-23 20:42:41.617565,55
2021-09-23 20:42:41.617571,26
2021-09-23 20:42:41.617577,86
2021-09-23 20:42:41.617583,91
2021-09-23 20:42:41.617589,69
2021-09-23 20:42:41.617596,113
2021-09-23 20:42:41.617602,122
2021-09-23 20:42:41.617608,93
2021-09-23 20:42:41.617614,72
2021-09-23 20:42:41.617620,19
2021-09-23 20:42:41.617626,-2
2021-09-23 20:42:41.617632,43
2021-09-23 20:42:41.617639,31
2021-09-23 20:42:41.617645,-50
2021-09-23 20:42:41.617651,-62
2021-09-23 20:42:41.887545,-31
2021-09-23 20:42:41.887581,-76
2021-09-23 20:42:41.887589,-151
2021-09-23 20:42:41.887596,-161
2021-09-23 20:42:41.887602,-117
2021-09-23 20:42:41.887608,-101
2021-09-23 20:42:41.887614,-103
2021-09-23 20:42:41.887620,-62
2021-09-23 20:42:41.887626,-55
2021-09-23 20:42:41.887632,-98
2021-09-23 20:42:41.887638,-74
2021-09-23 20:42:41.887645,-38
2021-09-23 20:42:41.887651,-48
2021-09-23 20:42:41.887657,-26
2021-09-23 20:42:41.887663,-4
2021-09-23 20:42:41.887669,-28
2021-09-23 20:42:41.887675,-52
2021-09-23 20:42:41.887681,-43
2021-09-23 20:42:41.887687,-24
2021-09-23 20:42:41.887693,-16
2021-09-23 20:42:41.887699,-24
2021-09-23 20:42:41.887705,-12
2021-09-23 20:42:41.887711,-14
2021-09-23 20:42:41.887717,-40
2021-09-23 20:42:41.887723,-38
2021-09-23 20:42:41.887729,-9
2021-09-23 20:42:41.887735,-4
2021-09-23 20:42:41.887741,-9
2021-09-23 20:42:41.887747,2
2021-09-23 20:42:41.887753,-7
2021-09-23 20:42:42.112478,-14
2021-09-23 20:42:42.112497,14
2021-09-23 20:42:42.112505,16
2021-09-23 20:42:42.112511,-14
2021-09-23 20:42:42.112518,-7
2021-09-23 20:42:42.112524,0
2021-09-23 20:42:42.112530,-28
2021-09-23 20:42:42.112536,-33
2021-09-23 20:42:42.112542,12
2021-09-23 20:42:42.112548,50
2021-09-23 20:42:42.112554,48
2021-09-23 20:42:42.112560,158
2021-09-23 20:42:42.112566,538
2021-09-23 20:42:42.112573,925
2021-09-23 20:42:42.112579,596
2021-09-23 20:42:42.112585,-341
2021-09-23 20:42:42.112591,-562
2021-09-23 20:42:42.112597,-86
2021-09-23 20:42:42.112603,-26
2021-09-23 20:42:42.112616,-168
2021-09-23 20:42:42.112622,-45
2021-09-23 20:42:42.112628,2
2021-09-23 20:42:42.112634,-69
2021-09-23 20:42:42.112640,-26
2021-09-23 20:42:42.112646,19
2021-09-23 20:42:42.112653,-19
2021-09-23 20:42:42.112659,7
2021-09-23 20:42:42.112665,55
2021-09-23 20:42:42.112671,21
2021-09-23 20:42:42.112677,12
2021-09-23 20:42:42.337532,62
2021-09-23 20:42:42.337553,64
2021-09-23 20:42:42.337561,55
2021-09-23 20:42:42.337567,93
2021-09-23 20:42:42.337573,79
2021-09-23 20:42:42.337579,19
2021-09-23 20:42:42.337585,33
2021-09-23 20:42:42.337591,101
2021-09-23 20:42:42.337597,117
2021-09-23 20:42:42.337603,101
2021-09-23 20:42:42.337609,96
2021-09-23 20:42:42.337615,96
2021-09-23 20:42:42.337621,76
2021-09-23 20:42:42.337627,14
2021-09-23 20:42:42.337633,-45
2021-09-23 20:42:42.337639,-50
2021-09-23 20:42:42.337645,-14
2021-09-23 20:42:42.337651,-4
2021-09-23 20:42:42.337657,-62
2021-09-23 20:42:42.337663,-113
2021-09-23 20:42:42.337670,-105
2021-09-23 20:42:42.337676,-96
2021-09-23 20:42:42.337682,-76
2021-09-23 20:42:42.337688,-40
2021-09-23 20:42:42.337694,-62
2021-09-23 20:42:42.337700,-96
2021-09-23 20:42:42.337706,-72
2021-09-23 20:42:42.337712,-31
2021-09-23 20:42:42.337718,-2
2021-09-23 20:42:42.337724,9
2021-09-23 20:42:42.562573,-16
2021-09-23 20:42:42.562594,-36
2021-09-23 20:42:42.562601,-19
2021-09-23 20:42:42.562608,2
2021-09-23 20:42:42.562614,-9
2021-09-23 20:42:42.562620,-26
2021-09-23 20:42:42.562627,-4
2021-09-23 20:42:42.562633,2
2021-09-23 20:42:42.562639,-21
2021-09-23 20:42:42.562654,-24
2021-09-23 20:42:42.562661,-7
2021-09-23 20:42:42.562667,4
2021-09-23 20:42:42.562673,4
2021-09-23 20:42:42.562679,-2
2021-09-23 20:42:42.562685,-4
2021-09-23 20:42:42.562691,-12
2021-09-23 20:42:42.562698,-24
2021-09-23 20:42:42.562703,-16
2021-09-23 20:42:42.562710,2
2021-09-23 20:42:42.562716,-7
2021-09-23 20:42:42.562722,-19
2021-09-23 20:42:42.562728,-12
2021-09-23 20:42:42.562734,-16
2021-09-23 20:42:42.562740,-16
2021-09-23 20:42:42.562746,-4
2021-09-23 20:42:42.562752,-28
2021-09-23 20:42:42.562758,-40
2021-09-23 20:42:42.562764,-16
2021-09-23 20:42:42.562770,4
2021-09-23 20:42:42.562776,4
2021-09-23 20:42:42.831925,-24
2021-09-23 20:42:42.831946,24
2021-09-23 20:42:42.831954,303
2021-09-23 20:42:42.831960,747
2021-09-23 20:42:42.831966,964
2021-09-23 20:42:42.831973,379
2021-09-23 20:42:42.831979,-495
2021-09-23 20:42:42.831985,-437
2021-09-23 20:42:42.831991,9
2021-09-23 20:42:42.831997,-101
2021-09-23 20:42:42.832003,-209
2021-09-23 20:42:42.832010,-31
2021-09-23 20:42:42.832016,-19
2021-09-23 20:42:42.832022,-113
2021-09-23 20:42:42.832028,-50
2021-09-23 20:42:42.832034,21
2021-09-23 20:42:42.832040,-14
2021-09-23 20:42:42.832047,-50
2021-09-23 20:42:42.832076,-19
2021-09-23 20:42:42.832083,19
2021-09-23 20:42:42.832089,24
2021-09-23 20:42:42.832095,28
2021-09-23 20:42:42.832101,38
2021-09-23 20:42:42.832107,55
2021-09-23 20:42:42.832114,60
2021-09-23 20:42:42.832120,33
2021-09-23 20:42:42.832126,33
2021-09-23 20:42:42.832132,84
2021-09-23 20:42:42.832138,125
2021-09-23 20:42:42.832150,108
2021-09-23 20:42:43.101211,64
2021-09-23 20:42:43.101232,50
2021-09-23 20:42:43.101240,72
2021-09-23 20:42:43.101246,81
2021-09-23 20:42:43.101252,60
2021-09-23 20:42:43.101258,12
2021-09-23 20:42:43.101264,-31
2021-09-23 20:42:43.101270,-52
2021-09-23 20:42:43.101276,-69
2021-09-23 20:42:43.101282,-101
2021-09-23 20:42:43.101288,-117
2021-09-23 20:42:43.101295,-96
2021-09-23 20:42:43.101301,-91
2021-09-23 20:42:43.101307,-101
2021-09-23 20:42:43.101321,-79
2021-09-23 20:42:43.101328,-64
2021-09-23 20:42:43.101334,-74
2021-09-23 20:42:43.101340,-88
2021-09-23 20:42:43.101347,-91
2021-09-23 20:42:43.101353,-72
2021-09-23 20:42:43.101359,-52
2021-09-23 20:42:43.101365,-52
2021-09-23 20:42:43.101371,-50
2021-09-23 20:42:43.101377,-33
2021-09-23 20:42:43.101383,-33
2021-09-23 20:42:43.101389,-33
2021-09-23 20:42:43.101395,-24
2021-09-23 20:42:43.101401,-21
2021-09-23 20:42:43.101407,-2
2021-09-23 20:42:43.101413,-7
2021-09-23 20:42:43.282535,-38
2021-09-23 20:42:43.282565,-38
2021-09-23 20:42:43.282573,-43
2021-09-23 20:42:43.282580,-45
2021-09-23 20:42:43.282586,-28
2021-09-23 20:42:43.282592,-31
2021-09-23 20:42:43.282598,-24
2021-09-23 20:42:43.282604,4
2021-09-23 20:42:43.282610,-26
2021-09-23 20:42:43.282616,-52
2021-09-23 20:42:43.282622,-12
2021-09-23 20:42:43.282628,-12
2021-09-23 20:42:43.282634,-36
2021-09-23 20:42:43.282640,9
2021-09-23 20:42:43.282646,33
2021-09-23 20:42:43.282652,-31
2021-09-23 20:42:43.282658,-52
2021-09-23 20:42:43.282664,-9
2021-09-23 20:42:43.282670,-4
2021-09-23 20:42:43.282679,-9
2021-09-23 20:42:43.282685,36
2021-09-23 20:42:43.282692,52
2021-09-23 20:42:43.282698,2
2021-09-23 20:42:43.282703,-31
2021-09-23 20:42:43.282709,-24
2021-09-23 20:42:43.282716,-14
2021-09-23 20:42:43.282722,9
2021-09-23 20:42:43.282728,40
2021-09-23 20:42:43.282734,163
2021-09-23 20:42:43.282740,509
2021-09-23 20:42:43.552519,976
2021-09-23 20:42:43.552537,911
2021-09-23 20:42:43.552545,-60
2021-09-23 20:42:43.552551,-663
2021-09-23 20:42:43.552558,-233
2021-09-23 20:42:43.552564,21
2021-09-23 20:42:43.552570,-137
2021-09-23 20:42:43.552576,-93
2021-09-23 20:42:43.552582,7
2021-09-23 20:42:43.552588,-21
2021-09-23 20:42:43.552594,-38
2021-09-23 20:42:43.552601,-12
2021-09-23 20:42:43.552607,-33
2021-09-23 20:42:43.552613,-74
2021-09-23 20:42:43.552619,-33
2021-09-23 20:42:43.552625,36
2021-09-23 20:42:43.552631,24
2021-09-23 20:42:43.552637,-19
2021-09-23 20:42:43.552643,2
2021-09-23 20:42:43.552649,33
2021-09-23 20:42:43.552655,16
2021-09-23 20:42:43.552661,36
2021-09-23 20:42:43.552667,93
2021-09-23 20:42:43.552674,101
2021-09-23 20:42:43.552680,81
2021-09-23 20:42:43.552686,93
2021-09-23 20:42:43.552692,103
2021-09-23 20:42:43.552698,96
2021-09-23 20:42:43.552704,110
2021-09-23 20:42:43.552710,96
2021-09-23 20:42:43.687647,48
2021-09-23 20:42:43.687670,43
2021-09-23 20:42:43.687677,48
2021-09-23 20:42:43.687684,0
2021-09-23 20:42:43.687690,-67
2021-09-23 20:42:43.687696,-67
2021-09-23 20:42:43.687703,-45
2021-09-23 20:42:43.687709,-67
2021-09-23 20:42:43.687715,-86
2021-09-23 20:42:43.687721,-84
2021-09-23 20:42:43.687728,-76
2021-09-23 20:42:43.687734,-72
2021-09-23 20:42:43.687740,-69
2021-09-23 20:42:43.687746,-64
2021-09-23 20:42:43.687752,-69
2021-09-23 20:42:43.687758,-55
2021-09-23 20:42:43.687764,-33
2021-09-23 20:42:43.687770,-50
2021-09-23 20:42:43.687776,-52
2021-09-23 20:42:43.687782,-14
2021-09-23 20:42:43.687788,9
2021-09-23 20:42:43.687794,0
2021-09-23 20:42:43.687800,-9
2021-09-23 20:42:43.687806,-9
2021-09-23 20:42:43.687812,-2
2021-09-23 20:42:43.687818,-21
2021-09-23 20:42:43.687824,-28
2021-09-23 20:42:43.687831,7
2021-09-23 20:42:43.687837,7
2021-09-23 20:42:43.687843,-9
2021-09-23 20:42:43.957977,7
2021-09-23 20:42:43.957997,4
2021-09-23 20:42:43.958005,-14
2021-09-23 20:42:43.958011,2
2021-09-23 20:42:43.958017,0
2021-09-23 20:42:43.958023,-21
2021-09-23 20:42:43.958029,-12
2021-09-23 20:42:43.958035,2
2021-09-23 20:42:43.958042,2
2021-09-23 20:42:43.958048,-2
2021-09-23 20:42:43.958054,-2
2021-09-23 20:42:43.958060,9
2021-09-23 20:42:43.958066,12
2021-09-23 20:42:43.958072,-12
2021-09-23 20:42:43.958078,-19
2021-09-23 20:42:43.958084,7
2021-09-23 20:42:43.958091,-2
2021-09-23 20:42:43.958097,-40
2021-09-23 20:42:43.958103,-7
2021-09-23 20:42:43.958109,48
2021-09-23 20:42:43.958124,14
2021-09-23 20:42:43.958131,-16
2021-09-23 20:42:43.958137,19
2021-09-23 20:42:43.958143,31
2021-09-23 20:42:43.958149,12
2021-09-23 20:42:43.958156,-14
2021-09-23 20:42:43.958162,-45
2021-09-23 20:42:43.958168,-26
2021-09-23 20:42:43.958174,7
2021-09-23 20:42:43.958195,9
2021-09-23 20:42:44.182580,21
2021-09-23 20:42:44.182603,52
2021-09-23 20:42:44.182613,189
2021-09-23 20:42:44.182621,524
2021-09-23 20:42:44.182629,949
2021-09-23 20:42:44.182636,822
2021-09-23 20:42:44.182644,-101
2021-09-23 20:42:44.182652,-589
2021-09-23 20:42:44.182659,-214
2021-09-23 20:42:44.182667,-50
2021-09-23 20:42:44.182674,-175
2021-09-23 20:42:44.182682,-101
2021-09-23 20:42:44.182689,-50
2021-09-23 20:42:44.182697,-76
2021-09-23 20:42:44.182704,-26
2021-09-23 20:42:44.182712,-16
2021-09-23 20:42:44.182719,-55
2021-09-23 20:42:44.182727,-36
2021-09-23 20:42:44.182734,0
2021-09-23 20:42:44.182742,-14
2021-09-23 20:42:44.182749,-24
2021-09-23 20:42:44.182757,31
2021-09-23 20:42:44.182764,52
2021-09-23 20:42:44.182771,45
2021-09-23 20:42:44.182779,67
2021-09-23 20:42:44.182786,40
2021-09-23 20:42:44.182794,9
2021-09-23 20:42:44.182801,67
2021-09-23 20:42:44.182809,134
2021-09-23 20:42:44.182816,141
2021-09-23 20:42:44.407585,120
2021-09-23 20:42:44.407609,91
2021-09-23 20:42:44.407619,62
2021-09-23 20:42:44.407627,50
2021-09-23 20:42:44.407634,105
2021-09-23 20:42:44.407642,115
2021-09-23 20:42:44.407650,7
2021-09-23 20:42:44.407657,-45
2021-09-23 20:42:44.407665,-24
2021-09-23 20:42:44.407673,-55
2021-09-23 20:42:44.407680,-84
2021-09-23 20:42:44.407687,-57
2021-09-23 20:42:44.407695,-40
2021-09-23 20:42:44.407702,-62
2021-09-23 20:42:44.407710,-93
2021-09-23 20:42:44.407717,-93
2021-09-23 20:42:44.407725,-74
2021-09-23 20:42:44.407732,-55
2021-09-23 20:42:44.407740,-45
2021-09-23 20:42:44.407752,-48
2021-09-23 20:42:44.407759,-48
2021-09-23 20:42:44.407765,-45
2021-09-23 20:42:44.407771,-69
2021-09-23 20:42:44.407777,-60
2021-09-23 20:42:44.407783,7
2021-09-23 20:42:44.407789,16
2021-09-23 20:42:44.407795,-31
2021-09-23 20:42:44.407801,-48
2021-09-23 20:42:44.407807,-38
2021-09-23 20:42:44.407813,-12
2021-09-23 20:42:44.633857,7
2021-09-23 20:42:44.633889,-9
2021-09-23 20:42:44.633897,-28
2021-09-23 20:42:44.633903,-24
2021-09-23 20:42:44.633910,-7
2021-09-23 20:42:44.633916,2
2021-09-23 20:42:44.633923,2
2021-09-23 20:42:44.633929,-16
2021-09-23 20:42:44.633935,-24
2021-09-23 20:42:44.633942,-19
2021-09-23 20:42:44.633948,-26
2021-09-23 20:42:44.633954,-28
2021-09-23 20:42:44.633960,-48
2021-09-23 20:42:44.633966,-79
2021-09-23 20:42:44.633973,-52
2021-09-23 20:42:44.633979,-14
2021-09-23 20:42:44.633985,-31
2021-09-23 20:42:44.633991,-33
2021-09-23 20:42:44.633998,-2
2021-09-23 20:42:44.634004,-24
2021-09-23 20:42:44.634010,-69
2021-09-23 20:42:44.634016,-79
2021-09-23 20:42:44.634022,-50
2021-09-23 20:42:44.634028,4
2021-09-23 20:42:44.634034,19
2021-09-23 20:42:44.634040,7
2021-09-23 20:42:44.634046,36
2021-09-23 20:42:44.634052,12
2021-09-23 20:42:44.634059,-52
2021-09-23 20:42:44.634064,-26
2021-09-23 20:42:44.857484,-12
2021-09-23 20:42:44.857502,-48
2021-09-23 20:42:44.857510,-9
2021-09-23 20:42:44.857516,26
2021-09-23 20:42:44.857523,19
2021-09-23 20:42:44.857529,177
2021-09-23 20:42:44.857535,502
2021-09-23 20:42:44.857541,856
2021-09-23 20:42:44.857547,815
2021-09-23 20:42:44.857559,-16
2021-09-23 20:42:44.857566,-615
2021-09-23 20:42:44.857572,-262
2021-09-23 20:42:44.857578,-9
2021-09-23 20:42:44.857585,-170
2021-09-23 20:42:44.857591,-113
2021-09-23 20:42:44.857597,26
2021-09-23 20:42:44.857603,-31
2021-09-23 20:42:44.857609,-55
2021-09-23 20:42:44.857615,26
2021-09-23 20:42:44.857621,40
2021-09-23 20:42:44.857627,-9
2021-09-23 20:42:44.857633,-21
2021-09-23 20:42:44.857639,-9
2021-09-23 20:42:44.857644,-2
2021-09-23 20:42:44.857651,36
2021-09-23 20:42:44.857657,79
2021-09-23 20:42:44.857666,74
2021-09-23 20:42:44.857672,60
2021-09-23 20:42:44.857678,86
2021-09-23 20:42:44.857684,105
2021-09-23 20:42:45.126114,98
2021-09-23 20:42:45.126137,117
2021-09-23 20:42:45.126145,110
2021-09-23 20:42:45.126152,108
2021-09-23 20:42:45.126158,173
2021-09-23 20:42:45.126164,158
2021-09-23 20:42:45.126171,67
2021-09-23 20:42:45.126177,79
2021-09-23 20:42:45.126183,84
2021-09-23 20:42:45.126189,-28
2021-09-23 20:42:45.126196,-60
2021-09-23 20:42:45.126202,19
2021-09-23 20:42:45.126208,-24
2021-09-23 20:42:45.126214,-103
2021-09-23 20:42:45.126220,-84
2021-09-23 20:42:45.126227,-72
2021-09-23 20:42:45.126233,-98
2021-09-23 20:42:45.126239,-101
2021-09-23 20:42:45.126245,-48
2021-09-23 20:42:45.126252,-36
2021-09-23 20:42:45.126258,-125
2021-09-23 20:42:45.126264,-144
2021-09-23 20:42:45.126270,-36
2021-09-23 20:42:45.126276,-31
2021-09-23 20:42:45.126282,-125
2021-09-23 20:42:45.126289,-101
2021-09-23 20:42:45.126295,-14
2021-09-23 20:42:45.126301,-9
2021-09-23 20:42:45.126307,-36
2021-09-23 20:42:45.126321,-33
2021-09-23 20:42:45.307583,-45
2021-09-23 20:42:45.307604,-72
2021-09-23 20:42:45.307612,-33
2021-09-23 20:42:45.307618,7
2021-09-23 20:42:45.307624,-52
2021-09-23 20:42:45.307630,-101
2021-09-23 20:42:45.307637,-50
2021-09-23 20:42:45.307643,-4
2021-09-23 20:42:45.307649,-4
2021-09-23 20:42:45.307655,-19
2021-09-23 20:42:45.307661,-43
2021-09-23 20:42:45.307667,-50
2021-09-23 20:42:45.307674,-33
2021-09-23 20:42:45.307680,-40
2021-09-23 20:42:45.307686,-45
2021-09-23 20:42:45.307692,-12
2021-09-23 20:42:45.307698,-16
2021-09-23 20:42:45.307704,-62
2021-09-23 20:42:45.307710,-28
2021-09-23 20:42:45.307716,26
2021-09-23 20:42:45.307723,-9
2021-09-23 20:42:45.307729,-31
2021-09-23 20:42:45.307735,0
2021-09-23 20:42:45.307741,-21
2021-09-23 20:42:45.307747,-36
2021-09-23 20:42:45.307753,28
2021-09-23 20:42:45.307759,43
2021-09-23 20:42:45.307765,-12
2021-09-23 20:42:45.307771,-9
2021-09-23 20:42:45.307778,36
2021-09-23 20:42:45.532641,26
2021-09-23 20:42:45.532663,-24
2021-09-23 20:42:45.532671,-33
2021-09-23 20:42:45.532677,-2
2021-09-23 20:42:45.532683,-21
2021-09-23 20:42:45.532690,-9
2021-09-23 20:42:45.532696,192
2021-09-23 20:42:45.532702,574
2021-09-23 20:42:45.532708,973
2021-09-23 20:42:45.532714,808
2021-09-23 20:42:45.532720,-115
2021-09-23 20:42:45.532726,-593
2021-09-23 20:42:45.532732,-202
2021-09-23 20:42:45.532739,-2
2021-09-23 20:42:45.532745,-105
2021-09-23 20:42:45.532750,-45
2021-09-23 20:42:45.532756,-38
2021-09-23 20:42:45.532762,-93
2021-09-23 20:42:45.532768,-43
2021-09-23 20:42:45.532781,-4
2021-09-23 20:42:45.532787,-4
2021-09-23 20:42:45.532793,16
2021-09-23 20:42:45.532799,24
2021-09-23 20:42:45.532805,28
2021-09-23 20:42:45.532812,57
2021-09-23 20:42:45.532818,45
2021-09-23 20:42:45.532824,-7
2021-09-23 20:42:45.532830,7
2021-09-23 20:42:45.532836,52
2021-09-23 20:42:45.532842,57
2021-09-23 20:42:45.846994,72
2021-09-23 20:42:45.847015,103
2021-09-23 20:42:45.847022,105
2021-09-23 20:42:45.847047,76
2021-09-23 20:42:45.847054,79
2021-09-23 20:42:45.847060,113
2021-09-23 20:42:45.847066,137
2021-09-23 20:42:45.847072,127
2021-09-23 20:42:45.847079,67
2021-09-23 20:42:45.847085,9
2021-09-23 20:42:45.847091,12
2021-09-23 20:42:45.847097,14
2021-09-23 20:42:45.847103,-48
2021-09-23 20:42:45.847109,-110
2021-09-23 20:42:45.847115,-103
2021-09-23 20:42:45.847121,-98
2021-09-23 20:42:45.847128,-125
2021-09-23 20:42:45.847134,-98
2021-09-23 20:42:45.847140,-62
2021-09-23 20:42:45.847146,-103
2021-09-23 20:42:45.847153,-141
2021-09-23 20:42:45.847159,-98
2021-09-23 20:42:45.847165,-67
2021-09-23 20:42:45.847171,-79
2021-09-23 20:42:45.847177,-67
2021-09-23 20:42:45.847183,-31
2021-09-23 20:42:45.847189,-33
2021-09-23 20:42:45.847195,-74
2021-09-23 20:42:45.847201,-50
2021-09-23 20:42:45.847207,-4
2021-09-23 20:42:46.027587,-36
2021-09-23 20:42:46.027609,-43
2021-09-23 20:42:46.027624,7
2021-09-23 20:42:46.027631,-2
2021-09-23 20:42:46.027637,-45
2021-09-23 20:42:46.027644,-52
2021-09-23 20:42:46.027650,-24
2021-09-23 20:42:46.027656,14
2021-09-23 20:42:46.027662,2
2021-09-23 20:42:46.027672,-57
2021-09-23 20:42:46.027678,-62
2021-09-23 20:42:46.027684,-16
2021-09-23 20:42:46.027690,-7
2021-09-23 20:42:46.027697,-43
2021-09-23 20:42:46.027703,-50
2021-09-23 20:42:46.027709,14
2021-09-23 20:42:46.027715,26
2021-09-23 20:42:46.027721,-31
2021-09-23 20:42:46.027727,-24
2021-09-23 20:42:46.027733,-2
2021-09-23 20:42:46.027739,-40
2021-09-23 20:42:46.027745,-76
2021-09-23 20:42:46.027751,-19
2021-09-23 20:42:46.027757,74
2021-09-23 20:42:46.027763,57
2021-09-23 20:42:46.027769,-28
2021-09-23 20:42:46.027775,-50
2021-09-23 20:42:46.027781,-14
2021-09-23 20:42:46.027787,16
2021-09-23 20:42:46.027793,48
2021-09-23 20:42:46.252707,57
2021-09-23 20:42:46.252730,21
2021-09-23 20:42:46.252738,-21
2021-09-23 20:42:46.252744,-43
2021-09-23 20:42:46.252751,-7
2021-09-23 20:42:46.252757,38
2021-09-23 20:42:46.252763,2
2021-09-23 20:42:46.252770,-33
2021-09-23 20:42:46.252776,60
2021-09-23 20:42:46.252782,300
2021-09-23 20:42:46.252788,692
2021-09-23 20:42:46.252795,1012
2021-09-23 20:42:46.252801,608
2021-09-23 20:42:46.252807,-355
2021-09-23 20:42:46.252813,-557
2021-09-23 20:42:46.252819,-88
2021-09-23 20:42:46.252825,-31
2021-09-23 20:42:46.252832,-144
2021-09-23 20:42:46.252837,-64
2021-09-23 20:42:46.252844,-55
2021-09-23 20:42:46.252850,-67
2021-09-23 20:42:46.252856,-14
2021-09-23 20:42:46.252862,-16
2021-09-23 20:42:46.252868,-31
2021-09-23 20:42:46.252874,-9
2021-09-23 20:42:46.252881,0
2021-09-23 20:42:46.252887,14
2021-09-23 20:42:46.252893,38
2021-09-23 20:42:46.252899,38
2021-09-23 20:42:46.252912,14
2021-09-23 20:42:46.477612,19
2021-09-23 20:42:46.477633,60
2021-09-23 20:42:46.477640,74
2021-09-23 20:42:46.477647,52
2021-09-23 20:42:46.477653,48
2021-09-23 20:42:46.477659,115
2021-09-23 20:42:46.477666,173
2021-09-23 20:42:46.477672,105
2021-09-23 20:42:46.477678,38
2021-09-23 20:42:46.477684,86
2021-09-23 20:42:46.477690,108
2021-09-23 20:42:46.477696,55
2021-09-23 20:42:46.477702,12
2021-09-23 20:42:46.477708,0
2021-09-23 20:42:46.477714,-7
2021-09-23 20:42:46.477720,-33
2021-09-23 20:42:46.477726,-55
2021-09-23 20:42:46.477732,-91
2021-09-23 20:42:46.477738,-127
2021-09-23 20:42:46.477744,-96
2021-09-23 20:42:46.477750,-91
2021-09-23 20:42:46.477756,-134
2021-09-23 20:42:46.477762,-62
2021-09-23 20:42:46.477768,-2
2021-09-23 20:42:46.477774,-88
2021-09-23 20:42:46.477780,-115
2021-09-23 20:42:46.477786,-40
2021-09-23 20:42:46.477792,-43
2021-09-23 20:42:46.477798,-76
2021-09-23 20:42:46.477804,-21
2021-09-23 20:42:46.702673,19
2021-09-23 20:42:46.702695,-21
2021-09-23 20:42:46.702702,-33
2021-09-23 20:42:46.702708,12
2021-09-23 20:42:46.702715,0
2021-09-23 20:42:46.702721,-48
2021-09-23 20:42:46.702727,-31
2021-09-23 20:42:46.702733,-4
2021-09-23 20:42:46.702739,-14
2021-09-23 20:42:46.702745,-16
2021-09-23 20:42:46.702751,0
2021-09-23 20:42:46.702757,-21
2021-09-23 20:42:46.702762,-62
2021-09-23 20:42:46.702769,-60
2021-09-23 20:42:46.702775,-33
2021-09-23 20:42:46.702781,-57
2021-09-23 20:42:46.702787,-62
2021-09-23 20:42:46.702793,-9
2021-09-23 20:42:46.702799,14
2021-09-23 20:42:46.702805,16
2021-09-23 20:42:46.702811,4
2021-09-23 20:42:46.702818,-24
2021-09-23 20:42:46.702824,-7
2021-09-23 20:42:46.702830,7
2021-09-23 20:42:46.702836,-36
2021-09-23 20:42:46.702842,-48
2021-09-23 20:42:46.702848,-7
2021-09-23 20:42:46.702854,2
2021-09-23 20:42:46.702860,-7
2021-09-23 20:42:46.702866,9
2021-09-23 20:42:46.927615,24
2021-09-23 20:42:46.927638,16
2021-09-23 20:42:46.927645,7
2021-09-23 20:42:46.927652,9
2021-09-23 20:42:46.927658,40
2021-09-23 20:42:46.927664,55
2021-09-23 20:42:46.927670,9
2021-09-23 20:42:46.927677,-16
2021-09-23 20:42:46.927692,12
2021-09-23 20:42:46.927699,14
2021-09-23 20:42:46.927705,-7
2021-09-23 20:42:46.927711,79
2021-09-23 20:42:46.927717,307
2021-09-23 20:42:46.927723,673
2021-09-23 20:42:46.927761,988
2021-09-23 20:42:46.927768,557
2021-09-23 20:42:46.927774,-406
2021-09-23 20:42:46.927780,-550
2021-09-23 20:42:46.927786,-74
2021-09-23 20:42:46.927793,-9
2021-09-23 20:42:46.927799,-113
2021-09-23 20:42:46.927805,-52
2021-09-23 20:42:46.927811,-31
2021-09-23 20:42:46.927817,-50
2021-09-23 20:42:46.927823,-21
2021-09-23 20:42:46.927830,-2
2021-09-23 20:42:46.927835,-7
2021-09-23 20:42:46.927841,-24
2021-09-23 20:42:46.927847,-45
2021-09-23 20:42:46.927853,4
2021-09-23 20:42:47.286239,74
2021-09-23 20:42:47.286260,48
2021-09-23 20:42:47.286268,21
2021-09-23 20:42:47.286274,40
2021-09-23 20:42:47.286280,33
2021-09-23 20:42:47.286286,31
2021-09-23 20:42:47.286292,55
2021-09-23 20:42:47.286299,84
2021-09-23 20:42:47.286305,113
2021-09-23 20:42:47.286318,120
2021-09-23 20:42:47.286324,115
2021-09-23 20:42:47.286331,117
2021-09-23 20:42:47.286337,120
2021-09-23 20:42:47.286343,108
2021-09-23 20:42:47.286349,40
2021-09-23 20:42:47.286355,7
2021-09-23 20:42:47.286361,31
2021-09-23 20:42:47.286367,-9
2021-09-23 20:42:47.286373,-72
2021-09-23 20:42:47.286379,-72
2021-09-23 20:42:47.286385,-76
2021-09-23 20:42:47.286391,-88
2021-09-23 20:42:47.286397,-93
2021-09-23 20:42:47.286403,-105
2021-09-23 20:42:47.286409,-98
2021-09-23 20:42:47.286415,-86
2021-09-23 20:42:47.286421,-72
2021-09-23 20:42:47.286427,-79
2021-09-23 20:42:47.286433,-76
2021-09-23 20:42:47.286439,-33
2021-09-23 20:42:47.422592,-26
2021-09-23 20:42:47.422613,-62
2021-09-23 20:42:47.422621,-62
2021-09-23 20:42:47.422627,-33
2021-09-23 20:42:47.422634,-40
2021-09-23 20:42:47.422640,-60
2021-09-23 20:42:47.422646,-14
2021-09-23 20:42:47.422652,24
2021-09-23 20:42:47.422658,-16
2021-09-23 20:42:47.422664,-50
2021-09-23 20:42:47.422670,-33
2021-09-23 20:42:47.422676,-14
2021-09-23 20:42:47.422682,4
2021-09-23 20:42:47.422689,-7
2021-09-23 20:42:47.422695,-33
2021-09-23 20:42:47.422701,2
2021-09-23 20:42:47.422707,24
2021-09-23 20:42:47.422713,-24
2021-09-23 20:42:47.422719,-43
2021-09-23 20:42:47.422725,-14
2021-09-23 20:42:47.422731,12
2021-09-23 20:42:47.422737,0
2021-09-23 20:42:47.422743,-31
2021-09-23 20:42:47.422749,-4
2021-09-23 20:42:47.422755,21
2021-09-23 20:42:47.422761,-28
2021-09-23 20:42:47.422767,-40
2021-09-23 20:42:47.422773,28
2021-09-23 20:42:47.422779,36
2021-09-23 20:42:47.422794,-24
2021-09-23 20:42:47.737701,-38
2021-09-23 20:42:47.737724,19
2021-09-23 20:42:47.737732,45
2021-09-23 20:42:47.737738,14
2021-09-23 20:42:47.737745,4
2021-09-23 20:42:47.737751,33
2021-09-23 20:42:47.737757,38
2021-09-23 20:42:47.737763,0
2021-09-23 20:42:47.737769,-19
2021-09-23 20:42:47.737775,12
2021-09-23 20:42:47.737781,28
2021-09-23 20:42:47.737787,7
2021-09-23 20:42:47.737793,24
2021-09-23 20:42:47.737799,60
2021-09-23 20:42:47.737805,137
2021-09-23 20:42:47.737812,418
2021-09-23 20:42:47.737818,892
2021-09-23 20:42:47.737824,942
2021-09-23 20:42:47.737830,91
2021-09-23 20:42:47.737836,-593
2021-09-23 20:42:47.737842,-310
2021-09-23 20:42:47.737848,-31
2021-09-23 20:42:47.737854,-120
2021-09-23 20:42:47.737860,-108
2021-09-23 20:42:47.737866,-67
2021-09-23 20:42:47.737872,-88
2021-09-23 20:42:47.737878,-48
2021-09-23 20:42:47.737884,-2
2021-09-23 20:42:47.737890,-21
2021-09-23 20:42:47.737896,-26
2021-09-23 20:42:47.872607,-12
2021-09-23 20:42:47.872628,-31
2021-09-23 20:42:47.872635,-45
2021-09-23 20:42:47.872642,-7
2021-09-23 20:42:47.872648,45
2021-09-23 20:42:47.872654,43
2021-09-23 20:42:47.872661,19
2021-09-23 20:42:47.872667,55
2021-09-23 20:42:47.872673,91
2021-09-23 20:42:47.872679,57
2021-09-23 20:42:47.872685,28
2021-09-23 20:42:47.872691,60
2021-09-23 20:42:47.872697,98
2021-09-23 20:42:47.872703,110
2021-09-23 20:42:47.872719,101
2021-09-23 20:42:47.872726,110
2021-09-23 20:42:47.872732,120
2021-09-23 20:42:47.872738,74
2021-09-23 20:42:47.872744,14
2021-09-23 20:42:47.872754,-12
2021-09-23 20:42:47.872760,-28
2021-09-23 20:42:47.872766,-57
2021-09-23 20:42:47.872772,-88
2021-09-23 20:42:47.872778,-93
2021-09-23 20:42:47.872784,-79
2021-09-23 20:42:47.872790,-79
2021-09-23 20:42:47.872796,-103
2021-09-23 20:42:47.872802,-110
2021-09-23 20:42:47.872808,-91
2021-09-23 20:42:47.872814,-67
2021-09-23 20:42:48.097633,-64
2021-09-23 20:42:48.097655,-76
2021-09-23 20:42:48.097662,-91
2021-09-23 20:42:48.097669,-93
2021-09-23 20:42:48.097675,-64
2021-09-23 20:42:48.097681,-24
2021-09-23 20:42:48.097687,-9
2021-09-23 20:42:48.097693,-36
2021-09-23 20:42:48.097699,-48
2021-09-23 20:42:48.097705,-14
2021-09-23 20:42:48.097711,-24
2021-09-23 20:42:48.097717,-45
2021-09-23 20:42:48.097723,-7
2021-09-23 20:42:48.097729,7
2021-09-23 20:42:48.097735,0
2021-09-23 20:42:48.097742,-9
2021-09-23 20:42:48.097748,-52
2021-09-23 20:42:48.097754,-52
2021-09-23 20:42:48.097760,-9
2021-09-23 20:42:48.097766,-9
2021-09-23 20:42:48.097772,-28
2021-09-23 20:42:48.097778,-26
2021-09-23 20:42:48.097784,-12
2021-09-23 20:42:48.097789,-7
2021-09-23 20:42:48.097795,4
2021-09-23 20:42:48.097801,2
2021-09-23 20:42:48.097807,-45
2021-09-23 20:42:48.097813,-60
2021-09-23 20:42:48.097819,-4
2021-09-23 20:42:48.097826,4
2021-09-23 20:42:48.322626,-21
2021-09-23 20:42:48.322648,-24
2021-09-23 20:42:48.322656,-16
2021-09-23 20:42:48.322662,-2
2021-09-23 20:42:48.322668,0
2021-09-23 20:42:48.322675,-16
2021-09-23 20:42:48.322681,4
2021-09-23 20:42:48.322687,2
2021-09-23 20:42:48.322693,-28
2021-09-23 20:42:48.322707,12
2021-09-23 20:42:48.322713,52
2021-09-23 20:42:48.322720,19
2021-09-23 20:42:48.322725,-9
2021-09-23 20:42:48.322732,-14
2021-09-23 20:42:48.322738,-26
2021-09-23 20:42:48.322744,-24
2021-09-23 20:42:48.322749,9
2021-09-23 20:42:48.322756,33
2021-09-23 20:42:48.322762,48
2021-09-23 20:42:48.322768,139
2021-09-23 20:42:48.322774,399
2021-09-23 20:42:48.322780,848
2021-09-23 20:42:48.322786,1022
2021-09-23 20:42:48.322792,274
2021-09-23 20:42:48.322798,-577
2021-09-23 20:42:48.322804,-360
2021-09-23 20:42:48.322810,62
2021-09-23 20:42:48.322816,-98
2021-09-23 20:42:48.322822,-180
2021-09-23 20:42:48.322828,-16
2021-09-23 20:42:48.547632,7
2021-09-23 20:42:48.547653,-57
2021-09-23 20:42:48.547661,-72
2021-09-23 20:42:48.547667,-69
2021-09-23 20:42:48.547674,-31
2021-09-23 20:42:48.547680,16
2021-09-23 20:42:48.547686,7
2021-09-23 20:42:48.547692,-16
2021-09-23 20:42:48.547698,-16
2021-09-23 20:42:48.547704,4
2021-09-23 20:42:48.547710,26
2021-09-23 20:42:48.547716,19
2021-09-23 20:42:48.547722,36
2021-09-23 20:42:48.547728,84
2021-09-23 20:42:48.547734,62
2021-09-23 20:42:48.547741,31
2021-09-23 20:42:48.547747,69
2021-09-23 20:42:48.547753,86
2021-09-23 20:42:48.547759,93
2021-09-23 20:42:48.547765,134
2021-09-23 20:42:48.547771,149
2021-09-23 20:42:48.547777,110
2021-09-23 20:42:48.547783,74
2021-09-23 20:42:48.547789,62
2021-09-23 20:42:48.547795,16
2021-09-23 20:42:48.547801,-57
2021-09-23 20:42:48.547807,-93
2021-09-23 20:42:48.547814,-84
2021-09-23 20:42:48.547820,-67
2021-09-23 20:42:48.547832,-64
2021-09-23 20:42:48.772638,-64
2021-09-23 20:42:48.772658,-74
2021-09-23 20:42:48.772666,-103
2021-09-23 20:42:48.772673,-113
2021-09-23 20:42:48.772679,-84
2021-09-23 20:42:48.772685,-74
2021-09-23 20:42:48.772691,-110
2021-09-23 20:42:48.772697,-101
2021-09-23 20:42:48.772703,-50
2021-09-23 20:42:48.772708,-52
2021-09-23 20:42:48.772714,-98
2021-09-23 20:42:48.772720,-96
2021-09-23 20:42:48.772726,-43
2021-09-23 20:42:48.772732,7
2021-09-23 20:42:48.772738,-9
2021-09-23 20:42:48.772744,-62
2021-09-23 20:42:48.772751,-45
2021-09-23 20:42:48.772757,0
2021-09-23 20:42:48.772763,-12
2021-09-23 20:42:48.772769,-28
2021-09-23 20:42:48.772782,-16
2021-09-23 20:42:48.772788,-19
2021-09-23 20:42:48.772794,-33
2021-09-23 20:42:48.772801,-21
2021-09-23 20:42:48.772807,0
2021-09-23 20:42:48.772813,-7
2021-09-23 20:42:48.772819,-12
2021-09-23 20:42:48.772825,-2
2021-09-23 20:42:48.772831,-19
2021-09-23 20:42:48.772837,-43
2021-09-23 20:42:48.997645,9
2021-09-23 20:42:48.997666,52
2021-09-23 20:42:48.997674,-2
2021-09-23 20:42:48.997680,-38
2021-09-23 20:42:48.997687,-26
2021-09-23 20:42:48.997693,-21
2021-09-23 20:42:48.997699,-9
2021-09-23 20:42:48.997705,-9
2021-09-23 20:42:48.997711,-24
2021-09-23 20:42:48.997717,2
2021-09-23 20:42:48.997723,36
2021-09-23 20:42:48.997729,14
2021-09-23 20:42:48.997735,-19
2021-09-23 20:42:48.997741,-24
2021-09-23 20:42:48.997747,-4
2021-09-23 20:42:48.997753,-7
2021-09-23 20:42:48.997759,-12
2021-09-23 20:42:48.997765,38
2021-09-23 20:42:48.997771,52
2021-09-23 20:42:48.997785,-2
2021-09-23 20:42:48.997792,-4
2021-09-23 20:42:48.997798,9
2021-09-23 20:42:48.997804,2
2021-09-23 20:42:48.997810,21
2021-09-23 20:42:48.997817,43
2021-09-23 20:42:48.997823,168
2021-09-23 20:42:48.997829,529
2021-09-23 20:42:48.997835,976
2021-09-23 20:42:48.997841,858
2021-09-23 20:42:48.997847,-57
2021-09-23 20:42:49.311268,-584
2021-09-23 20:42:49.311288,-204
2021-09-23 20:42:49.311296,9
2021-09-23 20:42:49.311302,-144
2021-09-23 20:42:49.311309,-108
2021-09-23 20:42:49.311315,-33
2021-09-23 20:42:49.311321,-69
2021-09-23 20:42:49.311327,-57
2021-09-23 20:42:49.311333,-38
2021-09-23 20:42:49.311339,-79
2021-09-23 20:42:49.311345,-91
2021-09-23 20:42:49.311351,-45
2021-09-23 20:42:49.311357,-26
2021-09-23 20:42:49.311362,-31
2021-09-23 20:42:49.311368,-12
2021-09-23 20:42:49.311374,21
2021-09-23 20:42:49.311380,52
2021-09-23 20:42:49.311386,31
2021-09-23 20:42:49.311392,9
2021-09-23 20:42:49.311398,64
2021-09-23 20:42:49.311405,81
2021-09-23 20:42:49.311411,45
2021-09-23 20:42:49.311417,79
2021-09-23 20:42:49.311423,134
2021-09-23 20:42:49.311429,117
2021-09-23 20:42:49.311435,98
2021-09-23 20:42:49.311441,132
2021-09-23 20:42:49.311447,141
2021-09-23 20:42:49.311453,74
2021-09-23 20:42:49.311459,26
2021-09-23 20:42:49.492647,12
2021-09-23 20:42:49.492668,-50
2021-09-23 20:42:49.492676,-103
2021-09-23 20:42:49.492682,-60
2021-09-23 20:42:49.492688,-36
2021-09-23 20:42:49.492694,-105
2021-09-23 20:42:49.492700,-117
2021-09-23 20:42:49.492706,-52
2021-09-23 20:42:49.492713,-52
2021-09-23 20:42:49.492725,-79
2021-09-23 20:42:49.492732,-103
2021-09-23 20:42:49.492738,-132
2021-09-23 20:42:49.492744,-67
2021-09-23 20:42:49.492750,7
2021-09-23 20:42:49.492757,-50
2021-09-23 20:42:49.492763,-93
2021-09-23 20:42:49.492769,-28
2021-09-23 20:42:49.492775,-7
2021-09-23 20:42:49.492781,-45
2021-09-23 20:42:49.492787,-21
2021-09-23 20:42:49.492793,12
2021-09-23 20:42:49.492799,-21
2021-09-23 20:42:49.492805,-24
2021-09-23 20:42:49.492810,7
2021-09-23 20:42:49.492816,-16
2021-09-23 20:42:49.492822,-31
2021-09-23 20:42:49.492828,-2
2021-09-23 20:42:49.492834,9
2021-09-23 20:42:49.492840,12
2021-09-23 20:42:49.492846,0
2021-09-23 20:42:49.761930,-33
2021-09-23 20:42:49.761947,-12
2021-09-23 20:42:49.761952,28
2021-09-23 20:42:49.761956,-16
2021-09-23 20:42:49.761960,-38
2021-09-23 20:42:49.761983,-4
2021-09-23 20:42:49.761988,-12
2021-09-23 20:42:49.761991,-16
2021-09-23 20:42:49.761994,-2
2021-09-23 20:42:49.761998,2
2021-09-23 20:42:49.762002,-7
2021-09-23 20:42:49.762005,-14
2021-09-23 20:42:49.762009,-14
2021-09-23 20:42:49.762012,-33
2021-09-23 20:42:49.762016,-40
2021-09-23 20:42:49.762019,-12
2021-09-23 20:42:49.762023,0
2021-09-23 20:42:49.762026,-14
2021-09-23 20:42:49.762030,0
2021-09-23 20:42:49.762034,26
2021-09-23 20:42:49.762037,19
2021-09-23 20:42:49.762041,-9
2021-09-23 20:42:49.762045,-21
2021-09-23 20:42:49.762048,2
2021-09-23 20:42:49.762052,19
2021-09-23 20:42:49.762056,4
2021-09-23 20:42:49.762062,36
2021-09-23 20:42:49.762066,214
2021-09-23 20:42:49.762070,589
2021-09-23 20:42:49.762076,1002
2021-09-23 20:42:49.942574,709
2021-09-23 20:42:49.942595,-290
2021-09-23 20:42:49.942603,-555
2021-09-23 20:42:49.942609,-60
2021-09-23 20:42:49.942616,-2
2021-09-23 20:42:49.942622,-168
2021-09-23 20:42:49.942628,-67
2021-09-23 20:42:49.942634,-14
2021-09-23 20:42:49.942640,-93
2021-09-23 20:42:49.942646,-105
2021-09-23 20:42:49.942652,-55
2021-09-23 20:42:49.942658,-24
2021-09-23 20:42:49.942664,-24
2021-09-23 20:42:49.942670,-26
2021-09-23 20:42:49.942677,-2
2021-09-23 20:42:49.942683,9
2021-09-23 20:42:49.942688,0
2021-09-23 20:42:49.942694,-2
2021-09-23 20:42:49.942700,-14
2021-09-23 20:42:49.942706,-26
2021-09-23 20:42:49.942712,26
2021-09-23 20:42:49.942718,81
2021-09-23 20:42:49.942724,74
2021-09-23 20:42:49.942730,103
2021-09-23 20:42:49.942736,137
2021-09-23 20:42:49.942742,110
2021-09-23 20:42:49.942748,125
2021-09-23 20:42:49.942754,125
2021-09-23 20:42:49.942760,33
2021-09-23 20:42:49.942766,24
2021-09-23 20:42:50.167646,110
2021-09-23 20:42:50.167667,84
2021-09-23 20:42:50.167674,-38
2021-09-23 20:42:50.167681,-81
2021-09-23 20:42:50.167687,-57
2021-09-23 20:42:50.167693,-60
2021-09-23 20:42:50.167699,-108
2021-09-23 20:42:50.167706,-117
2021-09-23 20:42:50.167712,-67
2021-09-23 20:42:50.167718,-84
2021-09-23 20:42:50.167724,-132
2021-09-23 20:42:50.167730,-101
2021-09-23 20:42:50.167736,-64
2021-09-23 20:42:50.167743,-79
2021-09-23 20:42:50.167749,-108
2021-09-23 20:42:50.167755,-101
2021-09-23 20:42:50.167761,-55
2021-09-23 20:42:50.167767,-40
2021-09-23 20:42:50.167773,-72
2021-09-23 20:42:50.167787,-98
2021-09-23 20:42:50.167793,-72
2021-09-23 20:42:50.167799,-7
2021-09-23 20:42:50.167805,-4
2021-09-23 20:42:50.167811,-50
2021-09-23 20:42:50.167817,-55
2021-09-23 20:42:50.167823,-26
2021-09-23 20:42:50.167829,-4
2021-09-23 20:42:50.167835,2
2021-09-23 20:42:50.167841,0
2021-09-23 20:42:50.167847,-4
2021-09-23 20:42:50.392666,0
2021-09-23 20:42:50.392687,12
2021-09-23 20:42:50.392694,-12
2021-09-23 20:42:50.392701,-16
2021-09-23 20:42:50.392707,16
2021-09-23 20:42:50.392713,4
2021-09-23 20:42:50.392719,-40
2021-09-23 20:42:50.392726,-24
2021-09-23 20:42:50.392732,28
2021-09-23 20:42:50.392738,9
2021-09-23 20:42:50.392744,-55
2021-09-23 20:42:50.392750,-33
2021-09-23 20:42:50.392756,21
2021-09-23 20:42:50.392763,4
2021-09-23 20:42:50.392769,-31
2021-09-23 20:42:50.392775,-28
2021-09-23 20:42:50.392781,-33
2021-09-23 20:42:50.392787,-36
2021-09-23 20:42:50.392793,-26
2021-09-23 20:42:50.392799,0
2021-09-23 20:42:50.392805,16
2021-09-23 20:42:50.392811,19
2021-09-23 20:42:50.392817,48
2021-09-23 20:42:50.392823,48
2021-09-23 20:42:50.392829,-4
2021-09-23 20:42:50.392835,-24
2021-09-23 20:42:50.392841,-31
2021-09-23 20:42:50.392847,-52
2021-09-23 20:42:50.392853,-24
2021-09-23 20:42:50.392859,33
2021-09-23 20:42:50.617661,84
2021-09-23 20:42:50.617683,252
2021-09-23 20:42:50.617690,673
2021-09-23 20:42:50.617697,1101
2021-09-23 20:42:50.617703,755
2021-09-23 20:42:50.617709,-274
2021-09-23 20:42:50.617715,-569
2021-09-23 20:42:50.617722,-101
2021-09-23 20:42:50.617728,-40
2021-09-23 20:42:50.617740,-211
2021-09-23 20:42:50.617747,-88
2021-09-23 20:42:50.617753,-12
2021-09-23 20:42:50.617759,-113
2021-09-23 20:42:50.617765,-125
2021-09-23 20:42:50.617771,-67
2021-09-23 20:42:50.617777,-57
2021-09-23 20:42:50.617783,-52
2021-09-23 20:42:50.617789,-38
2021-09-23 20:42:50.617796,-24
2021-09-23 20:42:50.617802,-14
2021-09-23 20:42:50.617808,-38
2021-09-23 20:42:50.617814,-60
2021-09-23 20:42:50.617820,-7
2021-09-23 20:42:50.617826,45
2021-09-23 20:42:50.617833,16
2021-09-23 20:42:50.617839,16
2021-09-23 20:42:50.617845,72
2021-09-23 20:42:50.617851,93
2021-09-23 20:42:50.617857,81
2021-09-23 20:42:50.617863,57
2021-09-23 20:42:50.887704,57
2021-09-23 20:42:50.887727,108
2021-09-23 20:42:50.887735,115
2021-09-23 20:42:50.887741,50
2021-09-23 20:42:50.887748,9
2021-09-23 20:42:50.887754,21
2021-09-23 20:42:50.887760,2
2021-09-23 20:42:50.887766,-55
2021-09-23 20:42:50.887772,-88
2021-09-23 20:42:50.887779,-84
2021-09-23 20:42:50.887785,-60
2021-09-23 20:42:50.887791,-74
2021-09-23 20:42:50.887797,-117
2021-09-23 20:42:50.887803,-113
2021-09-23 20:42:50.887809,-84
2021-09-23 20:42:50.887815,-103
2021-09-23 20:42:50.887822,-93
2021-09-23 20:42:50.887828,-57
2021-09-23 20:42:50.887834,-86
2021-09-23 20:42:50.887840,-103
2021-09-23 20:42:50.887847,-62
2021-09-23 20:42:50.887853,-48
2021-09-23 20:42:50.887859,-79
2021-09-23 20:42:50.887865,-69
2021-09-23 20:42:50.887871,-24
2021-09-23 20:42:50.887878,-33
2021-09-23 20:42:50.887884,-40
2021-09-23 20:42:50.887890,-33
2021-09-23 20:42:50.887896,-50
2021-09-23 20:42:50.887906,-24
2021-09-23 20:42:51.067670,14
2021-09-23 20:42:51.067691,-2
2021-09-23 20:42:51.067699,-12
2021-09-23 20:42:51.067705,-19
2021-09-23 20:42:51.067711,-64
2021-09-23 20:42:51.067718,-60
2021-09-23 20:42:51.067724,-9
2021-09-23 20:42:51.067730,2
2021-09-23 20:42:51.067736,-2
2021-09-23 20:42:51.067742,2
2021-09-23 20:42:51.067748,-21
2021-09-23 20:42:51.067754,-40
2021-09-23 20:42:51.067760,7
2021-09-23 20:42:51.067766,28
2021-09-23 20:42:51.067772,-21
2021-09-23 20:42:51.067778,-50
2021-09-23 20:42:51.067784,-38
2021-09-23 20:42:51.067791,-26
2021-09-23 20:42:51.067797,-19
2021-09-23 20:42:51.067803,-7
2021-09-23 20:42:51.067809,0
2021-09-23 20:42:51.067815,-14
2021-09-23 20:42:51.067821,-31
2021-09-23 20:42:51.067827,-31
2021-09-23 20:42:51.067833,-12
2021-09-23 20:42:51.067839,7
2021-09-23 20:42:51.067845,-4
2021-09-23 20:42:51.067851,-9
2021-09-23 20:42:51.067857,0
2021-09-23 20:42:51.067863,4
2021-09-23 20:42:51.381324,4
2021-09-23 20:42:51.381344,-14
2021-09-23 20:42:51.381352,-33
2021-09-23 20:42:51.381358,-40
2021-09-23 20:42:51.381365,-38
2021-09-23 20:42:51.381371,-24
2021-09-23 20:42:51.381377,-21
2021-09-23 20:42:51.381384,4
2021-09-23 20:42:51.381390,110
2021-09-23 20:42:51.381396,346
2021-09-23 20:42:51.381402,783
2021-09-23 20:42:51.381408,1067
2021-09-23 20:42:51.381415,447
2021-09-23 20:42:51.381421,-500
2021-09-23 20:42:51.381427,-476
2021-09-23 20:42:51.381433,-72
2021-09-23 20:42:51.381439,-134
2021-09-23 20:42:51.381445,-163
2021-09-23 20:42:51.381451,-52
2021-09-23 20:42:51.381465,-76
2021-09-23 20:42:51.381471,-84
2021-09-23 20:42:51.381477,-67
2021-09-23 20:42:51.381483,-88
2021-09-23 20:42:51.381489,-60
2021-09-23 20:42:51.381496,-43
2021-09-23 20:42:51.381501,-50
2021-09-23 20:42:51.381507,0
2021-09-23 20:42:51.381513,31
2021-09-23 20:42:51.381520,12
2021-09-23 20:42:51.381526,4
2021-09-23 20:42:51.607679,2
2021-09-23 20:42:51.607700,7
2021-09-23 20:42:51.607708,45
2021-09-23 20:42:51.607714,88
2021-09-23 20:42:51.607721,76
2021-09-23 20:42:51.607727,60
2021-09-23 20:42:51.607733,96
2021-09-23 20:42:51.607739,134
2021-09-23 20:42:51.607745,117
2021-09-23 20:42:51.607751,69
2021-09-23 20:42:51.607757,40
2021-09-23 20:42:51.607763,38
2021-09-23 20:42:51.607769,36
2021-09-23 20:42:51.607775,28
2021-09-23 20:42:51.607781,12
2021-09-23 20:42:51.607787,-48
2021-09-23 20:42:51.607793,-129
2021-09-23 20:42:51.607826,-129
2021-09-23 20:42:51.607833,-60
2021-09-23 20:42:51.607839,-84
2021-09-23 20:42:51.607845,-125
2021-09-23 20:42:51.607851,-84
2021-09-23 20:42:51.607857,-76
2021-09-23 20:42:51.607863,-117
2021-09-23 20:42:51.607869,-129
2021-09-23 20:42:51.607875,-96
2021-09-23 20:42:51.607881,-52
2021-09-23 20:42:51.607887,-62
2021-09-23 20:42:51.607894,-91
2021-09-23 20:42:51.607900,-60
2021-09-23 20:42:51.787677,-16
2021-09-23 20:42:51.787698,-50
2021-09-23 20:42:51.787705,-86
2021-09-23 20:42:51.787712,-52
2021-09-23 20:42:51.787718,-24
2021-09-23 20:42:51.787725,-21
2021-09-23 20:42:51.787731,-19
2021-09-23 20:42:51.787737,-40
2021-09-23 20:42:51.787750,-76
2021-09-23 20:42:51.787757,-60
2021-09-23 20:42:51.787764,7
2021-09-23 20:42:51.787770,14
2021-09-23 20:42:51.787776,-21
2021-09-23 20:42:51.787782,-28
2021-09-23 20:42:51.787788,-33
2021-09-23 20:42:51.787794,-52
2021-09-23 20:42:51.787800,-67
2021-09-23 20:42:51.787807,-57
2021-09-23 20:42:51.787813,-2
2021-09-23 20:42:51.787819,12
2021-09-23 20:42:51.787826,-43
2021-09-23 20:42:51.787832,-26
2021-09-23 20:42:51.787838,7
2021-09-23 20:42:51.787844,-48
2021-09-23 20:42:51.787850,-48
2021-09-23 20:42:51.787857,4
2021-09-23 20:42:51.787863,-43
2021-09-23 20:42:51.787869,-57
2021-09-23 20:42:51.787875,-9
2021-09-23 20:42:51.787881,0
2021-09-23 20:42:52.012675,64
2021-09-23 20:42:52.012697,117
2021-09-23 20:42:52.012705,45
2021-09-23 20:42:52.012711,16
2021-09-23 20:42:52.012717,43
2021-09-23 20:42:52.012724,9
2021-09-23 20:42:52.012730,9
2021-09-23 20:42:52.012736,21
2021-09-23 20:42:52.012742,-60
2021-09-23 20:42:52.012748,-69
2021-09-23 20:42:52.012754,38
2021-09-23 20:42:52.012761,103
2021-09-23 20:42:52.012767,271
2021-09-23 20:42:52.012773,759
2021-09-23 20:42:52.012780,1159
2021-09-23 20:42:52.012786,620
2021-09-23 20:42:52.012792,-420
2021-09-23 20:42:52.012799,-488
2021-09-23 20:42:52.012805,24
2021-09-23 20:42:52.012811,0
2021-09-23 20:42:52.012817,-161
2021-09-23 20:42:52.012823,-93
2021-09-23 20:42:52.012829,-67
2021-09-23 20:42:52.012836,-74
2021-09-23 20:42:52.012842,-28
2021-09-23 20:42:52.012848,-4
2021-09-23 20:42:52.012854,-28
2021-09-23 20:42:52.012860,-26
2021-09-23 20:42:52.012866,48
2021-09-23 20:42:52.012880,93
2021-09-23 20:42:52.237670,50
2021-09-23 20:42:52.237692,28
2021-09-23 20:42:52.237700,67
2021-09-23 20:42:52.237706,79
2021-09-23 20:42:52.237712,84
2021-09-23 20:42:52.237718,113
2021-09-23 20:42:52.237725,88
2021-09-23 20:42:52.237731,74
2021-09-23 20:42:52.237737,132
2021-09-23 20:42:52.237743,163
2021-09-23 20:42:52.237749,153
2021-09-23 20:42:52.237755,158
2021-09-23 20:42:52.237761,137
2021-09-23 20:42:52.237767,93
2021-09-23 20:42:52.237773,74
2021-09-23 20:42:52.237779,52
2021-09-23 20:42:52.237785,-2
2021-09-23 20:42:52.237791,-24
2021-09-23 20:42:52.237797,4
2021-09-23 20:42:52.237803,-26
2021-09-23 20:42:52.237809,-84
2021-09-23 20:42:52.237815,-86
2021-09-23 20:42:52.237821,-81
2021-09-23 20:42:52.237827,-110
2021-09-23 20:42:52.237832,-88
2021-09-23 20:42:52.237838,-19
2021-09-23 20:42:52.237844,-76
2021-09-23 20:42:52.237850,-204
2021-09-23 20:42:52.237856,-192
2021-09-23 20:42:52.237862,-120
2021-09-23 20:42:52.462607,-149
2021-09-23 20:42:52.462625,-158
2021-09-23 20:42:52.462633,-84
2021-09-23 20:42:52.462639,-74
2021-09-23 20:42:52.462646,-117
2021-09-23 20:42:52.462652,-86
2021-09-23 20:42:52.462658,-36
2021-09-23 20:42:52.462664,-50
2021-09-23 20:42:52.462670,-40
2021-09-23 20:42:52.462676,9
2021-09-23 20:42:52.462682,2
2021-09-23 20:42:52.462688,-21
2021-09-23 20:42:52.462694,0
2021-09-23 20:42:52.462700,2
2021-09-23 20:42:52.462706,-16
2021-09-23 20:42:52.462712,-19
2021-09-23 20:42:52.462718,-45
2021-09-23 20:42:52.462724,-52
2021-09-23 20:42:52.462731,14
2021-09-23 20:42:52.462745,48
2021-09-23 20:42:52.462752,19
2021-09-23 20:42:52.462758,14
2021-09-23 20:42:52.462764,36
2021-09-23 20:42:52.462770,26
2021-09-23 20:42:52.462776,-16
2021-09-23 20:42:52.462782,0
2021-09-23 20:42:52.462788,52
2021-09-23 20:42:52.462794,24
2021-09-23 20:42:52.462800,-24
2021-09-23 20:42:52.462807,-9
2021-09-23 20:42:52.687603,4
2021-09-23 20:42:52.687623,-21
2021-09-23 20:42:52.687630,-43
2021-09-23 20:42:52.687637,-33
2021-09-23 20:42:52.687643,-14
2021-09-23 20:42:52.687649,2
2021-09-23 20:42:52.687656,28
2021-09-23 20:42:52.687662,74
2021-09-23 20:42:52.687668,96
2021-09-23 20:42:52.687674,-4
2021-09-23 20:42:52.687680,-125
2021-09-23 20:42:52.687687,-120
2021-09-23 20:42:52.687693,-67
2021-09-23 20:42:52.687699,-38
2021-09-23 20:42:52.687713,-21
2021-09-23 20:42:52.687721,55
2021-09-23 20:42:52.687727,310
2021-09-23 20:42:52.687733,774
2021-09-23 20:42:52.687739,1103
2021-09-23 20:42:52.687745,495
2021-09-23 20:42:52.687752,-555
2021-09-23 20:42:52.687758,-478
2021-09-23 20:42:52.687764,72
2021-09-23 20:42:52.687770,-74
2021-09-23 20:42:52.687777,-235
2021-09-23 20:42:52.687783,-79
2021-09-23 20:42:52.687789,-60
2021-09-23 20:42:52.687795,-113
2021-09-23 20:42:52.687801,-98
2021-09-23 20:42:52.687807,-76
2021-09-23 20:42:52.957601,-43
2021-09-23 20:42:52.957620,-26
2021-09-23 20:42:52.957627,-52
2021-09-23 20:42:52.957634,-108
2021-09-23 20:42:52.957640,-129
2021-09-23 20:42:52.957646,-36
2021-09-23 20:42:52.957652,48
2021-09-23 20:42:52.957659,7
2021-09-23 20:42:52.957665,-21
2021-09-23 20:42:52.957677,26
2021-09-23 20:42:52.957684,52
2021-09-23 20:42:52.957690,21
2021-09-23 20:42:52.957696,36
2021-09-23 20:42:52.957702,101
2021-09-23 20:42:52.957708,101
2021-09-23 20:42:52.957714,76
2021-09-23 20:42:52.957720,86
2021-09-23 20:42:52.957726,81
2021-09-23 20:42:52.957732,48
2021-09-23 20:42:52.957738,12
2021-09-23 20:42:52.957744,-9
2021-09-23 20:42:52.957750,-26
2021-09-23 20:42:52.957756,-69
2021-09-23 20:42:52.957762,-91
2021-09-23 20:42:52.957768,-62
2021-09-23 20:42:52.957774,-60
2021-09-23 20:42:52.957780,-103
2021-09-23 20:42:52.957786,-115
2021-09-23 20:42:52.957792,-105
2021-09-23 20:42:52.957798,-108
2021-09-23 20:42:53.182685,-103
2021-09-23 20:42:53.182707,-93
2021-09-23 20:42:53.182714,-93
2021-09-23 20:42:53.182721,-76
2021-09-23 20:42:53.182727,-45
2021-09-23 20:42:53.182733,-55
2021-09-23 20:42:53.182739,-74
2021-09-23 20:42:53.182746,-38
2021-09-23 20:42:53.182752,-24
2021-09-23 20:42:53.182758,-57
2021-09-23 20:42:53.182764,-74
2021-09-23 20:42:53.182770,-52
2021-09-23 20:42:53.182777,0
2021-09-23 20:42:53.182783,12
2021-09-23 20:42:53.182789,-26
2021-09-23 20:42:53.182795,-33
2021-09-23 20:42:53.182802,-9
2021-09-23 20:42:53.182808,-19
2021-09-23 20:42:53.182814,-52
2021-09-23 20:42:53.182820,-38
2021-09-23 20:42:53.182826,-16
2021-09-23 20:42:53.182833,-40
2021-09-23 20:42:53.182839,-45
2021-09-23 20:42:53.182845,-48
2021-09-23 20:42:53.182851,-64
2021-09-23 20:42:53.182857,-24
2021-09-23 20:42:53.182863,0
2021-09-23 20:42:53.182869,-31
2021-09-23 20:42:53.182875,-14
2021-09-23 20:42:53.182889,24
2021-09-23 20:42:53.496372,-4
2021-09-23 20:42:53.496393,-38
2021-09-23 20:42:53.496401,-28
2021-09-23 20:42:53.496407,-14
2021-09-23 20:42:53.496413,-26
2021-09-23 20:42:53.496420,-55
2021-09-23 20:42:53.496426,-64
2021-09-23 20:42:53.496432,16
2021-09-23 20:42:53.496438,98
2021-09-23 20:42:53.496444,38
2021-09-23 20:42:53.496450,-16
2021-09-23 20:42:53.496457,16
2021-09-23 20:42:53.496463,-7
2021-09-23 20:42:53.496469,-52
2021-09-23 20:42:53.496475,-36
2021-09-23 20:42:53.496481,-38
2021-09-23 20:42:53.496487,-69
2021-09-23 20:42:53.496494,-12
2021-09-23 20:42:53.496500,103
2021-09-23 20:42:53.496506,288
2021-09-23 20:42:53.496512,680
2021-09-23 20:42:53.496518,1082
2021-09-23 20:42:53.496525,709
2021-09-23 20:42:53.496531,-375
2021-09-23 20:42:53.496537,-658
2021-09-23 20:42:53.496543,-120
2021-09-23 20:42:53.496549,-26
2021-09-23 20:42:53.496555,-182
2021-09-23 20:42:53.496561,-74
2021-09-23 20:42:53.496567,-14
2021-09-23 20:42:53.632597,-69
2021-09-23 20:42:53.632618,-38
2021-09-23 20:42:53.632625,-2
2021-09-23 20:42:53.632632,-38
2021-09-23 20:42:53.632638,-36
2021-09-23 20:42:53.632644,9
2021-09-23 20:42:53.632650,9
2021-09-23 20:42:53.632663,-12
2021-09-23 20:42:53.632669,2
2021-09-23 20:42:53.632675,24
2021-09-23 20:42:53.632681,33
2021-09-23 20:42:53.632687,57
2021-09-23 20:42:53.632694,69
2021-09-23 20:42:53.632700,57
2021-09-23 20:42:53.632706,74
2021-09-23 20:42:53.632712,101
2021-09-23 20:42:53.632718,96
2021-09-23 20:42:53.632724,96
2021-09-23 20:42:53.632730,105
2021-09-23 20:42:53.632736,98
2021-09-23 20:42:53.632745,81
2021-09-23 20:42:53.632752,72
2021-09-23 20:42:53.632758,62
2021-09-23 20:42:53.632764,38
2021-09-23 20:42:53.632770,-12
2021-09-23 20:42:53.632776,-55
2021-09-23 20:42:53.632783,-62
2021-09-23 20:42:53.632789,-84
2021-09-23 20:42:53.632795,-125
2021-09-23 20:42:53.632801,-125
2021-09-23 20:42:53.902714,-110
2021-09-23 20:42:53.902735,-117
2021-09-23 20:42:53.902743,-115
2021-09-23 20:42:53.902750,-98
2021-09-23 20:42:53.902756,-113
2021-09-23 20:42:53.902762,-115
2021-09-23 20:42:53.902768,-81
2021-09-23 20:42:53.902775,-69
2021-09-23 20:42:53.902781,-72
2021-09-23 20:42:53.902787,-52
2021-09-23 20:42:53.902793,-52
2021-09-23 20:42:53.902799,-67
2021-09-23 20:42:53.902805,-52
2021-09-23 20:42:53.902811,-24
2021-09-23 20:42:53.902817,-14
2021-09-23 20:42:53.902823,-33
2021-09-23 20:42:53.902830,-69
2021-09-23 20:42:53.902836,-72
2021-09-23 20:42:53.902842,-33
2021-09-23 20:42:53.902848,-31
2021-09-23 20:42:53.902854,-43
2021-09-23 20:42:53.902860,-31
2021-09-23 20:42:53.902866,-26
2021-09-23 20:42:53.902872,-38
2021-09-23 20:42:53.902878,-33
2021-09-23 20:42:53.902884,-24
2021-09-23 20:42:53.902890,-36
2021-09-23 20:42:53.902896,-26
2021-09-23 20:42:53.902902,9
2021-09-23 20:42:53.902908,-7
2021-09-23 20:42:54.082711,-50
2021-09-23 20:42:54.082732,-33
2021-09-23 20:42:54.082739,-19
2021-09-23 20:42:54.082746,-38
2021-09-23 20:42:54.082752,-33
2021-09-23 20:42:54.082758,-9
2021-09-23 20:42:54.082764,-14
2021-09-23 20:42:54.082770,-24
2021-09-23 20:42:54.082776,14
2021-09-23 20:42:54.082789,177
2021-09-23 20:42:54.082795,533
2021-09-23 20:42:54.082802,918
2021-09-23 20:42:54.082808,642
2021-09-23 20:42:54.082814,-348
2021-09-23 20:42:54.082820,-687
2021-09-23 20:42:54.082826,-168
2021-09-23 20:42:54.082832,-12
2021-09-23 20:42:54.082838,-173
2021-09-23 20:42:54.082844,-98
2021-09-23 20:42:54.082850,-33
2021-09-23 20:42:54.082856,-79
2021-09-23 20:42:54.082862,-60
2021-09-23 20:42:54.082868,-21
2021-09-23 20:42:54.082874,-19
2021-09-23 20:42:54.082880,-9
2021-09-23 20:42:54.082886,0
2021-09-23 20:42:54.082892,-2
2021-09-23 20:42:54.082898,-2
2021-09-23 20:42:54.082904,4
2021-09-23 20:42:54.082910,19
2021-09-23 20:42:54.307688,28
2021-09-23 20:42:54.307709,38
2021-09-23 20:42:54.307717,52
2021-09-23 20:42:54.307723,57
2021-09-23 20:42:54.307729,84
2021-09-23 20:42:54.307735,122
2021-09-23 20:42:54.307742,93
2021-09-23 20:42:54.307747,60
2021-09-23 20:42:54.307754,91
2021-09-23 20:42:54.307760,105
2021-09-23 20:42:54.307765,74
2021-09-23 20:42:54.307772,45
2021-09-23 20:42:54.307778,16
2021-09-23 20:42:54.307784,-21
2021-09-23 20:42:54.307790,-60
2021-09-23 20:42:54.307796,-108
2021-09-23 20:42:54.307802,-146
2021-09-23 20:42:54.307808,-149
2021-09-23 20:42:54.307814,-146
2021-09-23 20:42:54.307820,-161
2021-09-23 20:42:54.307826,-158
2021-09-23 20:42:54.307832,-151
2021-09-23 20:42:54.307838,-153
2021-09-23 20:42:54.307844,-144
2021-09-23 20:42:54.307850,-134
2021-09-23 20:42:54.307856,-132
2021-09-23 20:42:54.307862,-122
2021-09-23 20:42:54.307869,-103
2021-09-23 20:42:54.307875,-72
2021-09-23 20:42:54.307887,-57
2021-09-23 20:42:54.532712,-72
2021-09-23 20:42:54.532734,-84
2021-09-23 20:42:54.532742,-72
2021-09-23 20:42:54.532748,-57
2021-09-23 20:42:54.532755,-62
2021-09-23 20:42:54.532761,-72
2021-09-23 20:42:54.532767,-60
2021-09-23 20:42:54.532773,-45
2021-09-23 20:42:54.532779,-55
2021-09-23 20:42:54.532785,-64
2021-09-23 20:42:54.532791,-57
2021-09-23 20:42:54.532797,-60
2021-09-23 20:42:54.532803,-64
2021-09-23 20:42:54.532809,-60
2021-09-23 20:42:54.532814,-50
2021-09-23 20:42:54.532820,-40
2021-09-23 20:42:54.532826,-45
2021-09-23 20:42:54.532832,-55
2021-09-23 20:42:54.532838,-52
2021-09-23 20:42:54.532844,-50
2021-09-23 20:42:54.532850,-48
2021-09-23 20:42:54.532856,-48
2021-09-23 20:42:54.532862,-55
2021-09-23 20:42:54.532868,-43
2021-09-23 20:42:54.532874,-14
2021-09-23 20:42:54.532880,40
2021-09-23 20:42:54.532893,259
2021-09-23 20:42:54.532900,697
2021-09-23 20:42:54.532906,988
2021-09-23 20:42:54.532912,442
2021-09-23 20:42:54.802715,-505
2021-09-23 20:42:54.802736,-533
2021-09-23 20:42:54.802744,-57
2021-09-23 20:42:54.802751,-81
2021-09-23 20:42:54.802757,-192
2021-09-23 20:42:54.802763,-74
2021-09-23 20:42:54.802770,-45
2021-09-23 20:42:54.802776,-88
2021-09-23 20:42:54.802782,-62
2021-09-23 20:42:54.802788,-45
2021-09-23 20:42:54.802794,-72
2021-09-23 20:42:54.802800,-62
2021-09-23 20:42:54.802806,-16
2021-09-23 20:42:54.802812,-19
2021-09-23 20:42:54.802819,-45
2021-09-23 20:42:54.802825,-26
2021-09-23 20:42:54.802831,2
2021-09-23 20:42:54.802837,7
2021-09-23 20:42:54.802843,16
2021-09-23 20:42:54.802849,33
2021-09-23 20:42:54.802855,48
2021-09-23 20:42:54.802861,67
2021-09-23 20:42:54.802868,88
2021-09-23 20:42:54.802874,96
2021-09-23 20:42:54.802880,93
2021-09-23 20:42:54.802886,96
2021-09-23 20:42:54.802892,91
2021-09-23 20:42:54.802898,67
2021-09-23 20:42:54.802904,48
2021-09-23 20:42:54.802910,28
2021-09-23 20:42:54.982720,-7
2021-09-23 20:42:54.982741,-43
2021-09-23 20:42:54.982749,-57
2021-09-23 20:42:54.982755,-62
2021-09-23 20:42:54.982761,-96
2021-09-23 20:42:54.982767,-127
2021-09-23 20:42:54.982774,-122
2021-09-23 20:42:54.982780,-98
2021-09-23 20:42:54.982786,-108
2021-09-23 20:42:54.982792,-132
2021-09-23 20:42:54.982798,-129
2021-09-23 20:42:54.982804,-110
2021-09-23 20:42:54.982810,-103
2021-09-23 20:42:54.982816,-91
2021-09-23 20:42:54.982822,-74
2021-09-23 20:42:54.982828,-74
2021-09-23 20:42:54.982834,-72
2021-09-23 20:42:54.982841,-67
2021-09-23 20:42:54.982847,-64
2021-09-23 20:42:54.982853,-57
2021-09-23 20:42:54.982859,-62
2021-09-23 20:42:54.982865,-81
2021-09-23 20:42:54.982871,-69
2021-09-23 20:42:54.982877,-48
2021-09-23 20:42:54.982883,-48
2021-09-23 20:42:54.982889,-48
2021-09-23 20:42:54.982895,-48
2021-09-23 20:42:54.982901,-48
2021-09-23 20:42:54.982907,-45
2021-09-23 20:42:54.982913,-24
2021-09-23 20:42:55.253190,-2
2021-09-23 20:42:55.253210,-16
2021-09-23 20:42:55.253217,-45
2021-09-23 20:42:55.253224,-52
2021-09-23 20:42:55.253230,-48
2021-09-23 20:42:55.253236,-45
2021-09-23 20:42:55.253242,-38
2021-09-23 20:42:55.253248,-31
2021-09-23 20:42:55.253254,-31
2021-09-23 20:42:55.253269,-28
2021-09-23 20:42:55.253276,2
2021-09-23 20:42:55.253282,132
2021-09-23 20:42:55.253288,459
2021-09-23 20:42:55.253294,923
2021-09-23 20:42:55.253300,925
2021-09-23 20:42:55.253306,7
2021-09-23 20:42:55.253312,-680
2021-09-23 20:42:55.253318,-295
2021-09-23 20:42:55.253324,26
2021-09-23 20:42:55.253331,-151
2021-09-23 20:42:55.253337,-149
2021-09-23 20:42:55.253343,-33
2021-09-23 20:42:55.253349,-67
2021-09-23 20:42:55.253355,-86
2021-09-23 20:42:55.253361,-36
2021-09-23 20:42:55.253367,-21
2021-09-23 20:42:55.253373,-31
2021-09-23 20:42:55.253379,-19
2021-09-23 20:42:55.253385,2
2021-09-23 20:42:55.253391,12
2021-09-23 20:42:55.566336,19
2021-09-23 20:42:55.566357,31
2021-09-23 20:42:55.566364,40
2021-09-23 20:42:55.566371,50
2021-09-23 20:42:55.566377,69
2021-09-23 20:42:55.566383,91
2021-09-23 20:42:55.566389,103
2021-09-23 20:42:55.566395,108
2021-09-23 20:42:55.566402,113
2021-09-23 20:42:55.566408,117
2021-09-23 20:42:55.566414,122
2021-09-23 20:42:55.566420,122
2021-09-23 20:42:55.566426,110
2021-09-23 20:42:55.566432,88
2021-09-23 20:42:55.566438,60
2021-09-23 20:42:55.566444,19
2021-09-23 20:42:55.566450,-24
2021-09-23 20:42:55.566456,-52
2021-09-23 20:42:55.566462,-64
2021-09-23 20:42:55.566468,-72
2021-09-23 20:42:55.566474,-81
2021-09-23 20:42:55.566480,-88
2021-09-23 20:42:55.566486,-93
2021-09-23 20:42:55.566493,-88
2021-09-23 20:42:55.566499,-81
2021-09-23 20:42:55.566505,-91
2021-09-23 20:42:55.566511,-101
2021-09-23 20:42:55.566517,-96
2021-09-23 20:42:55.566523,-84
2021-09-23 20:42:55.566536,-72
2021-09-23 20:42:55.792141,-67
2021-09-23 20:42:55.792162,-64
2021-09-23 20:42:55.792170,-57
2021-09-23 20:42:55.792176,-48
2021-09-23 20:42:55.792183,-33
2021-09-23 20:42:55.792189,-21
2021-09-23 20:42:55.792195,-19
2021-09-23 20:42:55.792202,-28
2021-09-23 20:42:55.792208,-50
2021-09-23 20:42:55.792214,-57
2021-09-23 20:42:55.792220,-43
2021-09-23 20:42:55.792226,-48
2021-09-23 20:42:55.792233,-55
2021-09-23 20:42:55.792239,-52
2021-09-23 20:42:55.792245,-45
2021-09-23 20:42:55.792252,-40
2021-09-23 20:42:55.792258,-43
2021-09-23 20:42:55.792264,-38
2021-09-23 20:42:55.792270,-36
2021-09-23 20:42:55.792277,-48
2021-09-23 20:42:55.792283,-64
2021-09-23 20:42:55.792289,-69
2021-09-23 20:42:55.792295,-50
2021-09-23 20:42:55.792302,-40
2021-09-23 20:42:55.792308,-40
2021-09-23 20:42:55.792314,-2
2021-09-23 20:42:55.792320,156
2021-09-23 20:42:55.792327,519
2021-09-23 20:42:55.792333,978
2021-09-23 20:42:55.792339,839
2021-09-23 20:42:55.927598,-161
2021-09-23 20:42:55.927621,-680
2021-09-23 20:42:55.927628,-218
2021-09-23 20:42:55.927635,-12
2021-09-23 20:42:55.927641,-197
2021-09-23 20:42:55.927647,-132
2021-09-23 20:42:55.927653,-28
2021-09-23 20:42:55.927659,-81
2021-09-23 20:42:55.927665,-74
2021-09-23 20:42:55.927671,-21
2021-09-23 20:42:55.927678,-24
2021-09-23 20:42:55.927684,-33
2021-09-23 20:42:55.927690,-21
2021-09-23 20:42:55.927696,-12
2021-09-23 20:42:55.927702,-2
2021-09-23 20:42:55.927708,9
2021-09-23 20:42:55.927715,12
2021-09-23 20:42:55.927721,14
2021-09-23 20:42:55.927727,33
2021-09-23 20:42:55.927740,57
2021-09-23 20:42:55.927746,64
2021-09-23 20:42:55.927752,74
2021-09-23 20:42:55.927759,103
2021-09-23 20:42:55.927765,120
2021-09-23 20:42:55.927771,120
2021-09-23 20:42:55.927777,120
2021-09-23 20:42:55.927783,113
2021-09-23 20:42:55.927789,91
2021-09-23 20:42:55.927795,72
2021-09-23 20:42:55.927801,48
2021-09-23 20:42:56.197126,9
2021-09-23 20:42:56.197147,-24
2021-09-23 20:42:56.197154,-45
2021-09-23 20:42:56.197160,-64
2021-09-23 20:42:56.197166,-81
2021-09-23 20:42:56.197172,-93
2021-09-23 20:42:56.197179,-96
2021-09-23 20:42:56.197185,-96
2021-09-23 20:42:56.197191,-93
2021-09-23 20:42:56.197197,-86
2021-09-23 20:42:56.197203,-79
2021-09-23 20:42:56.197209,-76
2021-09-23 20:42:56.197215,-79
2021-09-23 20:42:56.197221,-64
2021-09-23 20:42:56.197227,-50
2021-09-23 20:42:56.197233,-48
2021-09-23 20:42:56.197239,-45
2021-09-23 20:42:56.197245,-45
2021-09-23 20:42:56.197251,-38
2021-09-23 20:42:56.197257,-14
2021-09-23 20:42:56.197263,-4
2021-09-23 20:42:56.197269,-14
2021-09-23 20:42:56.197275,-19
2021-09-23 20:42:56.197281,-12
2021-09-23 20:42:56.197287,-12
2021-09-23 20:42:56.197293,-26
2021-09-23 20:42:56.197299,-36
2021-09-23 20:42:56.197305,-31
2021-09-23 20:42:56.197311,-26
2021-09-23 20:42:56.197316,-26
2021-09-23 20:42:56.377818,-28
2021-09-23 20:42:56.377841,-33
2021-09-23 20:42:56.377848,-28
2021-09-23 20:42:56.377855,-16
2021-09-23 20:42:56.377861,-21
2021-09-23 20:42:56.377868,-33
2021-09-23 20:42:56.377874,-36
2021-09-23 20:42:56.377880,-31
2021-09-23 20:42:56.377887,-26
2021-09-23 20:42:56.377901,-19
2021-09-23 20:42:56.377908,-19
2021-09-23 20:42:56.377914,-14
2021-09-23 20:42:56.377921,67
2021-09-23 20:42:56.377927,322
2021-09-23 20:42:56.377933,783
2021-09-23 20:42:56.377939,1098
2021-09-23 20:42:56.377945,507
2021-09-23 20:42:56.377952,-514
2021-09-23 20:42:56.377958,-526
2021-09-23 20:42:56.377964,-38
2021-09-23 20:42:56.377970,-110
2021-09-23 20:42:56.377976,-216
2021-09-23 20:42:56.377982,-72
2021-09-23 20:42:56.377988,-62
2021-09-23 20:42:56.377994,-110
2021-09-23 20:42:56.378000,-60
2021-09-23 20:42:56.378006,-31
2021-09-23 20:42:56.378012,-48
2021-09-23 20:42:56.378019,-45
2021-09-23 20:42:56.378024,-31
2021-09-23 20:42:56.647643,-21
2021-09-23 20:42:56.647663,-2
2021-09-23 20:42:56.647670,12
2021-09-23 20:42:56.647677,0
2021-09-23 20:42:56.647683,-4
2021-09-23 20:42:56.647689,12
2021-09-23 20:42:56.647695,26
2021-09-23 20:42:56.647701,48
2021-09-23 20:42:56.647714,74
2021-09-23 20:42:56.647720,81
2021-09-23 20:42:56.647727,76
2021-09-23 20:42:56.647733,79
2021-09-23 20:42:56.647739,76
2021-09-23 20:42:56.647745,64
2021-09-23 20:42:56.647751,48
2021-09-23 20:42:56.647758,24
2021-09-23 20:42:56.647764,-7
2021-09-23 20:42:56.647770,-28
2021-09-23 20:42:56.647776,-50
2021-09-23 20:42:56.647782,-79
2021-09-23 20:42:56.647789,-103
2021-09-23 20:42:56.647795,-117
2021-09-23 20:42:56.647801,-122
2021-09-23 20:42:56.647807,-122
2021-09-23 20:42:56.647813,-120
2021-09-23 20:42:56.647819,-110
2021-09-23 20:42:56.647825,-110
2021-09-23 20:42:56.647831,-132
2021-09-23 20:42:56.647837,-127
2021-09-23 20:42:56.647846,-98
2021-09-23 20:42:56.827752,-93
2021-09-23 20:42:56.827773,-113
2021-09-23 20:42:56.827781,-110
2021-09-23 20:42:56.827787,-98
2021-09-23 20:42:56.827793,-98
2021-09-23 20:42:56.827813,-91
2021-09-23 20:42:56.827819,-72
2021-09-23 20:42:56.827825,-76
2021-09-23 20:42:56.827831,-91
2021-09-23 20:42:56.827838,-91
2021-09-23 20:42:56.827844,-91
2021-09-23 20:42:56.827850,-98
2021-09-23 20:42:56.827856,-91
2021-09-23 20:42:56.827862,-81
2021-09-23 20:42:56.827868,-81
2021-09-23 20:42:56.827874,-86
2021-09-23 20:42:56.827880,-86
2021-09-23 20:42:56.827886,-91
2021-09-23 20:42:56.827892,-93
2021-09-23 20:42:56.827898,-84
2021-09-23 20:42:56.827904,-69
2021-09-23 20:42:56.827910,-60
2021-09-23 20:42:56.827916,-45
2021-09-23 20:42:56.827922,-36
2021-09-23 20:42:56.827927,-62
2021-09-23 20:42:56.827933,-86
2021-09-23 20:42:56.827939,-74
2021-09-23 20:42:56.827945,-64
2021-09-23 20:42:56.827951,-69
2021-09-23 20:42:56.827957,-62
2021-09-23 20:42:57.142725,-31
2021-09-23 20:42:57.142747,62
2021-09-23 20:42:57.142755,317
2021-09-23 20:42:57.142761,755
2021-09-23 20:42:57.142767,1017
2021-09-23 20:42:57.142773,428
2021-09-23 20:42:57.142779,-512
2021-09-23 20:42:57.142786,-507
2021-09-23 20:42:57.142792,-64
2021-09-23 20:42:57.142798,-146
2021-09-23 20:42:57.142803,-257
2021-09-23 20:42:57.142810,-125
2021-09-23 20:42:57.142815,-96
2021-09-23 20:42:57.142821,-127
2021-09-23 20:42:57.142828,-91
2021-09-23 20:42:57.142834,-86
2021-09-23 20:42:57.142840,-93
2021-09-23 20:42:57.142846,-60
2021-09-23 20:42:57.142852,-43
2021-09-23 20:42:57.142865,-52
2021-09-23 20:42:57.142872,-52
2021-09-23 20:42:57.142878,-48
2021-09-23 20:42:57.142884,-36
2021-09-23 20:42:57.142890,-9
2021-09-23 20:42:57.142896,12
2021-09-23 20:42:57.142902,19
2021-09-23 20:42:57.142908,21
2021-09-23 20:42:57.142914,38
2021-09-23 20:42:57.142920,55
2021-09-23 20:42:57.142926,57
2021-09-23 20:42:57.367729,55
2021-09-23 20:42:57.367750,57
2021-09-23 20:42:57.367757,55
2021-09-23 20:42:57.367764,50
2021-09-23 20:42:57.367770,33
2021-09-23 20:42:57.367776,-9
2021-09-23 20:42:57.367782,-60
2021-09-23 20:42:57.367788,-86
2021-09-23 20:42:57.367794,-101
2021-09-23 20:42:57.367800,-117
2021-09-23 20:42:57.367807,-127
2021-09-23 20:42:57.367813,-129
2021-09-23 20:42:57.367819,-120
2021-09-23 20:42:57.367825,-108
2021-09-23 20:42:57.367831,-115
2021-09-23 20:42:57.367837,-139
2021-09-23 20:42:57.367843,-137
2021-09-23 20:42:57.367849,-113
2021-09-23 20:42:57.367855,-101
2021-09-23 20:42:57.367861,-110
2021-09-23 20:42:57.367867,-110
2021-09-23 20:42:57.367873,-96
2021-09-23 20:42:57.367879,-91
2021-09-23 20:42:57.367885,-91
2021-09-23 20:42:57.367891,-69
2021-09-23 20:42:57.367897,-60
2021-09-23 20:42:57.367903,-76
2021-09-23 20:42:57.367909,-81
2021-09-23 20:42:57.367915,-57
2021-09-23 20:42:57.367921,-45
2021-09-23 20:42:57.636406,-55
2021-09-23 20:42:57.636428,-52
2021-09-23 20:42:57.636436,-40
2021-09-23 20:42:57.636442,-43
2021-09-23 20:42:57.636448,-52
2021-09-23 20:42:57.636455,-57
2021-09-23 20:42:57.636461,-48
2021-09-23 20:42:57.636467,-31
2021-09-23 20:42:57.636473,-36
2021-09-23 20:42:57.636493,-43
2021-09-23 20:42:57.636500,-31
2021-09-23 20:42:57.636506,-31
2021-09-23 20:42:57.636512,-48
2021-09-23 20:42:57.636519,-57
2021-09-23 20:42:57.636528,-57
2021-09-23 20:42:57.636534,-57
2021-09-23 20:42:57.636541,-48
2021-09-23 20:42:57.636547,-31
2021-09-23 20:42:57.636553,-4
2021-09-23 20:42:57.636559,127
2021-09-23 20:42:57.636565,461
2021-09-23 20:42:57.636571,887
2021-09-23 20:42:57.636577,803
2021-09-23 20:42:57.636583,-120
2021-09-23 20:42:57.636589,-704
2021-09-23 20:42:57.636595,-286
2021-09-23 20:42:57.636631,-16
2021-09-23 20:42:57.636637,-185
2021-09-23 20:42:57.636643,-137
2021-09-23 20:42:57.636649,-28
2021-09-23 20:42:57.772811,-81
2021-09-23 20:42:57.772832,-86
2021-09-23 20:42:57.772840,-33
2021-09-23 20:42:57.772846,-36
2021-09-23 20:42:57.772853,-45
2021-09-23 20:42:57.772860,-26
2021-09-23 20:42:57.772866,-16
2021-09-23 20:42:57.772872,-21
2021-09-23 20:42:57.772878,-14
2021-09-23 20:42:57.772884,0
2021-09-23 20:42:57.772890,4
2021-09-23 20:42:57.772896,4
2021-09-23 20:42:57.772902,12
2021-09-23 20:42:57.772908,26
2021-09-23 20:42:57.772914,33
2021-09-23 20:42:57.772920,40
2021-09-23 20:42:57.772926,62
2021-09-23 20:42:57.772932,67
2021-09-23 20:42:57.772938,50
2021-09-23 20:42:57.772944,45
2021-09-23 20:42:57.772950,45
2021-09-23 20:42:57.772956,24
2021-09-23 20:42:57.772962,-7
2021-09-23 20:42:57.772968,-31
2021-09-23 20:42:57.772975,-67
2021-09-23 20:42:57.772981,-103
2021-09-23 20:42:57.772987,-108
2021-09-23 20:42:57.772993,-108
2021-09-23 20:42:57.772999,-122
2021-09-23 20:42:57.773011,-146
2021-09-23 20:42:57.997770,-156
2021-09-23 20:42:57.997792,-146
2021-09-23 20:42:57.997800,-134
2021-09-23 20:42:57.997806,-129
2021-09-23 20:42:57.997813,-120
2021-09-23 20:42:57.997819,-115
2021-09-23 20:42:57.997825,-117
2021-09-23 20:42:57.997831,-110
2021-09-23 20:42:57.997838,-81
2021-09-23 20:42:57.997844,-67
2021-09-23 20:42:57.997850,-74
2021-09-23 20:42:57.997856,-76
2021-09-23 20:42:57.997862,-76
2021-09-23 20:42:57.997868,-79
2021-09-23 20:42:57.997874,-74
2021-09-23 20:42:57.997880,-79
2021-09-23 20:42:57.997887,-79
2021-09-23 20:42:57.997893,-67
2021-09-23 20:42:57.997899,-62
2021-09-23 20:42:57.997905,-81
2021-09-23 20:42:57.997911,-93
2021-09-23 20:42:57.997917,-86
2021-09-23 20:42:57.997923,-72
2021-09-23 20:42:57.997929,-55
2021-09-23 20:42:57.997935,-36
2021-09-23 20:42:57.997941,-31
2021-09-23 20:42:57.997947,-43
2021-09-23 20:42:57.997953,-52
2021-09-23 20:42:57.997959,-64
2021-09-23 20:42:57.997966,-81
2021-09-23 20:42:58.222758,-76
2021-09-23 20:42:58.222780,-55
2021-09-23 20:42:58.222787,-50
2021-09-23 20:42:58.222794,-57
2021-09-23 20:42:58.222800,-28
2021-09-23 20:42:58.222806,110
2021-09-23 20:42:58.222812,430
2021-09-23 20:42:58.222819,827
2021-09-23 20:42:58.222825,709
2021-09-23 20:42:58.222831,-204
2021-09-23 20:42:58.222837,-721
2021-09-23 20:42:58.222843,-288
2021-09-23 20:42:58.222849,-48
2021-09-23 20:42:58.222855,-202
2021-09-23 20:42:58.222861,-132
2021-09-23 20:42:58.222867,-40
2021-09-23 20:42:58.222873,-110
2021-09-23 20:42:58.222879,-125
2021-09-23 20:42:58.222885,-84
2021-09-23 20:42:58.222899,-84
2021-09-23 20:42:58.222905,-84
2021-09-23 20:42:58.222911,-62
2021-09-23 20:42:58.222917,-43
2021-09-23 20:42:58.222923,-38
2021-09-23 20:42:58.222929,-31
2021-09-23 20:42:58.222936,-19
2021-09-23 20:42:58.222942,-7
2021-09-23 20:42:58.222948,2
2021-09-23 20:42:58.222954,7
2021-09-23 20:42:58.222960,9
2021-09-23 20:42:58.447783,36
2021-09-23 20:42:58.447806,64
2021-09-23 20:42:58.447813,74
2021-09-23 20:42:58.447820,79
2021-09-23 20:42:58.447826,76
2021-09-23 20:42:58.447832,45
2021-09-23 20:42:58.447838,24
2021-09-23 20:42:58.447845,21
2021-09-23 20:42:58.447851,0
2021-09-23 20:42:58.447857,-48
2021-09-23 20:42:58.447863,-93
2021-09-23 20:42:58.447869,-120
2021-09-23 20:42:58.447875,-132
2021-09-23 20:42:58.447881,-141
2021-09-23 20:42:58.447887,-151
2021-09-23 20:42:58.447893,-149
2021-09-23 20:42:58.447899,-156
2021-09-23 20:42:58.447905,-170
2021-09-23 20:42:58.447911,-161
2021-09-23 20:42:58.447918,-149
2021-09-23 20:42:58.447930,-149
2021-09-23 20:42:58.447937,-144
2021-09-23 20:42:58.447943,-127
2021-09-23 20:42:58.447949,-108
2021-09-23 20:42:58.447955,-98
2021-09-23 20:42:58.447961,-96
2021-09-23 20:42:58.447967,-86
2021-09-23 20:42:58.447973,-79
2021-09-23 20:42:58.447979,-79
2021-09-23 20:42:58.447985,-79
2021-09-23 20:42:58.672745,-69
2021-09-23 20:42:58.672766,-64
2021-09-23 20:42:58.672773,-67
2021-09-23 20:42:58.672780,-76
2021-09-23 20:42:58.672786,-93
2021-09-23 20:42:58.672792,-91
2021-09-23 20:42:58.672799,-79
2021-09-23 20:42:58.672805,-76
2021-09-23 20:42:58.672811,-81
2021-09-23 20:42:58.672817,-84
2021-09-23 20:42:58.672823,-79
2021-09-23 20:42:58.672830,-62
2021-09-23 20:42:58.672836,-50
2021-09-23 20:42:58.672841,-50
2021-09-23 20:42:58.672847,-52
2021-09-23 20:42:58.672853,-74
2021-09-23 20:42:58.672859,-86
2021-09-23 20:42:58.672865,-72
2021-09-23 20:42:58.672871,-64
2021-09-23 20:42:58.672877,-67
2021-09-23 20:42:58.672884,-60
2021-09-23 20:42:58.672890,-40
2021-09-23 20:42:58.672895,28
2021-09-23 20:42:58.672902,254
2021-09-23 20:42:58.672908,692
2021-09-23 20:42:58.672914,971
2021-09-23 20:42:58.672920,384
2021-09-23 20:42:58.672926,-526
2021-09-23 20:42:58.672932,-478
2021-09-23 20:42:58.672938,-55
2021-09-23 20:42:58.942774,-149
2021-09-23 20:42:58.942796,-228
2021-09-23 20:42:58.942803,-93
2021-09-23 20:42:58.942810,-101
2021-09-23 20:42:58.942816,-149
2021-09-23 20:42:58.942822,-96
2021-09-23 20:42:58.942829,-72
2021-09-23 20:42:58.942835,-84
2021-09-23 20:42:58.942841,-67
2021-09-23 20:42:58.942847,-69
2021-09-23 20:42:58.942853,-79
2021-09-23 20:42:58.942859,-55
2021-09-23 20:42:58.942865,-33
2021-09-23 20:42:58.942872,-43
2021-09-23 20:42:58.942878,-52
2021-09-23 20:42:58.942884,-36
2021-09-23 20:42:58.942890,-7
2021-09-23 20:42:58.942896,2
2021-09-23 20:42:58.942902,4
2021-09-23 20:42:58.942909,31
2021-09-23 20:42:58.942915,52
2021-09-23 20:42:58.942921,45
2021-09-23 20:42:58.942927,33
2021-09-23 20:42:58.942933,31
2021-09-23 20:42:58.942939,21
2021-09-23 20:42:58.942945,2
2021-09-23 20:42:58.942951,-24
2021-09-23 20:42:58.942957,-52
2021-09-23 20:42:58.942963,-81
2021-09-23 20:42:58.942976,-105
2021-09-23 20:42:59.257698,-115
2021-09-23 20:42:59.257718,-120
2021-09-23 20:42:59.257725,-129
2021-09-23 20:42:59.257731,-127
2021-09-23 20:42:59.257738,-113
2021-09-23 20:42:59.257744,-108
2021-09-23 20:42:59.257750,-120
2021-09-23 20:42:59.257756,-122
2021-09-23 20:42:59.257762,-105
2021-09-23 20:42:59.257769,-105
2021-09-23 20:42:59.257775,-113
2021-09-23 20:42:59.257781,-103
2021-09-23 20:42:59.257787,-79
2021-09-23 20:42:59.257794,-74
2021-09-23 20:42:59.257800,-88
2021-09-23 20:42:59.257806,-91
2021-09-23 20:42:59.257812,-67
2021-09-23 20:42:59.257819,-55
2021-09-23 20:42:59.257825,-60
2021-09-23 20:42:59.257831,-57
2021-09-23 20:42:59.257837,-60
2021-09-23 20:42:59.257843,-64
2021-09-23 20:42:59.257849,-50
2021-09-23 20:42:59.257855,-33
2021-09-23 20:42:59.257861,-40
2021-09-23 20:42:59.257867,-62
2021-09-23 20:42:59.257873,-72
2021-09-23 20:42:59.257879,-57
2021-09-23 20:42:59.257885,-40
2021-09-23 20:42:59.257891,-50
2021-09-23 20:42:59.392715,-60
2021-09-23 20:42:59.392734,-45
2021-09-23 20:42:59.392741,-43
2021-09-23 20:42:59.392748,-55
2021-09-23 20:42:59.392754,-52
2021-09-23 20:42:59.392760,-38
2021-09-23 20:42:59.392766,-33
2021-09-23 20:42:59.392773,-40
2021-09-23 20:42:59.392779,-43
2021-09-23 20:42:59.392785,38
2021-09-23 20:42:59.392791,278
2021-09-23 20:42:59.392797,680
2021-09-23 20:42:59.392803,971
2021-09-23 20:42:59.392809,464
2021-09-23 20:42:59.392815,-507
2021-09-23 20:42:59.392822,-543
2021-09-23 20:42:59.392828,-33
2021-09-23 20:42:59.392834,-79
2021-09-23 20:42:59.392840,-226
2021-09-23 20:42:59.392853,-93
2021-09-23 20:42:59.392860,-48
2021-09-23 20:42:59.392866,-93
2021-09-23 20:42:59.392872,-62
2021-09-23 20:42:59.392878,-31
2021-09-23 20:42:59.392885,-45
2021-09-23 20:42:59.392891,-48
2021-09-23 20:42:59.392900,-38
2021-09-23 20:42:59.392907,-38
2021-09-23 20:42:59.392913,-26
2021-09-23 20:42:59.392919,-12
2021-09-23 20:42:59.661363,-21
2021-09-23 20:42:59.661381,-16
2021-09-23 20:42:59.661389,12
2021-09-23 20:42:59.661395,24
2021-09-23 20:42:59.661401,19
2021-09-23 20:42:59.661408,45
2021-09-23 20:42:59.661414,88
2021-09-23 20:42:59.661420,98
2021-09-23 20:42:59.661426,81
2021-09-23 20:42:59.661432,74
2021-09-23 20:42:59.661438,67
2021-09-23 20:42:59.661444,50
2021-09-23 20:42:59.661450,24
2021-09-23 20:42:59.661456,-14
2021-09-23 20:42:59.661462,-45
2021-09-23 20:42:59.661468,-72
2021-09-23 20:42:59.661474,-103
2021-09-23 20:42:59.661480,-113
2021-09-23 20:42:59.661486,-101
2021-09-23 20:42:59.661492,-101
2021-09-23 20:42:59.661498,-113
2021-09-23 20:42:59.661504,-110
2021-09-23 20:42:59.661510,-98
2021-09-23 20:42:59.661516,-108
2021-09-23 20:42:59.661522,-110
2021-09-23 20:42:59.661528,-88
2021-09-23 20:42:59.661534,-84
2021-09-23 20:42:59.661540,-96
2021-09-23 20:42:59.661546,-88
2021-09-23 20:42:59.661552,-69
2021-09-23 20:42:59.842959,-52
2021-09-23 20:42:59.842979,-38
2021-09-23 20:42:59.842986,-40
2021-09-23 20:42:59.842993,-60
2021-09-23 20:42:59.842999,-62
2021-09-23 20:42:59.843005,-60
2021-09-23 20:42:59.843012,-81
2021-09-23 20:42:59.843018,-84
2021-09-23 20:42:59.843024,-52
2021-09-23 20:42:59.843037,-40
2021-09-23 20:42:59.843044,-57
2021-09-23 20:42:59.843050,-57
2021-09-23 20:42:59.843057,-57
2021-09-23 20:42:59.843063,-76
2021-09-23 20:42:59.843069,-67
2021-09-23 20:42:59.843075,-21
2021-09-23 20:42:59.843081,-12
2021-09-23 20:42:59.843087,-38
2021-09-23 20:42:59.843093,-40
2021-09-23 20:42:59.843100,-38
2021-09-23 20:42:59.843106,-60
2021-09-23 20:42:59.843112,-60
2021-09-23 20:42:59.843118,-26
2021-09-23 20:42:59.843124,-19
2021-09-23 20:42:59.843130,-43
2021-09-23 20:42:59.843136,-21
2021-09-23 20:42:59.843142,115
2021-09-23 20:42:59.843148,420
2021-09-23 20:42:59.843154,836
2021-09-23 20:42:59.843160,803
2021-09-23 20:43:00.112818,-72
2021-09-23 20:43:00.112840,-675
2021-09-23 20:43:00.112848,-278
2021-09-23 20:43:00.112855,7
2021-09-23 20:43:00.112861,-170
2021-09-23 20:43:00.112867,-151
2021-09-23 20:43:00.112873,-38
2021-09-23 20:43:00.112879,-84
2021-09-23 20:43:00.112885,-98
2021-09-23 20:43:00.112891,-45
2021-09-23 20:43:00.112897,-38
2021-09-23 20:43:00.112904,-38
2021-09-23 20:43:00.112910,-24
2021-09-23 20:43:00.112916,-28
2021-09-23 20:43:00.112922,-28
2021-09-23 20:43:00.112928,-9
2021-09-23 20:43:00.112934,2
2021-09-23 20:43:00.112940,0
2021-09-23 20:43:00.112946,7
2021-09-23 20:43:00.112952,36
2021-09-23 20:43:00.112958,62
2021-09-23 20:43:00.112964,67
2021-09-23 20:43:00.112970,79
2021-09-23 20:43:00.112976,105
2021-09-23 20:43:00.112982,108
2021-09-23 20:43:00.112988,91
2021-09-23 20:43:00.112994,96
2021-09-23 20:43:00.113000,101
2021-09-23 20:43:00.113006,67
2021-09-23 20:43:00.113018,24
2021-09-23 20:43:00.337162,-12
2021-09-23 20:43:00.337184,-45
2021-09-23 20:43:00.337192,-72
2021-09-23 20:43:00.337198,-101
2021-09-23 20:43:00.337204,-127
2021-09-23 20:43:00.337210,-134
2021-09-23 20:43:00.337216,-129
2021-09-23 20:43:00.337222,-125
2021-09-23 20:43:00.337228,-117
2021-09-23 20:43:00.337234,-115
2021-09-23 20:43:00.337240,-117
2021-09-23 20:43:00.337246,-120
2021-09-23 20:43:00.337252,-120
2021-09-23 20:43:00.337258,-110
2021-09-23 20:43:00.337264,-96
2021-09-23 20:43:00.337270,-76
2021-09-23 20:43:00.337277,-72
2021-09-23 20:43:00.337283,-72
2021-09-23 20:43:00.337289,-62
2021-09-23 20:43:00.337295,-50
2021-09-23 20:43:00.337301,-48
2021-09-23 20:43:00.337307,-50
2021-09-23 20:43:00.337312,-48
2021-09-23 20:43:00.337319,-45
2021-09-23 20:43:00.337325,-50
2021-09-23 20:43:00.337331,-45
2021-09-23 20:43:00.337337,-38
2021-09-23 20:43:00.337343,-50
2021-09-23 20:43:00.337349,-57
2021-09-23 20:43:00.337355,-48
2021-09-23 20:43:00.517840,-40
2021-09-23 20:43:00.517886,-28
2021-09-23 20:43:00.517901,-9
2021-09-23 20:43:00.517909,2
2021-09-23 20:43:00.517915,-4
2021-09-23 20:43:00.517921,-28
2021-09-23 20:43:00.517927,-50
2021-09-23 20:43:00.517934,-50
2021-09-23 20:43:00.517940,-40
2021-09-23 20:43:00.517946,-33
2021-09-23 20:43:00.517952,-31
2021-09-23 20:43:00.517958,-26
2021-09-23 20:43:00.517964,12
2021-09-23 20:43:00.517970,187
2021-09-23 20:43:00.517976,584
2021-09-23 20:43:00.517982,995
2021-09-23 20:43:00.517988,690
2021-09-23 20:43:00.517994,-310
2021-09-23 20:43:00.518001,-603
2021-09-23 20:43:00.518010,-113
2021-09-23 20:43:00.518017,-33
2021-09-23 20:43:00.518023,-194
2021-09-23 20:43:00.518029,-88
2021-09-23 20:43:00.518035,-24
2021-09-23 20:43:00.518041,-93
2021-09-23 20:43:00.518047,-76
2021-09-23 20:43:00.518053,-16
2021-09-23 20:43:00.518059,-21
2021-09-23 20:43:00.518065,-40
2021-09-23 20:43:00.518071,-24
2021-09-23 20:43:00.877120,-2
2021-09-23 20:43:00.877140,0
2021-09-23 20:43:00.877147,-2
2021-09-23 20:43:00.877153,0
2021-09-23 20:43:00.877159,14
2021-09-23 20:43:00.877165,33
2021-09-23 20:43:00.877171,45
2021-09-23 20:43:00.877177,43
2021-09-23 20:43:00.877183,48
2021-09-23 20:43:00.877188,67
2021-09-23 20:43:00.877194,88
2021-09-23 20:43:00.877200,96
2021-09-23 20:43:00.877207,86
2021-09-23 20:43:00.877213,81
2021-09-23 20:43:00.877219,76
2021-09-23 20:43:00.877225,48
2021-09-23 20:43:00.877231,-4
2021-09-23 20:43:00.877238,-45
2021-09-23 20:43:00.877244,-72
2021-09-23 20:43:00.877250,-93
2021-09-23 20:43:00.877256,-105
2021-09-23 20:43:00.877262,-110
2021-09-23 20:43:00.877268,-115
2021-09-23 20:43:00.877274,-117
2021-09-23 20:43:00.877280,-108
2021-09-23 20:43:00.877286,-105
2021-09-23 20:43:00.877292,-113
2021-09-23 20:43:00.877298,-115
2021-09-23 20:43:00.877304,-98
2021-09-23 20:43:00.877310,-81
2021-09-23 20:43:01.012801,-81
2021-09-23 20:43:01.012823,-79
2021-09-23 20:43:01.012831,-57
2021-09-23 20:43:01.012837,-55
2021-09-23 20:43:01.012843,-67
2021-09-23 20:43:01.012849,-57
2021-09-23 20:43:01.012856,-36
2021-09-23 20:43:01.012862,-33
2021-09-23 20:43:01.012868,-31
2021-09-23 20:43:01.012882,-26
2021-09-23 20:43:01.012889,-28
2021-09-23 20:43:01.012895,-26
2021-09-23 20:43:01.012902,-24
2021-09-23 20:43:01.012908,-31
2021-09-23 20:43:01.012914,-43
2021-09-23 20:43:01.012920,-48
2021-09-23 20:43:01.012927,-40
2021-09-23 20:43:01.012933,-28
2021-09-23 20:43:01.012939,-26
2021-09-23 20:43:01.012945,-31
2021-09-23 20:43:01.012951,-40
2021-09-23 20:43:01.012957,-45
2021-09-23 20:43:01.012964,-33
2021-09-23 20:43:01.012970,-16
2021-09-23 20:43:01.012976,-2
2021-09-23 20:43:01.012982,2
2021-09-23 20:43:01.012988,-7
2021-09-23 20:43:01.012994,-21
2021-09-23 20:43:01.013000,-28
2021-09-23 20:43:01.013006,-31
2021-09-23 20:43:01.282781,-19
2021-09-23 20:43:01.282802,-9
2021-09-23 20:43:01.282810,-16
2021-09-23 20:43:01.282816,-16
2021-09-23 20:43:01.282823,67
2021-09-23 20:43:01.282829,331
2021-09-23 20:43:01.282835,771
2021-09-23 20:43:01.282842,1036
2021-09-23 20:43:01.282848,456
2021-09-23 20:43:01.282854,-478
2021-09-23 20:43:01.282861,-461
2021-09-23 20:43:01.282867,-24
2021-09-23 20:43:01.282873,-105
2021-09-23 20:43:01.282880,-202
2021-09-23 20:43:01.282886,-79
2021-09-23 20:43:01.282892,-74
2021-09-23 20:43:01.282898,-108
2021-09-23 20:43:01.282904,-57
2021-09-23 20:43:01.282910,-36
2021-09-23 20:43:01.282917,-55
2021-09-23 20:43:01.282923,-55
2021-09-23 20:43:01.282929,-43
2021-09-23 20:43:01.282935,-40
2021-09-23 20:43:01.282941,-40
2021-09-23 20:43:01.282947,-26
2021-09-23 20:43:01.282953,-4
2021-09-23 20:43:01.282959,-2
2021-09-23 20:43:01.282965,0
2021-09-23 20:43:01.282972,26
2021-09-23 20:43:01.282984,52
2021-09-23 20:43:01.462724,67
2021-09-23 20:43:01.462744,84
2021-09-23 20:43:01.462752,93
2021-09-23 20:43:01.462759,88
2021-09-23 20:43:01.462765,86
2021-09-23 20:43:01.462771,81
2021-09-23 20:43:01.462777,62
2021-09-23 20:43:01.462784,36
2021-09-23 20:43:01.462799,12
2021-09-23 20:43:01.462806,-9
2021-09-23 20:43:01.462812,-38
2021-09-23 20:43:01.462824,-67
2021-09-23 20:43:01.462830,-84
2021-09-23 20:43:01.462836,-93
2021-09-23 20:43:01.462843,-103
2021-09-23 20:43:01.462849,-115
2021-09-23 20:43:01.462855,-115
2021-09-23 20:43:01.462861,-105
2021-09-23 20:43:01.462867,-108
2021-09-23 20:43:01.462874,-101
2021-09-23 20:43:01.462880,-81
2021-09-23 20:43:01.462886,-84
2021-09-23 20:43:01.462892,-88
2021-09-23 20:43:01.462898,-76
2021-09-23 20:43:01.462905,-74
2021-09-23 20:43:01.462911,-79
2021-09-23 20:43:01.462917,-67
2021-09-23 20:43:01.462923,-48
2021-09-23 20:43:01.462929,-38
2021-09-23 20:43:01.462935,-33
2021-09-23 20:43:01.776573,-28
2021-09-23 20:43:01.776595,-33
2021-09-23 20:43:01.776605,-36
2021-09-23 20:43:01.776613,-40
2021-09-23 20:43:01.776622,-40
2021-09-23 20:43:01.776630,-33
2021-09-23 20:43:01.776637,-36
2021-09-23 20:43:01.776645,-40
2021-09-23 20:43:01.776652,-31
2021-09-23 20:43:01.776660,-24
2021-09-23 20:43:01.776667,-14
2021-09-23 20:43:01.776704,-9
2021-09-23 20:43:01.776712,-38
2021-09-23 20:43:01.776719,-64
2021-09-23 20:43:01.776727,-52
2021-09-23 20:43:01.776734,-36
2021-09-23 20:43:01.776742,-38
2021-09-23 20:43:01.776750,-26
2021-09-23 20:43:01.776757,-4
2021-09-23 20:43:01.776765,-7
2021-09-23 20:43:01.776772,-31
2021-09-23 20:43:01.776780,-48
2021-09-23 20:43:01.776787,-31
2021-09-23 20:43:01.776795,-19
2021-09-23 20:43:01.776803,-40
2021-09-23 20:43:01.776810,-43
2021-09-23 20:43:01.776817,4
2021-09-23 20:43:01.776825,144
2021-09-23 20:43:01.776832,471
2021-09-23 20:43:01.776840,894
2021-09-23 20:43:01.912924,762
2021-09-23 20:43:01.912946,-173
2021-09-23 20:43:01.912956,-651
2021-09-23 20:43:01.912964,-204
2021-09-23 20:43:01.912971,-4
2021-09-23 20:43:01.912979,-206
2021-09-23 20:43:01.912986,-165
2021-09-23 20:43:01.912994,-64
2021-09-23 20:43:01.913001,-113
2021-09-23 20:43:01.913009,-115
2021-09-23 20:43:01.913016,-57
2021-09-23 20:43:01.913024,-64
2021-09-23 20:43:01.913031,-84
2021-09-23 20:43:01.913039,-55
2021-09-23 20:43:01.913046,-38
2021-09-23 20:43:01.913054,-33
2021-09-23 20:43:01.913061,-16
2021-09-23 20:43:01.913069,-26
2021-09-23 20:43:01.913076,-36
2021-09-23 20:43:01.913084,-4
2021-09-23 20:43:01.913091,24
2021-09-23 20:43:01.913099,31
2021-09-23 20:43:01.913106,43
2021-09-23 20:43:01.913114,69
2021-09-23 20:43:01.913121,91
2021-09-23 20:43:01.913129,98
2021-09-23 20:43:01.913136,110
2021-09-23 20:43:01.913144,122
2021-09-23 20:43:01.913151,98
2021-09-23 20:43:01.913159,45
2021-09-23 20:43:02.272227,16
2021-09-23 20:43:02.272251,-4
2021-09-23 20:43:02.272260,-55
2021-09-23 20:43:02.272268,-101
2021-09-23 20:43:02.272276,-113
2021-09-23 20:43:02.272283,-122
2021-09-23 20:43:02.272291,-132
2021-09-23 20:43:02.272298,-120
2021-09-23 20:43:02.272306,-122
2021-09-23 20:43:02.272321,-137
2021-09-23 20:43:02.272328,-137
2021-09-23 20:43:02.272334,-129
2021-09-23 20:43:02.272341,-120
2021-09-23 20:43:02.272347,-103
2021-09-23 20:43:02.272353,-96
2021-09-23 20:43:02.272359,-113
2021-09-23 20:43:02.272365,-122
2021-09-23 20:43:02.272371,-105
2021-09-23 20:43:02.272377,-81
2021-09-23 20:43:02.272383,-74
2021-09-23 20:43:02.272389,-79
2021-09-23 20:43:02.272396,-74
2021-09-23 20:43:02.272402,-60
2021-09-23 20:43:02.272408,-55
2021-09-23 20:43:02.272414,-55
2021-09-23 20:43:02.272420,-60
2021-09-23 20:43:02.272426,-67
2021-09-23 20:43:02.272432,-64
2021-09-23 20:43:02.272438,-55
2021-09-23 20:43:02.272444,-57
2021-09-23 20:43:02.362731,-60
2021-09-23 20:43:02.362749,-48
2021-09-23 20:43:02.362756,-36
2021-09-23 20:43:02.362763,-38
2021-09-23 20:43:02.362769,-45
2021-09-23 20:43:02.362775,-72
2021-09-23 20:43:02.362781,-84
2021-09-23 20:43:02.362788,-55
2021-09-23 20:43:02.362794,-36
2021-09-23 20:43:02.362800,-57
2021-09-23 20:43:02.362806,-62
2021-09-23 20:43:02.362812,-36
2021-09-23 20:43:02.362818,-43
2021-09-23 20:43:02.362824,-72
2021-09-23 20:43:02.362837,-67
2021-09-23 20:43:02.362844,-43
2021-09-23 20:43:02.362850,-45
2021-09-23 20:43:02.362857,-60
2021-09-23 20:43:02.362863,-38
2021-09-23 20:43:02.362869,52
2021-09-23 20:43:02.362875,295
2021-09-23 20:43:02.362881,733
2021-09-23 20:43:02.362887,964
2021-09-23 20:43:02.362893,336
2021-09-23 20:43:02.362900,-512
2021-09-23 20:43:02.362906,-430
2021-09-23 20:43:02.362912,-48
2021-09-23 20:43:02.362918,-146
2021-09-23 20:43:02.362924,-226
2021-09-23 20:43:02.362933,-113
2021-09-23 20:43:02.632815,-105
2021-09-23 20:43:02.632843,-127
2021-09-23 20:43:02.632851,-79
2021-09-23 20:43:02.632858,-69
2021-09-23 20:43:02.632864,-105
2021-09-23 20:43:02.632870,-101
2021-09-23 20:43:02.632876,-72
2021-09-23 20:43:02.632882,-60
2021-09-23 20:43:02.632888,-72
2021-09-23 20:43:02.632894,-76
2021-09-23 20:43:02.632900,-43
2021-09-23 20:43:02.632906,-12
2021-09-23 20:43:02.632912,-16
2021-09-23 20:43:02.632919,-16
2021-09-23 20:43:02.632925,7
2021-09-23 20:43:02.632931,21
2021-09-23 20:43:02.632937,26
2021-09-23 20:43:02.632943,28
2021-09-23 20:43:02.632963,33
2021-09-23 20:43:02.632969,57
2021-09-23 20:43:02.632975,64
2021-09-23 20:43:02.632981,31
2021-09-23 20:43:02.632987,7
2021-09-23 20:43:02.632993,0
2021-09-23 20:43:02.633000,-52
2021-09-23 20:43:02.633006,-110
2021-09-23 20:43:02.633012,-110
2021-09-23 20:43:02.633018,-101
2021-09-23 20:43:02.633024,-113
2021-09-23 20:43:02.633030,-113
2021-09-23 20:43:02.857739,-108
2021-09-23 20:43:02.857758,-115
2021-09-23 20:43:02.857766,-129
2021-09-23 20:43:02.857772,-132
2021-09-23 20:43:02.857779,-125
2021-09-23 20:43:02.857785,-122
2021-09-23 20:43:02.857791,-103
2021-09-23 20:43:02.857797,-81
2021-09-23 20:43:02.857803,-93
2021-09-23 20:43:02.857809,-115
2021-09-23 20:43:02.857815,-120
2021-09-23 20:43:02.857822,-134
2021-09-23 20:43:02.857828,-132
2021-09-23 20:43:02.857834,-101
2021-09-23 20:43:02.857840,-101
2021-09-23 20:43:02.857847,-115
2021-09-23 20:43:02.857853,-84
2021-09-23 20:43:02.857859,-55
2021-09-23 20:43:02.857865,-67
2021-09-23 20:43:02.857872,-76
2021-09-23 20:43:02.857878,-74
2021-09-23 20:43:02.857884,-79
2021-09-23 20:43:02.857890,-74
2021-09-23 20:43:02.857897,-64
2021-09-23 20:43:02.857903,-79
2021-09-23 20:43:02.857909,-81
2021-09-23 20:43:02.857915,-57
2021-09-23 20:43:02.857921,-52
2021-09-23 20:43:02.857927,-64
2021-09-23 20:43:02.857934,-57
2021-09-23 20:43:03.082832,-57
2021-09-23 20:43:03.082854,-72
2021-09-23 20:43:03.082861,-81
2021-09-23 20:43:03.082868,-74
2021-09-23 20:43:03.082874,-50
2021-09-23 20:43:03.082880,-33
2021-09-23 20:43:03.082886,-33
2021-09-23 20:43:03.082892,-26
2021-09-23 20:43:03.082899,-36
2021-09-23 20:43:03.082905,-76
2021-09-23 20:43:03.082911,-88
2021-09-23 20:43:03.082917,-67
2021-09-23 20:43:03.082923,-67
2021-09-23 20:43:03.082929,-79
2021-09-23 20:43:03.082935,-57
2021-09-23 20:43:03.082941,-7
2021-09-23 20:43:03.082948,132
2021-09-23 20:43:03.082954,507
2021-09-23 20:43:03.082960,935
2021-09-23 20:43:03.082966,670
2021-09-23 20:43:03.082972,-223
2021-09-23 20:43:03.082978,-492
2021-09-23 20:43:03.082984,-115
2021-09-23 20:43:03.082991,-74
2021-09-23 20:43:03.082997,-209
2021-09-23 20:43:03.083003,-120
2021-09-23 20:43:03.083009,-69
2021-09-23 20:43:03.083015,-120
2021-09-23 20:43:03.083021,-103
2021-09-23 20:43:03.083027,-76
2021-09-23 20:43:03.307822,-88
2021-09-23 20:43:03.307843,-72
2021-09-23 20:43:03.307851,-40
2021-09-23 20:43:03.307857,-50
2021-09-23 20:43:03.307864,-67
2021-09-23 20:43:03.307870,-48
2021-09-23 20:43:03.307876,-21
2021-09-23 20:43:03.307882,-16
2021-09-23 20:43:03.307888,-4
2021-09-23 20:43:03.307901,2
2021-09-23 20:43:03.307907,-14
2021-09-23 20:43:03.307913,-2
2021-09-23 20:43:03.307920,31
2021-09-23 20:43:03.307926,33
2021-09-23 20:43:03.307932,31
2021-09-23 20:43:03.307938,45
2021-09-23 20:43:03.307944,43
2021-09-23 20:43:03.307950,28
2021-09-23 20:43:03.307956,31
2021-09-23 20:43:03.307962,21
2021-09-23 20:43:03.307971,-7
2021-09-23 20:43:03.307978,-43
2021-09-23 20:43:03.307984,-72
2021-09-23 20:43:03.307990,-88
2021-09-23 20:43:03.307996,-96
2021-09-23 20:43:03.308002,-105
2021-09-23 20:43:03.308008,-110
2021-09-23 20:43:03.308014,-103
2021-09-23 20:43:03.308020,-96
2021-09-23 20:43:03.308026,-105
2021-09-23 20:43:03.577855,-108
2021-09-23 20:43:03.577877,-91
2021-09-23 20:43:03.577884,-93
2021-09-23 20:43:03.577890,-115
2021-09-23 20:43:03.577896,-110
2021-09-23 20:43:03.577902,-91
2021-09-23 20:43:03.577908,-91
2021-09-23 20:43:03.577914,-91
2021-09-23 20:43:03.577920,-72
2021-09-23 20:43:03.577926,-48
2021-09-23 20:43:03.577932,-55
2021-09-23 20:43:03.577938,-81
2021-09-23 20:43:03.577944,-74
2021-09-23 20:43:03.577950,-38
2021-09-23 20:43:03.577956,-38
2021-09-23 20:43:03.577962,-81
2021-09-23 20:43:03.577968,-91
2021-09-23 20:43:03.577974,-60
2021-09-23 20:43:03.577980,-55
2021-09-23 20:43:03.577986,-64
2021-09-23 20:43:03.577992,-52
2021-09-23 20:43:03.577998,-28
2021-09-23 20:43:03.578004,-19
2021-09-23 20:43:03.578010,-19
2021-09-23 20:43:03.578016,-24
2021-09-23 20:43:03.578022,-45
2021-09-23 20:43:03.578028,-62
2021-09-23 20:43:03.578034,-57
2021-09-23 20:43:03.578040,-45
2021-09-23 20:43:03.578053,-38
2021-09-23 20:43:03.801488,-26
2021-09-23 20:43:03.801510,-19
2021-09-23 20:43:03.801518,-19
2021-09-23 20:43:03.801524,-38
2021-09-23 20:43:03.801531,-60
2021-09-23 20:43:03.801537,-64
2021-09-23 20:43:03.801543,-76
2021-09-23 20:43:03.801550,-74
2021-09-23 20:43:03.801556,-50
2021-09-23 20:43:03.801562,-40
2021-09-23 20:43:03.801568,-26
2021-09-23 20:43:03.801575,-2
2021-09-23 20:43:03.801581,-7
2021-09-23 20:43:03.801587,-31
2021-09-23 20:43:03.801593,-43
2021-09-23 20:43:03.801600,-48
2021-09-23 20:43:03.801606,-45
2021-09-23 20:43:03.801612,-26
2021-09-23 20:43:03.801618,14
2021-09-23 20:43:03.801625,120
2021-09-23 20:43:03.801631,404
2021-09-23 20:43:03.801637,846
2021-09-23 20:43:03.801643,841
2021-09-23 20:43:03.801649,28
2021-09-23 20:43:03.801655,-521
2021-09-23 20:43:03.801661,-199
2021-09-23 20:43:03.801668,4
2021-09-23 20:43:03.801674,-170
2021-09-23 20:43:03.801680,-149
2021-09-23 20:43:03.801686,-38
2021-09-23 20:43:03.982746,-72
2021-09-23 20:43:03.982766,-86
2021-09-23 20:43:03.982774,-43
2021-09-23 20:43:03.982780,-40
2021-09-23 20:43:03.982787,-48
2021-09-23 20:43:03.982793,-40
2021-09-23 20:43:03.982800,-38
2021-09-23 20:43:03.982806,-31
2021-09-23 20:43:03.982812,-21
2021-09-23 20:43:03.982818,-24
2021-09-23 20:43:03.982825,-21
2021-09-23 20:43:03.982831,9
2021-09-23 20:43:03.982837,31
2021-09-23 20:43:03.982843,14
2021-09-23 20:43:03.982849,0
2021-09-23 20:43:03.982856,19
2021-09-23 20:43:03.982862,48
2021-09-23 20:43:03.982868,52
2021-09-23 20:43:03.982874,52
2021-09-23 20:43:03.982889,64
2021-09-23 20:43:03.982895,64
2021-09-23 20:43:03.982901,55
2021-09-23 20:43:03.982908,43
2021-09-23 20:43:03.982914,16
2021-09-23 20:43:03.982920,0
2021-09-23 20:43:03.982926,-7
2021-09-23 20:43:03.982932,-43
2021-09-23 20:43:03.982939,-74
2021-09-23 20:43:03.982945,-69
2021-09-23 20:43:03.982951,-74
2021-09-23 20:43:04.207858,-84
2021-09-23 20:43:04.207881,-72
2021-09-23 20:43:04.207889,-57
2021-09-23 20:43:04.207895,-60
2021-09-23 20:43:04.207901,-76
2021-09-23 20:43:04.207908,-98
2021-09-23 20:43:04.207914,-88
2021-09-23 20:43:04.207920,-67
2021-09-23 20:43:04.207926,-74
2021-09-23 20:43:04.207932,-84
2021-09-23 20:43:04.207938,-81
2021-09-23 20:43:04.207945,-81
2021-09-23 20:43:04.207951,-64
2021-09-23 20:43:04.207957,-43
2021-09-23 20:43:04.207963,-31
2021-09-23 20:43:04.207970,-38
2021-09-23 20:43:04.207976,-60
2021-09-23 20:43:04.207982,-55
2021-09-23 20:43:04.207988,-45
2021-09-23 20:43:04.207994,-57
2021-09-23 20:43:04.208000,-48
2021-09-23 20:43:04.208006,-28
2021-09-23 20:43:04.208012,-33
2021-09-23 20:43:04.208018,-40
2021-09-23 20:43:04.208024,-31
2021-09-23 20:43:04.208030,-12
2021-09-23 20:43:04.208044,-12
2021-09-23 20:43:04.208051,-45
2021-09-23 20:43:04.208057,-72
2021-09-23 20:43:04.208063,-48
2021-09-23 20:43:04.432764,-16
2021-09-23 20:43:04.432784,-9
2021-09-23 20:43:04.432792,-9
2021-09-23 20:43:04.432798,-28
2021-09-23 20:43:04.432805,-52
2021-09-23 20:43:04.432811,-48
2021-09-23 20:43:04.432817,-40
2021-09-23 20:43:04.432823,-48
2021-09-23 20:43:04.432829,-28
2021-09-23 20:43:04.432843,-12
2021-09-23 20:43:04.432850,-14
2021-09-23 20:43:04.432856,-4
2021-09-23 20:43:04.432862,0
2021-09-23 20:43:04.432868,-16
2021-09-23 20:43:04.432874,-31
2021-09-23 20:43:04.432880,-21
2021-09-23 20:43:04.432887,-14
2021-09-23 20:43:04.432893,-19
2021-09-23 20:43:04.432899,36
2021-09-23 20:43:04.432905,230
2021-09-23 20:43:04.432911,593
2021-09-23 20:43:04.432916,937
2021-09-23 20:43:04.432922,577
2021-09-23 20:43:04.432927,-339
2021-09-23 20:43:04.432933,-483
2021-09-23 20:43:04.432940,-9
2021-09-23 20:43:04.432946,-7
2021-09-23 20:43:04.432952,-170
2021-09-23 20:43:04.432958,-57
2021-09-23 20:43:04.432964,-2
2021-09-23 20:43:04.747950,-50
2021-09-23 20:43:04.747973,-21
2021-09-23 20:43:04.747980,7
2021-09-23 20:43:04.747987,-14
2021-09-23 20:43:04.747994,-7
2021-09-23 20:43:04.748000,19
2021-09-23 20:43:04.748006,16
2021-09-23 20:43:04.748012,21
2021-09-23 20:43:04.748019,33
2021-09-23 20:43:04.748025,16
2021-09-23 20:43:04.748031,4
2021-09-23 20:43:04.748038,31
2021-09-23 20:43:04.748044,55
2021-09-23 20:43:04.748050,52
2021-09-23 20:43:04.748056,57
2021-09-23 20:43:04.748062,74
2021-09-23 20:43:04.748069,81
2021-09-23 20:43:04.748075,79
2021-09-23 20:43:04.748081,86
2021-09-23 20:43:04.748087,74
2021-09-23 20:43:04.748094,45
2021-09-23 20:43:04.748100,28
2021-09-23 20:43:04.748106,19
2021-09-23 20:43:04.748112,4
2021-09-23 20:43:04.748118,-7
2021-09-23 20:43:04.748124,-28
2021-09-23 20:43:04.748130,-52
2021-09-23 20:43:04.748137,-74
2021-09-23 20:43:04.748143,-76
2021-09-23 20:43:04.748169,-60
2021-09-23 20:43:04.927867,-60
2021-09-23 20:43:04.927890,-62
2021-09-23 20:43:04.927897,-55
2021-09-23 20:43:04.927904,-67
2021-09-23 20:43:04.927910,-76
2021-09-23 20:43:04.927916,-76
2021-09-23 20:43:04.927922,-88
2021-09-23 20:43:04.927928,-86
2021-09-23 20:43:04.927934,-69
2021-09-23 20:43:04.927941,-60
2021-09-23 20:43:04.927947,-45
2021-09-23 20:43:04.927953,-31
2021-09-23 20:43:04.927959,-38
2021-09-23 20:43:04.927965,-57
2021-09-23 20:43:04.927971,-69
2021-09-23 20:43:04.927978,-64
2021-09-23 20:43:04.927984,-40
2021-09-23 20:43:04.927990,-21
2021-09-23 20:43:04.927996,-19
2021-09-23 20:43:04.928002,-28
2021-09-23 20:43:04.928008,-43
2021-09-23 20:43:04.928014,-57
2021-09-23 20:43:04.928020,-57
2021-09-23 20:43:04.928027,-40
2021-09-23 20:43:04.928033,-26
2021-09-23 20:43:04.928039,-26
2021-09-23 20:43:04.928045,-36
2021-09-23 20:43:04.928051,-40
2021-09-23 20:43:04.928057,-33
2021-09-23 20:43:04.928064,-26
2021-09-23 20:43:05.152859,-16
2021-09-23 20:43:05.152879,-7
2021-09-23 20:43:05.152886,-9
2021-09-23 20:43:05.152893,-16
2021-09-23 20:43:05.152899,-14
2021-09-23 20:43:05.152905,-26
2021-09-23 20:43:05.152912,-45
2021-09-23 20:43:05.152918,-33
2021-09-23 20:43:05.152924,-12
2021-09-23 20:43:05.152930,-7
2021-09-23 20:43:05.152936,-12
2021-09-23 20:43:05.152942,2
2021-09-23 20:43:05.152948,26
2021-09-23 20:43:05.152954,9
2021-09-23 20:43:05.152960,-26
2021-09-23 20:43:05.152967,-21
2021-09-23 20:43:05.152973,-7
2021-09-23 20:43:05.152979,-21
2021-09-23 20:43:05.152985,-24
2021-09-23 20:43:05.152998,14
2021-09-23 20:43:05.153005,96
2021-09-23 20:43:05.153011,312
2021-09-23 20:43:05.153017,716
2021-09-23 20:43:05.153023,865
2021-09-23 20:43:05.153029,180
2021-09-23 20:43:05.153035,-538
2021-09-23 20:43:05.153042,-286
2021-09-23 20:43:05.153048,64
2021-09-23 20:43:05.153054,-101
2021-09-23 20:43:05.153060,-129
2021-09-23 20:43:05.377734,-4
2021-09-23 20:43:05.377756,-33
2021-09-23 20:43:05.377770,-50
2021-09-23 20:43:05.377777,-4
2021-09-23 20:43:05.377784,-2
2021-09-23 20:43:05.377790,-7
2021-09-23 20:43:05.377796,14
2021-09-23 20:43:05.377802,21
2021-09-23 20:43:05.377809,12
2021-09-23 20:43:05.377815,-2
2021-09-23 20:43:05.377821,0
2021-09-23 20:43:05.377828,19
2021-09-23 20:43:05.377834,24
2021-09-23 20:43:05.377847,16
2021-09-23 20:43:05.377853,14
2021-09-23 20:43:05.377859,28
2021-09-23 20:43:05.377865,52
2021-09-23 20:43:05.377872,57
2021-09-23 20:43:05.377878,50
2021-09-23 20:43:05.377884,43
2021-09-23 20:43:05.377890,38
2021-09-23 20:43:05.377896,40
2021-09-23 20:43:05.377903,26
2021-09-23 20:43:05.377909,7
2021-09-23 20:43:05.377915,-9
2021-09-23 20:43:05.377921,-28
2021-09-23 20:43:05.377927,-36
2021-09-23 20:43:05.377933,-45
2021-09-23 20:43:05.377940,-72
2021-09-23 20:43:05.377946,-91
2021-09-23 20:43:05.602886,-88
2021-09-23 20:43:05.602908,-84
2021-09-23 20:43:05.602916,-74
2021-09-23 20:43:05.602922,-67
2021-09-23 20:43:05.602928,-76
2021-09-23 20:43:05.602935,-84
2021-09-23 20:43:05.602941,-69
2021-09-23 20:43:05.602947,-64
2021-09-23 20:43:05.602953,-69
2021-09-23 20:43:05.602964,-57
2021-09-23 20:43:05.602971,-26
2021-09-23 20:43:05.602977,-16
2021-09-23 20:43:05.602984,-33
2021-09-23 20:43:05.602990,-36
2021-09-23 20:43:05.602996,-33
2021-09-23 20:43:05.603002,-43
2021-09-23 20:43:05.603008,-26
2021-09-23 20:43:05.603014,-12
2021-09-23 20:43:05.603020,-40
2021-09-23 20:43:05.603026,-48
2021-09-23 20:43:05.603032,-21
2021-09-23 20:43:05.603038,-28
2021-09-23 20:43:05.603044,-48
2021-09-23 20:43:05.603050,-28
2021-09-23 20:43:05.603056,-14
2021-09-23 20:43:05.603062,-26
2021-09-23 20:43:05.603069,-38
2021-09-23 20:43:05.603075,-28
2021-09-23 20:43:05.603081,-14
2021-09-23 20:43:05.603087,-9
2021-09-23 20:43:05.871506,-7
2021-09-23 20:43:05.871527,-7
2021-09-23 20:43:05.871535,-7
2021-09-23 20:43:05.871541,-7
2021-09-23 20:43:05.871548,-16
2021-09-23 20:43:05.871554,-19
2021-09-23 20:43:05.871560,-16
2021-09-23 20:43:05.871566,-28
2021-09-23 20:43:05.871573,-28
2021-09-23 20:43:05.871579,-4
2021-09-23 20:43:05.871585,2
2021-09-23 20:43:05.871591,0
2021-09-23 20:43:05.871597,14
2021-09-23 20:43:05.871603,12
2021-09-23 20:43:05.871609,-26
2021-09-23 20:43:05.871615,-40
2021-09-23 20:43:05.871621,-9
2021-09-23 20:43:05.871628,9
2021-09-23 20:43:05.871634,9
2021-09-23 20:43:05.871640,26
2021-09-23 20:43:05.871646,108
2021-09-23 20:43:05.871652,329
2021-09-23 20:43:05.871658,707
2021-09-23 20:43:05.871665,824
2021-09-23 20:43:05.871671,137
2021-09-23 20:43:05.871677,-589
2021-09-23 20:43:05.871683,-336
2021-09-23 20:43:05.871689,45
2021-09-23 20:43:05.871695,-79
2021-09-23 20:43:05.871710,-91
2021-09-23 20:43:06.052820,19
2021-09-23 20:43:06.052839,-45
2021-09-23 20:43:06.052847,-88
2021-09-23 20:43:06.052853,-16
2021-09-23 20:43:06.052860,0
2021-09-23 20:43:06.052866,-21
2021-09-23 20:43:06.052873,16
2021-09-23 20:43:06.052879,50
2021-09-23 20:43:06.052885,12
2021-09-23 20:43:06.052891,-21
2021-09-23 20:43:06.052898,0
2021-09-23 20:43:06.052904,38
2021-09-23 20:43:06.052911,64
2021-09-23 20:43:06.052917,55
2021-09-23 20:43:06.052923,31
2021-09-23 20:43:06.052929,50
2021-09-23 20:43:06.052935,67
2021-09-23 20:43:06.052942,50
2021-09-23 20:43:06.052948,40
2021-09-23 20:43:06.052954,48
2021-09-23 20:43:06.052960,38
2021-09-23 20:43:06.052966,16
2021-09-23 20:43:06.052972,2
2021-09-23 20:43:06.052978,-7
2021-09-23 20:43:06.052984,-14
2021-09-23 20:43:06.052990,-19
2021-09-23 20:43:06.052996,-40
2021-09-23 20:43:06.053002,-55
2021-09-23 20:43:06.053008,-60
2021-09-23 20:43:06.053015,-84
2021-09-23 20:43:06.277717,-101
2021-09-23 20:43:06.277738,-81
2021-09-23 20:43:06.277745,-60
2021-09-23 20:43:06.277752,-74
2021-09-23 20:43:06.277758,-101
2021-09-23 20:43:06.277765,-88
2021-09-23 20:43:06.277771,-50
2021-09-23 20:43:06.277777,-28
2021-09-23 20:43:06.277791,-24
2021-09-23 20:43:06.277797,-38
2021-09-23 20:43:06.277804,-57
2021-09-23 20:43:06.277810,-38
2021-09-23 20:43:06.277816,-21
2021-09-23 20:43:06.277822,-33
2021-09-23 20:43:06.277828,-31
2021-09-23 20:43:06.277835,-2
2021-09-23 20:43:06.277841,0
2021-09-23 20:43:06.277847,-19
2021-09-23 20:43:06.277853,-38
2021-09-23 20:43:06.277863,-48
2021-09-23 20:43:06.277870,-38
2021-09-23 20:43:06.277876,-33
2021-09-23 20:43:06.277882,-45
2021-09-23 20:43:06.277888,-36
2021-09-23 20:43:06.277894,-16
2021-09-23 20:43:06.277901,-33
2021-09-23 20:43:06.277907,-60
2021-09-23 20:43:06.277913,-48
2021-09-23 20:43:06.277919,-24
2021-09-23 20:43:06.277925,-19
2021-09-23 20:43:06.547868,-31
2021-09-23 20:43:06.547889,-36
2021-09-23 20:43:06.547897,-19
2021-09-23 20:43:06.547903,-14
2021-09-23 20:43:06.547909,-40
2021-09-23 20:43:06.547915,-45
2021-09-23 20:43:06.547921,-7
2021-09-23 20:43:06.547927,19
2021-09-23 20:43:06.547934,4
2021-09-23 20:43:06.547940,-28
2021-09-23 20:43:06.547946,-31
2021-09-23 20:43:06.547952,-7
2021-09-23 20:43:06.547958,0
2021-09-23 20:43:06.547964,0
2021-09-23 20:43:06.547970,38
2021-09-23 20:43:06.547976,163
2021-09-23 20:43:06.547982,449
2021-09-23 20:43:06.547988,827
2021-09-23 20:43:06.547994,745
2021-09-23 20:43:06.548000,-113
2021-09-23 20:43:06.548007,-630
2021-09-23 20:43:06.548013,-192
2021-09-23 20:43:06.548019,74
2021-09-23 20:43:06.548025,-115
2021-09-23 20:43:06.548031,-96
2021-09-23 20:43:06.548037,24
2021-09-23 20:43:06.548042,-12
2021-09-23 20:43:06.548049,-38
2021-09-23 20:43:06.548055,-7
2021-09-23 20:43:06.548061,7
2021-09-23 20:43:06.772977,9
2021-09-23 20:43:06.772998,12
2021-09-23 20:43:06.773006,12
2021-09-23 20:43:06.773012,7
2021-09-23 20:43:06.773019,12
2021-09-23 20:43:06.773025,38
2021-09-23 20:43:06.773031,52
2021-09-23 20:43:06.773038,43
2021-09-23 20:43:06.773044,48
2021-09-23 20:43:06.773050,64
2021-09-23 20:43:06.773056,84
2021-09-23 20:43:06.773062,81
2021-09-23 20:43:06.773068,55
2021-09-23 20:43:06.773074,57
2021-09-23 20:43:06.773080,62
2021-09-23 20:43:06.773086,31
2021-09-23 20:43:06.773093,4
2021-09-23 20:43:06.773099,4
2021-09-23 20:43:06.773105,-2
2021-09-23 20:43:06.773111,-12
2021-09-23 20:43:06.773117,-21
2021-09-23 20:43:06.773123,-55
2021-09-23 20:43:06.773129,-84
2021-09-23 20:43:06.773136,-81
2021-09-23 20:43:06.773142,-81
2021-09-23 20:43:06.773148,-101
2021-09-23 20:43:06.773154,-101
2021-09-23 20:43:06.773159,-91
2021-09-23 20:43:06.773166,-103
2021-09-23 20:43:06.773172,-108
2021-09-23 20:43:06.997832,-76
2021-09-23 20:43:06.997854,-48
2021-09-23 20:43:06.997862,-57
2021-09-23 20:43:06.997868,-62
2021-09-23 20:43:06.997875,-43
2021-09-23 20:43:06.997881,-31
2021-09-23 20:43:06.997887,-28
2021-09-23 20:43:06.997893,-38
2021-09-23 20:43:06.997899,-69
2021-09-23 20:43:06.997905,-64
2021-09-23 20:43:06.997911,-28
2021-09-23 20:43:06.997918,-21
2021-09-23 20:43:06.997924,-36
2021-09-23 20:43:06.997930,-33
2021-09-23 20:43:06.997936,-31
2021-09-23 20:43:06.997942,-33
2021-09-23 20:43:06.997948,-36
2021-09-23 20:43:06.997954,-55
2021-09-23 20:43:06.997960,-62
2021-09-23 20:43:06.997966,-38
2021-09-23 20:43:06.997972,-21
2021-09-23 20:43:06.997978,-24
2021-09-23 20:43:06.997984,-28
2021-09-23 20:43:06.997990,-24
2021-09-23 20:43:06.997996,-12
2021-09-23 20:43:06.998002,-16
2021-09-23 20:43:06.998012,-38
2021-09-23 20:43:06.998018,-40
2021-09-23 20:43:06.998024,-9
2021-09-23 20:43:06.998037,16
2021-09-23 20:43:07.222882,9
2021-09-23 20:43:07.222903,-7
2021-09-23 20:43:07.222911,-9
2021-09-23 20:43:07.222917,2
2021-09-23 20:43:07.222924,0
2021-09-23 20:43:07.222930,-16
2021-09-23 20:43:07.222936,-9
2021-09-23 20:43:07.222942,45
2021-09-23 20:43:07.222949,204
2021-09-23 20:43:07.222955,521
2021-09-23 20:43:07.222961,880
2021-09-23 20:43:07.222967,658
2021-09-23 20:43:07.222974,-266
2021-09-23 20:43:07.222980,-620
2021-09-23 20:43:07.222993,-132
2021-09-23 20:43:07.223000,16
2021-09-23 20:43:07.223006,-156
2021-09-23 20:43:07.223012,-79
2021-09-23 20:43:07.223018,-4
2021-09-23 20:43:07.223025,-64
2021-09-23 20:43:07.223031,-45
2021-09-23 20:43:07.223037,-2
2021-09-23 20:43:07.223043,-16
2021-09-23 20:43:07.223049,-2
2021-09-23 20:43:07.223055,24
2021-09-23 20:43:07.223061,16
2021-09-23 20:43:07.223067,7
2021-09-23 20:43:07.223073,26
2021-09-23 20:43:07.223079,52
2021-09-23 20:43:07.223086,67
2021-09-23 20:43:07.492891,69
2021-09-23 20:43:07.492913,57
2021-09-23 20:43:07.492920,31
2021-09-23 20:43:07.492927,26
2021-09-23 20:43:07.492933,48
2021-09-23 20:43:07.492939,60
2021-09-23 20:43:07.492946,50
2021-09-23 20:43:07.492952,36
2021-09-23 20:43:07.492958,31
2021-09-23 20:43:07.492964,21
2021-09-23 20:43:07.492970,-9
2021-09-23 20:43:07.492976,-40
2021-09-23 20:43:07.492982,-48
2021-09-23 20:43:07.492988,-52
2021-09-23 20:43:07.492995,-69
2021-09-23 20:43:07.493001,-74
2021-09-23 20:43:07.493007,-76
2021-09-23 20:43:07.493013,-86
2021-09-23 20:43:07.493019,-88
2021-09-23 20:43:07.493032,-84
2021-09-23 20:43:07.493039,-86
2021-09-23 20:43:07.493045,-81
2021-09-23 20:43:07.493051,-67
2021-09-23 20:43:07.493057,-67
2021-09-23 20:43:07.493063,-76
2021-09-23 20:43:07.493069,-50
2021-09-23 20:43:07.493075,-26
2021-09-23 20:43:07.493081,-33
2021-09-23 20:43:07.493087,-31
2021-09-23 20:43:07.493093,-38
2021-09-23 20:43:07.672945,-69
2021-09-23 20:43:07.672966,-62
2021-09-23 20:43:07.672974,-33
2021-09-23 20:43:07.672981,-36
2021-09-23 20:43:07.672987,-45
2021-09-23 20:43:07.672993,-45
2021-09-23 20:43:07.672999,-50
2021-09-23 20:43:07.673005,-43
2021-09-23 20:43:07.673011,-21
2021-09-23 20:43:07.673017,-31
2021-09-23 20:43:07.673023,-67
2021-09-23 20:43:07.673029,-72
2021-09-23 20:43:07.673035,-33
2021-09-23 20:43:07.673041,-14
2021-09-23 20:43:07.673047,-16
2021-09-23 20:43:07.673053,-16
2021-09-23 20:43:07.673059,-26
2021-09-23 20:43:07.673065,-45
2021-09-23 20:43:07.673071,-43
2021-09-23 20:43:07.673077,-36
2021-09-23 20:43:07.673083,-45
2021-09-23 20:43:07.673089,-28
2021-09-23 20:43:07.673095,7
2021-09-23 20:43:07.673101,93
2021-09-23 20:43:07.673107,379
2021-09-23 20:43:07.673113,805
2021-09-23 20:43:07.673119,832
2021-09-23 20:43:07.673125,-36
2021-09-23 20:43:07.673131,-839
2021-09-23 20:43:07.673137,-459
2021-09-23 20:43:07.942165,50
2021-09-23 20:43:07.942187,-86
2021-09-23 20:43:07.942195,-103
2021-09-23 20:43:07.942202,33
2021-09-23 20:43:07.942208,-33
2021-09-23 20:43:07.942214,-84
2021-09-23 20:43:07.942221,-14
2021-09-23 20:43:07.942227,2
2021-09-23 20:43:07.942233,-9
2021-09-23 20:43:07.942239,9
2021-09-23 20:43:07.942245,24
2021-09-23 20:43:07.942251,31
2021-09-23 20:43:07.942258,36
2021-09-23 20:43:07.942264,28
2021-09-23 20:43:07.942270,48
2021-09-23 20:43:07.942276,72
2021-09-23 20:43:07.942282,84
2021-09-23 20:43:07.942288,110
2021-09-23 20:43:07.942294,129
2021-09-23 20:43:07.942300,125
2021-09-23 20:43:07.942306,132
2021-09-23 20:43:07.942312,137
2021-09-23 20:43:07.942318,117
2021-09-23 20:43:07.942324,103
2021-09-23 20:43:07.942330,105
2021-09-23 20:43:07.942336,86
2021-09-23 20:43:07.942342,48
2021-09-23 20:43:07.942348,4
2021-09-23 20:43:07.942354,-24
2021-09-23 20:43:07.942360,-36
2021-09-23 20:43:08.167335,-57
2021-09-23 20:43:08.167361,-81
2021-09-23 20:43:08.167369,-88
2021-09-23 20:43:08.167375,-115
2021-09-23 20:43:08.167382,-144
2021-09-23 20:43:08.167388,-125
2021-09-23 20:43:08.167394,-96
2021-09-23 20:43:08.167400,-81
2021-09-23 20:43:08.167407,-72
2021-09-23 20:43:08.167413,-72
2021-09-23 20:43:08.167419,-67
2021-09-23 20:43:08.167425,-60
2021-09-23 20:43:08.167431,-60
2021-09-23 20:43:08.167437,-48
2021-09-23 20:43:08.167444,-33
2021-09-23 20:43:08.167450,-43
2021-09-23 20:43:08.167456,-52
2021-09-23 20:43:08.167462,-38
2021-09-23 20:43:08.167468,-31
2021-09-23 20:43:08.167483,-48
2021-09-23 20:43:08.167490,-64
2021-09-23 20:43:08.167496,-67
2021-09-23 20:43:08.167502,-69
2021-09-23 20:43:08.167508,-67
2021-09-23 20:43:08.167514,-57
2021-09-23 20:43:08.167521,-57
2021-09-23 20:43:08.167527,-55
2021-09-23 20:43:08.167533,-38
2021-09-23 20:43:08.167539,-33
2021-09-23 20:43:08.167548,-40
2021-09-23 20:43:08.392895,-48
2021-09-23 20:43:08.392916,-48
2021-09-23 20:43:08.392924,-52
2021-09-23 20:43:08.392930,-57
2021-09-23 20:43:08.392937,-50
2021-09-23 20:43:08.392943,-38
2021-09-23 20:43:08.392949,12
2021-09-23 20:43:08.392955,226
2021-09-23 20:43:08.392961,601
2021-09-23 20:43:08.392967,884
2021-09-23 20:43:08.392974,466
2021-09-23 20:43:08.392980,-548
2021-09-23 20:43:08.392986,-747
2021-09-23 20:43:08.392992,-153
2021-09-23 20:43:08.392999,-64
2021-09-23 20:43:08.393005,-226
2021-09-23 20:43:08.393011,-88
2021-09-23 20:43:08.393017,-19
2021-09-23 20:43:08.393023,-84
2021-09-23 20:43:08.393029,-48
2021-09-23 20:43:08.393035,-2
2021-09-23 20:43:08.393041,-28
2021-09-23 20:43:08.393047,-21
2021-09-23 20:43:08.393053,16
2021-09-23 20:43:08.393060,12
2021-09-23 20:43:08.393066,2
2021-09-23 20:43:08.393072,21
2021-09-23 20:43:08.393078,38
2021-09-23 20:43:08.393084,52
2021-09-23 20:43:08.393090,72
2021-09-23 20:43:08.617887,84
2021-09-23 20:43:08.617908,101
2021-09-23 20:43:08.617915,113
2021-09-23 20:43:08.617921,122
2021-09-23 20:43:08.617928,129
2021-09-23 20:43:08.617934,117
2021-09-23 20:43:08.617940,98
2021-09-23 20:43:08.617946,98
2021-09-23 20:43:08.617952,86
2021-09-23 20:43:08.617958,38
2021-09-23 20:43:08.617964,0
2021-09-23 20:43:08.617971,-21
2021-09-23 20:43:08.617977,-43
2021-09-23 20:43:08.617983,-69
2021-09-23 20:43:08.617989,-101
2021-09-23 20:43:08.617995,-127
2021-09-23 20:43:08.618001,-125
2021-09-23 20:43:08.618007,-117
2021-09-23 20:43:08.618013,-125
2021-09-23 20:43:08.618026,-125
2021-09-23 20:43:08.618032,-98
2021-09-23 20:43:08.618039,-67
2021-09-23 20:43:08.618045,-57
2021-09-23 20:43:08.618051,-62
2021-09-23 20:43:08.618057,-50
2021-09-23 20:43:08.618063,-33
2021-09-23 20:43:08.618069,-26
2021-09-23 20:43:08.618075,-21
2021-09-23 20:43:08.618082,-21
2021-09-23 20:43:08.618088,-16
2021-09-23 20:43:08.887311,4
2021-09-23 20:43:08.887334,4
2021-09-23 20:43:08.887341,-21
2021-09-23 20:43:08.887348,-28
2021-09-23 20:43:08.887354,-31
2021-09-23 20:43:08.887360,-50
2021-09-23 20:43:08.887366,-55
2021-09-23 20:43:08.887373,-36
2021-09-23 20:43:08.887379,-24
2021-09-23 20:43:08.887385,-19
2021-09-23 20:43:08.887391,-21
2021-09-23 20:43:08.887397,-28
2021-09-23 20:43:08.887403,-28
2021-09-23 20:43:08.887409,-43
2021-09-23 20:43:08.887415,-69
2021-09-23 20:43:08.887421,-69
2021-09-23 20:43:08.887427,-55
2021-09-23 20:43:08.887434,-43
2021-09-23 20:43:08.887440,-4
2021-09-23 20:43:08.887446,144
2021-09-23 20:43:08.887452,483
2021-09-23 20:43:08.887459,896
2021-09-23 20:43:08.887465,699
2021-09-23 20:43:08.887471,-317
2021-09-23 20:43:08.887477,-762
2021-09-23 20:43:08.887483,-235
2021-09-23 20:43:08.887489,-38
2021-09-23 20:43:08.887495,-211
2021-09-23 20:43:08.887501,-122
2021-09-23 20:43:08.887507,-38
2021-09-23 20:43:09.067912,-98
2021-09-23 20:43:09.067933,-91
2021-09-23 20:43:09.067940,-50
2021-09-23 20:43:09.067947,-43
2021-09-23 20:43:09.067953,-14
2021-09-23 20:43:09.067959,-4
2021-09-23 20:43:09.067966,-31
2021-09-23 20:43:09.067972,-21
2021-09-23 20:43:09.067978,7
2021-09-23 20:43:09.067992,9
2021-09-23 20:43:09.067998,24
2021-09-23 20:43:09.068005,48
2021-09-23 20:43:09.068011,50
2021-09-23 20:43:09.068017,55
2021-09-23 20:43:09.068023,81
2021-09-23 20:43:09.068029,98
2021-09-23 20:43:09.068036,93
2021-09-23 20:43:09.068042,86
2021-09-23 20:43:09.068048,79
2021-09-23 20:43:09.068054,69
2021-09-23 20:43:09.068060,52
2021-09-23 20:43:09.068066,24
2021-09-23 20:43:09.068072,2
2021-09-23 20:43:09.068078,-12
2021-09-23 20:43:09.068084,-48
2021-09-23 20:43:09.068094,-91
2021-09-23 20:43:09.068100,-103
2021-09-23 20:43:09.068106,-96
2021-09-23 20:43:09.068113,-103
2021-09-23 20:43:09.068119,-115
2021-09-23 20:43:09.292875,-113
2021-09-23 20:43:09.292897,-105
2021-09-23 20:43:09.292905,-101
2021-09-23 20:43:09.292911,-93
2021-09-23 20:43:09.292918,-91
2021-09-23 20:43:09.292924,-84
2021-09-23 20:43:09.293001,-69
2021-09-23 20:43:09.293008,-55
2021-09-23 20:43:09.293014,-40
2021-09-23 20:43:09.293020,-36
2021-09-23 20:43:09.293026,-21
2021-09-23 20:43:09.293032,-12
2021-09-23 20:43:09.293038,-38
2021-09-23 20:43:09.293044,-50
2021-09-23 20:43:09.293050,-33
2021-09-23 20:43:09.293060,-28
2021-09-23 20:43:09.293066,-33
2021-09-23 20:43:09.293072,-36
2021-09-23 20:43:09.293079,-31
2021-09-23 20:43:09.293085,-21
2021-09-23 20:43:09.293091,-28
2021-09-23 20:43:09.293097,-38
2021-09-23 20:43:09.293103,-28
2021-09-23 20:43:09.293109,-21
2021-09-23 20:43:09.293115,-36
2021-09-23 20:43:09.293121,-60
2021-09-23 20:43:09.293127,-60
2021-09-23 20:43:09.293133,-43
2021-09-23 20:43:09.293139,-33
2021-09-23 20:43:09.293149,-26
2021-09-23 20:43:09.517783,-2
2021-09-23 20:43:09.517804,96
2021-09-23 20:43:09.517811,363
2021-09-23 20:43:09.517818,815
2021-09-23 20:43:09.517824,1022
2021-09-23 20:43:09.517831,266
2021-09-23 20:43:09.517837,-666
2021-09-23 20:43:09.517843,-461
2021-09-23 20:43:09.517850,7
2021-09-23 20:43:09.517856,-120
2021-09-23 20:43:09.517862,-177
2021-09-23 20:43:09.517868,-55
2021-09-23 20:43:09.517874,-74
2021-09-23 20:43:09.517880,-91
2021-09-23 20:43:09.517887,-43
2021-09-23 20:43:09.517893,-48
2021-09-23 20:43:09.517899,-55
2021-09-23 20:43:09.517905,-31
2021-09-23 20:43:09.517911,-19
2021-09-23 20:43:09.517917,-14
2021-09-23 20:43:09.517923,7
2021-09-23 20:43:09.517929,9
2021-09-23 20:43:09.517935,-7
2021-09-23 20:43:09.517941,2
2021-09-23 20:43:09.517948,26
2021-09-23 20:43:09.517954,40
2021-09-23 20:43:09.517960,50
2021-09-23 20:43:09.517966,72
2021-09-23 20:43:09.517972,93
2021-09-23 20:43:09.517978,81
2021-09-23 20:43:09.742864,57
2021-09-23 20:43:09.742885,64
2021-09-23 20:43:09.742892,69
2021-09-23 20:43:09.742899,48
2021-09-23 20:43:09.742905,19
2021-09-23 20:43:09.742911,-7
2021-09-23 20:43:09.742917,-45
2021-09-23 20:43:09.742924,-79
2021-09-23 20:43:09.742930,-91
2021-09-23 20:43:09.742936,-101
2021-09-23 20:43:09.742942,-120
2021-09-23 20:43:09.742948,-125
2021-09-23 20:43:09.742954,-125
2021-09-23 20:43:09.742960,-129
2021-09-23 20:43:09.742966,-122
2021-09-23 20:43:09.742972,-103
2021-09-23 20:43:09.742978,-103
2021-09-23 20:43:09.742984,-98
2021-09-23 20:43:09.742990,-67
2021-09-23 20:43:09.742996,-48
2021-09-23 20:43:09.743003,-60
2021-09-23 20:43:09.743009,-62
2021-09-23 20:43:09.743015,-40
2021-09-23 20:43:09.743021,-40
2021-09-23 20:43:09.743027,-60
2021-09-23 20:43:09.743033,-43
2021-09-23 20:43:09.743039,-24
2021-09-23 20:43:09.743046,-31
2021-09-23 20:43:09.743052,-28
2021-09-23 20:43:09.743058,-31
2021-09-23 20:43:10.011567,-38
2021-09-23 20:43:10.011589,-28
2021-09-23 20:43:10.011596,-33
2021-09-23 20:43:10.011603,-55
2021-09-23 20:43:10.011609,-60
2021-09-23 20:43:10.011615,-57
2021-09-23 20:43:10.011622,-55
2021-09-23 20:43:10.011628,-40
2021-09-23 20:43:10.011634,-24
2021-09-23 20:43:10.011640,-28
2021-09-23 20:43:10.011646,-26
2021-09-23 20:43:10.011653,-7
2021-09-23 20:43:10.011659,-7
2021-09-23 20:43:10.011665,-33
2021-09-23 20:43:10.011671,-45
2021-09-23 20:43:10.011677,-24
2021-09-23 20:43:10.011683,-7
2021-09-23 20:43:10.011689,-14
2021-09-23 20:43:10.011695,14
2021-09-23 20:43:10.011702,189
2021-09-23 20:43:10.011708,610
2021-09-23 20:43:10.011714,1130
2021-09-23 20:43:10.011720,995
2021-09-23 20:43:10.011726,-64
2021-09-23 20:43:10.011732,-639
2021-09-23 20:43:10.011738,-204
2021-09-23 20:43:10.011744,-21
2021-09-23 20:43:10.011750,-218
2021-09-23 20:43:10.011757,-141
2021-09-23 20:43:10.011763,-36
2021-09-23 20:43:10.237916,-96
2021-09-23 20:43:10.237947,-98
2021-09-23 20:43:10.237955,-43
2021-09-23 20:43:10.237962,-45
2021-09-23 20:43:10.237968,-43
2021-09-23 20:43:10.237975,-16
2021-09-23 20:43:10.237981,-19
2021-09-23 20:43:10.237987,-21
2021-09-23 20:43:10.237993,9
2021-09-23 20:43:10.238003,9
2021-09-23 20:43:10.238010,-2
2021-09-23 20:43:10.238016,26
2021-09-23 20:43:10.238022,52
2021-09-23 20:43:10.238028,52
2021-09-23 20:43:10.238034,60
2021-09-23 20:43:10.238040,74
2021-09-23 20:43:10.238047,88
2021-09-23 20:43:10.238053,93
2021-09-23 20:43:10.238059,93
2021-09-23 20:43:10.238065,98
2021-09-23 20:43:10.238071,84
2021-09-23 20:43:10.238077,50
2021-09-23 20:43:10.238083,28
2021-09-23 20:43:10.238089,14
2021-09-23 20:43:10.238095,-12
2021-09-23 20:43:10.238101,-50
2021-09-23 20:43:10.238107,-96
2021-09-23 20:43:10.238114,-120
2021-09-23 20:43:10.238120,-105
2021-09-23 20:43:10.238126,-91
2021-09-23 20:43:10.462934,-93
2021-09-23 20:43:10.462955,-93
2021-09-23 20:43:10.462962,-91
2021-09-23 20:43:10.462969,-101
2021-09-23 20:43:10.462975,-110
2021-09-23 20:43:10.462981,-108
2021-09-23 20:43:10.462987,-96
2021-09-23 20:43:10.462993,-88
2021-09-23 20:43:10.462999,-91
2021-09-23 20:43:10.463005,-96
2021-09-23 20:43:10.463011,-91
2021-09-23 20:43:10.463017,-74
2021-09-23 20:43:10.463023,-52
2021-09-23 20:43:10.463029,-45
2021-09-23 20:43:10.463036,-52
2021-09-23 20:43:10.463042,-60
2021-09-23 20:43:10.463048,-52
2021-09-23 20:43:10.463054,-36
2021-09-23 20:43:10.463060,-28
2021-09-23 20:43:10.463066,-33
2021-09-23 20:43:10.463072,-40
2021-09-23 20:43:10.463078,-33
2021-09-23 20:43:10.463084,-16
2021-09-23 20:43:10.463090,-21
2021-09-23 20:43:10.463096,-36
2021-09-23 20:43:10.463102,-26
2021-09-23 20:43:10.463108,-12
2021-09-23 20:43:10.463113,-19
2021-09-23 20:43:10.463120,-31
2021-09-23 20:43:10.463138,-26
2021-09-23 20:43:10.732920,-19
2021-09-23 20:43:10.732942,-16
2021-09-23 20:43:10.732949,-33
2021-09-23 20:43:10.732956,-48
2021-09-23 20:43:10.732962,-31
2021-09-23 20:43:10.732968,-4
2021-09-23 20:43:10.732975,0
2021-09-23 20:43:10.732981,9
2021-09-23 20:43:10.732987,26
2021-09-23 20:43:10.732993,21
2021-09-23 20:43:10.732999,-7
2021-09-23 20:43:10.733005,-21
2021-09-23 20:43:10.733011,-7
2021-09-23 20:43:10.733017,-4
2021-09-23 20:43:10.733023,-12
2021-09-23 20:43:10.733030,-2
2021-09-23 20:43:10.733036,28
2021-09-23 20:43:10.733042,175
2021-09-23 20:43:10.733048,567
2021-09-23 20:43:10.733054,1118
2021-09-23 20:43:10.733060,1142
2021-09-23 20:43:10.733066,146
2021-09-23 20:43:10.733072,-649
2021-09-23 20:43:10.733078,-303
2021-09-23 20:43:10.733084,19
2021-09-23 20:43:10.733090,-175
2021-09-23 20:43:10.733096,-153
2021-09-23 20:43:10.733102,-12
2021-09-23 20:43:10.733109,-72
2021-09-23 20:43:10.733115,-105
2021-09-23 20:43:10.957329,-36
2021-09-23 20:43:10.957350,-16
2021-09-23 20:43:10.957357,-45
2021-09-23 20:43:10.957364,-45
2021-09-23 20:43:10.957370,-16
2021-09-23 20:43:10.957376,12
2021-09-23 20:43:10.957382,24
2021-09-23 20:43:10.957388,14
2021-09-23 20:43:10.957394,7
2021-09-23 20:43:10.957400,12
2021-09-23 20:43:10.957406,19
2021-09-23 20:43:10.957412,9
2021-09-23 20:43:10.957418,14
2021-09-23 20:43:10.957424,45
2021-09-23 20:43:10.957430,69
2021-09-23 20:43:10.957436,76
2021-09-23 20:43:10.957442,86
2021-09-23 20:43:10.957448,91
2021-09-23 20:43:10.957454,72
2021-09-23 20:43:10.957471,48
2021-09-23 20:43:10.957478,38
2021-09-23 20:43:10.957484,19
2021-09-23 20:43:10.957489,-24
2021-09-23 20:43:10.957495,-60
2021-09-23 20:43:10.957501,-72
2021-09-23 20:43:10.957507,-93
2021-09-23 20:43:10.957513,-108
2021-09-23 20:43:10.957519,-93
2021-09-23 20:43:10.957525,-86
2021-09-23 20:43:10.957531,-101
2021-09-23 20:43:11.182948,-110
2021-09-23 20:43:11.182967,-101
2021-09-23 20:43:11.182975,-98
2021-09-23 20:43:11.182981,-110
2021-09-23 20:43:11.182987,-108
2021-09-23 20:43:11.182993,-86
2021-09-23 20:43:11.183000,-79
2021-09-23 20:43:11.183015,-88
2021-09-23 20:43:11.183022,-96
2021-09-23 20:43:11.183028,-93
2021-09-23 20:43:11.183034,-76
2021-09-23 20:43:11.183040,-62
2021-09-23 20:43:11.183046,-69
2021-09-23 20:43:11.183052,-69
2021-09-23 20:43:11.183058,-40
2021-09-23 20:43:11.183064,-28
2021-09-23 20:43:11.183071,-40
2021-09-23 20:43:11.183077,-36
2021-09-23 20:43:11.183083,-31
2021-09-23 20:43:11.183089,-43
2021-09-23 20:43:11.183095,-48
2021-09-23 20:43:11.183101,-40
2021-09-23 20:43:11.183107,-33
2021-09-23 20:43:11.183113,-33
2021-09-23 20:43:11.183118,-36
2021-09-23 20:43:11.183124,-24
2021-09-23 20:43:11.183130,-19
2021-09-23 20:43:11.183136,-26
2021-09-23 20:43:11.183142,-21
2021-09-23 20:43:11.183148,-2
2021-09-23 20:43:11.362933,-9
2021-09-23 20:43:11.362953,-28
2021-09-23 20:43:11.362960,-16
2021-09-23 20:43:11.362967,-12
2021-09-23 20:43:11.362973,-24
2021-09-23 20:43:11.362979,-21
2021-09-23 20:43:11.362985,-14
2021-09-23 20:43:11.362991,-14
2021-09-23 20:43:11.362997,-16
2021-09-23 20:43:11.363013,-24
2021-09-23 20:43:11.363020,-31
2021-09-23 20:43:11.363026,-40
2021-09-23 20:43:11.363032,-43
2021-09-23 20:43:11.363038,-21
2021-09-23 20:43:11.363044,0
2021-09-23 20:43:11.363050,-7
2021-09-23 20:43:11.363056,-14
2021-09-23 20:43:11.363062,-21
2021-09-23 20:43:11.363068,-45
2021-09-23 20:43:11.363074,-55
2021-09-23 20:43:11.363080,-38
2021-09-23 20:43:11.363086,-31
2021-09-23 20:43:11.363092,-33
2021-09-23 20:43:11.363098,-9
2021-09-23 20:43:11.363104,98
2021-09-23 20:43:11.363110,387
2021-09-23 20:43:11.363116,882
2021-09-23 20:43:11.363122,1135
2021-09-23 20:43:11.363128,375
2021-09-23 20:43:11.363134,-627
2021-09-23 20:43:11.632939,-471
2021-09-23 20:43:11.632960,-2
2021-09-23 20:43:11.632968,-137
2021-09-23 20:43:11.632974,-209
2021-09-23 20:43:11.632980,-72
2021-09-23 20:43:11.632987,-93
2021-09-23 20:43:11.632993,-129
2021-09-23 20:43:11.632999,-76
2021-09-23 20:43:11.633005,-62
2021-09-23 20:43:11.633011,-64
2021-09-23 20:43:11.633017,-40
2021-09-23 20:43:11.633023,-33
2021-09-23 20:43:11.633029,-38
2021-09-23 20:43:11.633035,-21
2021-09-23 20:43:11.633041,-7
2021-09-23 20:43:11.633047,-7
2021-09-23 20:43:11.633053,0
2021-09-23 20:43:11.633059,28
2021-09-23 20:43:11.633065,38
2021-09-23 20:43:11.633071,40
2021-09-23 20:43:11.633077,74
2021-09-23 20:43:11.633083,108
2021-09-23 20:43:11.633089,101
2021-09-23 20:43:11.633095,91
2021-09-23 20:43:11.633101,108
2021-09-23 20:43:11.633107,101
2021-09-23 20:43:11.633113,69
2021-09-23 20:43:11.633119,60
2021-09-23 20:43:11.633125,48
2021-09-23 20:43:11.633141,7
2021-09-23 20:43:11.813010,-24
2021-09-23 20:43:11.813038,-33
2021-09-23 20:43:11.813046,-52
2021-09-23 20:43:11.813052,-81
2021-09-23 20:43:11.813058,-91
2021-09-23 20:43:11.813064,-101
2021-09-23 20:43:11.813070,-101
2021-09-23 20:43:11.813077,-88
2021-09-23 20:43:11.813083,-86
2021-09-23 20:43:11.813089,-93
2021-09-23 20:43:11.813095,-96
2021-09-23 20:43:11.813101,-101
2021-09-23 20:43:11.813107,-101
2021-09-23 20:43:11.813113,-74
2021-09-23 20:43:11.813119,-60
2021-09-23 20:43:11.813125,-84
2021-09-23 20:43:11.813131,-93
2021-09-23 20:43:11.813137,-62
2021-09-23 20:43:11.813143,-45
2021-09-23 20:43:11.813149,-48
2021-09-23 20:43:11.813156,-52
2021-09-23 20:43:11.813162,-67
2021-09-23 20:43:11.813167,-62
2021-09-23 20:43:11.813174,-33
2021-09-23 20:43:11.813180,-36
2021-09-23 20:43:11.813186,-55
2021-09-23 20:43:11.813192,-45
2021-09-23 20:43:11.813198,-40
2021-09-23 20:43:11.813204,-60
2021-09-23 20:43:11.813210,-52
2021-09-23 20:43:12.216586,-38
2021-09-23 20:43:12.216608,-40
2021-09-23 20:43:12.216615,-40
2021-09-23 20:43:12.216621,-43
2021-09-23 20:43:12.216626,-52
2021-09-23 20:43:12.216633,-40
2021-09-23 20:43:12.216639,-24
2021-09-23 20:43:12.216659,-31
2021-09-23 20:43:12.216676,-43
2021-09-23 20:43:12.216682,-57
2021-09-23 20:43:12.216687,-62
2021-09-23 20:43:12.216692,-57
2021-09-23 20:43:12.216707,-67
2021-09-23 20:43:12.216712,-74
2021-09-23 20:43:12.216718,-50
2021-09-23 20:43:12.216723,-33
2021-09-23 20:43:12.216728,-26
2021-09-23 20:43:12.216733,-16
2021-09-23 20:43:12.216739,-26
2021-09-23 20:43:12.216748,-48
2021-09-23 20:43:12.216754,-52
2021-09-23 20:43:12.216759,-48
2021-09-23 20:43:12.216764,-38
2021-09-23 20:43:12.216769,-19
2021-09-23 20:43:12.216775,-9
2021-09-23 20:43:12.216812,33
2021-09-23 20:43:12.216818,257
2021-09-23 20:43:12.216824,702
2021-09-23 20:43:12.216830,1077
2021-09-23 20:43:12.216835,618
2021-09-23 20:43:12.307928,-444
2021-09-23 20:43:12.307950,-601
2021-09-23 20:43:12.307958,-81
2021-09-23 20:43:12.307964,-76
2021-09-23 20:43:12.307970,-202
2021-09-23 20:43:12.307976,-60
2021-09-23 20:43:12.307983,-21
2021-09-23 20:43:12.307989,-84
2021-09-23 20:43:12.307995,-62
2021-09-23 20:43:12.308001,-31
2021-09-23 20:43:12.308007,-33
2021-09-23 20:43:12.308013,-16
2021-09-23 20:43:12.308019,-4
2021-09-23 20:43:12.308025,-7
2021-09-23 20:43:12.308031,-2
2021-09-23 20:43:12.308037,9
2021-09-23 20:43:12.308043,31
2021-09-23 20:43:12.308049,50
2021-09-23 20:43:12.308056,60
2021-09-23 20:43:12.308062,74
2021-09-23 20:43:12.308067,88
2021-09-23 20:43:12.308073,96
2021-09-23 20:43:12.308079,113
2021-09-23 20:43:12.308085,129
2021-09-23 20:43:12.308091,146
2021-09-23 20:43:12.308097,151
2021-09-23 20:43:12.308103,132
2021-09-23 20:43:12.308109,108
2021-09-23 20:43:12.308115,96
2021-09-23 20:43:12.308121,64
2021-09-23 20:43:12.577350,16
2021-09-23 20:43:12.577366,-21
2021-09-23 20:43:12.577370,-52
2021-09-23 20:43:12.577374,-81
2021-09-23 20:43:12.577377,-105
2021-09-23 20:43:12.577380,-115
2021-09-23 20:43:12.577383,-113
2021-09-23 20:43:12.577386,-108
2021-09-23 20:43:12.577390,-115
2021-09-23 20:43:12.577401,-122
2021-09-23 20:43:12.577404,-117
2021-09-23 20:43:12.577408,-105
2021-09-23 20:43:12.577411,-98
2021-09-23 20:43:12.577414,-108
2021-09-23 20:43:12.577417,-117
2021-09-23 20:43:12.577420,-110
2021-09-23 20:43:12.577423,-96
2021-09-23 20:43:12.577426,-91
2021-09-23 20:43:12.577429,-84
2021-09-23 20:43:12.577433,-76
2021-09-23 20:43:12.577436,-74
2021-09-23 20:43:12.577439,-72
2021-09-23 20:43:12.577442,-64
2021-09-23 20:43:12.577445,-60
2021-09-23 20:43:12.577448,-62
2021-09-23 20:43:12.577451,-64
2021-09-23 20:43:12.577454,-55
2021-09-23 20:43:12.577457,-50
2021-09-23 20:43:12.577461,-55
2021-09-23 20:43:12.577464,-48
2021-09-23 20:43:12.758045,-38
2021-09-23 20:43:12.758065,-43
2021-09-23 20:43:12.758073,-48
2021-09-23 20:43:12.758079,-45
2021-09-23 20:43:12.758085,-38
2021-09-23 20:43:12.758091,-28
2021-09-23 20:43:12.758098,-33
2021-09-23 20:43:12.758104,-40
2021-09-23 20:43:12.758110,-38
2021-09-23 20:43:12.758116,-40
2021-09-23 20:43:12.758122,-55
2021-09-23 20:43:12.758127,-43
2021-09-23 20:43:12.758133,-19
2021-09-23 20:43:12.758139,-14
2021-09-23 20:43:12.758146,-7
2021-09-23 20:43:12.758152,4
2021-09-23 20:43:12.758158,-12
2021-09-23 20:43:12.758164,-36
2021-09-23 20:43:12.758170,-38
2021-09-23 20:43:12.758176,-43
2021-09-23 20:43:12.758182,-40
2021-09-23 20:43:12.758188,-26
2021-09-23 20:43:12.758194,-7
2021-09-23 20:43:12.758200,45
2021-09-23 20:43:12.758206,250
2021-09-23 20:43:12.758212,694
2021-09-23 20:43:12.758219,1144
2021-09-23 20:43:12.758225,791
2021-09-23 20:43:12.758231,-305
2021-09-23 20:43:12.758250,-622
2021-09-23 20:43:13.027972,-127
2021-09-23 20:43:13.027993,-60
2021-09-23 20:43:13.028001,-223
2021-09-23 20:43:13.028007,-115
2021-09-23 20:43:13.028013,-43
2021-09-23 20:43:13.028020,-86
2021-09-23 20:43:13.028026,-69
2021-09-23 20:43:13.028035,-50
2021-09-23 20:43:13.028041,-67
2021-09-23 20:43:13.028047,-60
2021-09-23 20:43:13.028053,-33
2021-09-23 20:43:13.028059,-21
2021-09-23 20:43:13.028066,-12
2021-09-23 20:43:13.028072,-4
2021-09-23 20:43:13.028078,0
2021-09-23 20:43:13.028084,24
2021-09-23 20:43:13.028090,43
2021-09-23 20:43:13.028096,16
2021-09-23 20:43:13.028112,12
2021-09-23 20:43:13.028118,62
2021-09-23 20:43:13.028125,88
2021-09-23 20:43:13.028131,98
2021-09-23 20:43:13.028137,139
2021-09-23 20:43:13.028143,144
2021-09-23 20:43:13.028149,105
2021-09-23 20:43:13.028155,101
2021-09-23 20:43:13.028161,103
2021-09-23 20:43:13.028167,62
2021-09-23 20:43:13.028173,24
2021-09-23 20:43:13.028179,0
2021-09-23 20:43:13.207968,-38
2021-09-23 20:43:13.207990,-74
2021-09-23 20:43:13.207997,-108
2021-09-23 20:43:13.208004,-132
2021-09-23 20:43:13.208010,-127
2021-09-23 20:43:13.208016,-115
2021-09-23 20:43:13.208022,-115
2021-09-23 20:43:13.208028,-115
2021-09-23 20:43:13.208034,-117
2021-09-23 20:43:13.208041,-125
2021-09-23 20:43:13.208047,-115
2021-09-23 20:43:13.208053,-110
2021-09-23 20:43:13.208059,-115
2021-09-23 20:43:13.208065,-101
2021-09-23 20:43:13.208071,-91
2021-09-23 20:43:13.208077,-86
2021-09-23 20:43:13.208083,-67
2021-09-23 20:43:13.208096,-52
2021-09-23 20:43:13.208103,-52
2021-09-23 20:43:13.208115,-64
2021-09-23 20:43:13.208122,-81
2021-09-23 20:43:13.208128,-74
2021-09-23 20:43:13.208134,-50
2021-09-23 20:43:13.208140,-43
2021-09-23 20:43:13.208146,-48
2021-09-23 20:43:13.208152,-50
2021-09-23 20:43:13.208158,-50
2021-09-23 20:43:13.208164,-45
2021-09-23 20:43:13.208170,-33
2021-09-23 20:43:13.208176,-28
2021-09-23 20:43:13.432877,-33
2021-09-23 20:43:13.432897,-33
2021-09-23 20:43:13.432904,-31
2021-09-23 20:43:13.432911,-40
2021-09-23 20:43:13.432917,-36
2021-09-23 20:43:13.432923,-14
2021-09-23 20:43:13.432929,-4
2021-09-23 20:43:13.432935,-16
2021-09-23 20:43:13.432941,-38
2021-09-23 20:43:13.432947,-43
2021-09-23 20:43:13.432954,-38
2021-09-23 20:43:13.432960,-57
2021-09-23 20:43:13.432966,-60
2021-09-23 20:43:13.432972,-33
2021-09-23 20:43:13.432978,-24
2021-09-23 20:43:13.432984,-26
2021-09-23 20:43:13.432990,-24
2021-09-23 20:43:13.432995,-31
2021-09-23 20:43:13.433001,-24
2021-09-23 20:43:13.433007,7
2021-09-23 20:43:13.433013,14
2021-09-23 20:43:13.433019,0
2021-09-23 20:43:13.433025,-2
2021-09-23 20:43:13.433031,-4
2021-09-23 20:43:13.433037,-21
2021-09-23 20:43:13.433043,-21
2021-09-23 20:43:13.433050,0
2021-09-23 20:43:13.433056,9
2021-09-23 20:43:13.433062,16
2021-09-23 20:43:13.433068,81
2021-09-23 20:43:13.657868,310
2021-09-23 20:43:13.657886,783
2021-09-23 20:43:13.657894,1178
2021-09-23 20:43:13.657901,656
2021-09-23 20:43:13.657907,-411
2021-09-23 20:43:13.657913,-521
2021-09-23 20:43:13.657919,-50
2021-09-23 20:43:13.657925,-93
2021-09-23 20:43:13.657932,-206
2021-09-23 20:43:13.657946,-76
2021-09-23 20:43:13.657953,-55
2021-09-23 20:43:13.657959,-105
2021-09-23 20:43:13.657965,-62
2021-09-23 20:43:13.657971,-31
2021-09-23 20:43:13.657977,-45
2021-09-23 20:43:13.657983,-28
2021-09-23 20:43:13.657989,0
2021-09-23 20:43:13.657995,2
2021-09-23 20:43:13.658001,-4
2021-09-23 20:43:13.658007,0
2021-09-23 20:43:13.658013,7
2021-09-23 20:43:13.658019,2
2021-09-23 20:43:13.658025,12
2021-09-23 20:43:13.658031,43
2021-09-23 20:43:13.658037,64
2021-09-23 20:43:13.658043,76
2021-09-23 20:43:13.658050,91
2021-09-23 20:43:13.658056,110
2021-09-23 20:43:13.658062,122
2021-09-23 20:43:13.658068,134
2021-09-23 20:43:13.927980,144
2021-09-23 20:43:13.928002,113
2021-09-23 20:43:13.928010,67
2021-09-23 20:43:13.928017,60
2021-09-23 20:43:13.928023,31
2021-09-23 20:43:13.928030,-26
2021-09-23 20:43:13.928036,-57
2021-09-23 20:43:13.928042,-57
2021-09-23 20:43:13.928048,-69
2021-09-23 20:43:13.928054,-108
2021-09-23 20:43:13.928060,-125
2021-09-23 20:43:13.928066,-96
2021-09-23 20:43:13.928072,-86
2021-09-23 20:43:13.928079,-105
2021-09-23 20:43:13.928085,-120
2021-09-23 20:43:13.928091,-103
2021-09-23 20:43:13.928097,-84
2021-09-23 20:43:13.928104,-103
2021-09-23 20:43:13.928110,-117
2021-09-23 20:43:13.928116,-93
2021-09-23 20:43:13.928122,-74
2021-09-23 20:43:13.928128,-81
2021-09-23 20:43:13.928134,-88
2021-09-23 20:43:13.928140,-67
2021-09-23 20:43:13.928156,-31
2021-09-23 20:43:13.928163,-24
2021-09-23 20:43:13.928169,-48
2021-09-23 20:43:13.928175,-52
2021-09-23 20:43:13.928181,-33
2021-09-23 20:43:13.928191,-28
2021-09-23 20:43:14.196474,-28
2021-09-23 20:43:14.196495,-28
2021-09-23 20:43:14.196502,-26
2021-09-23 20:43:14.196509,-21
2021-09-23 20:43:14.196515,-12
2021-09-23 20:43:14.196521,-7
2021-09-23 20:43:14.196527,-12
2021-09-23 20:43:14.196533,-31
2021-09-23 20:43:14.196539,-50
2021-09-23 20:43:14.196545,-43
2021-09-23 20:43:14.196551,-21
2021-09-23 20:43:14.196557,-9
2021-09-23 20:43:14.196563,0
2021-09-23 20:43:14.196569,4
2021-09-23 20:43:14.196575,-2
2021-09-23 20:43:14.196581,-19
2021-09-23 20:43:14.196587,-36
2021-09-23 20:43:14.196593,-31
2021-09-23 20:43:14.196599,-19
2021-09-23 20:43:14.196605,-31
2021-09-23 20:43:14.196611,-28
2021-09-23 20:43:14.196617,7
2021-09-23 20:43:14.196623,24
2021-09-23 20:43:14.196629,16
2021-09-23 20:43:14.196635,26
2021-09-23 20:43:14.196641,31
2021-09-23 20:43:14.196647,0
2021-09-23 20:43:14.196653,-28
2021-09-23 20:43:14.196659,-19
2021-09-23 20:43:14.196665,7
2021-09-23 20:43:14.378017,19
2021-09-23 20:43:14.378038,28
2021-09-23 20:43:14.378046,122
2021-09-23 20:43:14.378052,428
2021-09-23 20:43:14.378058,913
2021-09-23 20:43:14.378065,1048
2021-09-23 20:43:14.378071,238
2021-09-23 20:43:14.378077,-601
2021-09-23 20:43:14.378083,-382
2021-09-23 20:43:14.378089,-9
2021-09-23 20:43:14.378095,-137
2021-09-23 20:43:14.378101,-156
2021-09-23 20:43:14.378108,-26
2021-09-23 20:43:14.378114,-43
2021-09-23 20:43:14.378120,-84
2021-09-23 20:43:14.378126,-52
2021-09-23 20:43:14.378132,-36
2021-09-23 20:43:14.378138,-43
2021-09-23 20:43:14.378144,-31
2021-09-23 20:43:14.378159,-26
2021-09-23 20:43:14.378166,-48
2021-09-23 20:43:14.378172,-45
2021-09-23 20:43:14.378179,0
2021-09-23 20:43:14.378185,26
2021-09-23 20:43:14.378191,12
2021-09-23 20:43:14.378197,14
2021-09-23 20:43:14.378203,40
2021-09-23 20:43:14.378209,62
2021-09-23 20:43:14.378216,88
2021-09-23 20:43:14.378222,110
2021-09-23 20:43:14.602997,115
2021-09-23 20:43:14.603018,132
2021-09-23 20:43:14.603026,149
2021-09-23 20:43:14.603032,127
2021-09-23 20:43:14.603039,98
2021-09-23 20:43:14.603045,103
2021-09-23 20:43:14.603051,91
2021-09-23 20:43:14.603057,14
2021-09-23 20:43:14.603063,-60
2021-09-23 20:43:14.603069,-79
2021-09-23 20:43:14.603075,-84
2021-09-23 20:43:14.603081,-101
2021-09-23 20:43:14.603088,-117
2021-09-23 20:43:14.603094,-120
2021-09-23 20:43:14.603100,-105
2021-09-23 20:43:14.603106,-93
2021-09-23 20:43:14.603112,-105
2021-09-23 20:43:14.603118,-108
2021-09-23 20:43:14.603124,-91
2021-09-23 20:43:14.603130,-84
2021-09-23 20:43:14.603136,-86
2021-09-23 20:43:14.603142,-84
2021-09-23 20:43:14.603147,-76
2021-09-23 20:43:14.603154,-62
2021-09-23 20:43:14.603159,-62
2021-09-23 20:43:14.603165,-74
2021-09-23 20:43:14.603171,-64
2021-09-23 20:43:14.603177,-50
2021-09-23 20:43:14.603183,-48
2021-09-23 20:43:14.603189,-28
2021-09-23 20:43:14.872983,-9
2021-09-23 20:43:14.873004,-19
2021-09-23 20:43:14.873011,-33
2021-09-23 20:43:14.873018,-26
2021-09-23 20:43:14.873024,-19
2021-09-23 20:43:14.873030,-24
2021-09-23 20:43:14.873037,-33
2021-09-23 20:43:14.873043,-43
2021-09-23 20:43:14.873049,-26
2021-09-23 20:43:14.873055,-12
2021-09-23 20:43:14.873061,-26
2021-09-23 20:43:14.873067,-19
2021-09-23 20:43:14.873073,-7
2021-09-23 20:43:14.873079,-31
2021-09-23 20:43:14.873085,-57
2021-09-23 20:43:14.873091,-50
2021-09-23 20:43:14.873097,-31
2021-09-23 20:43:14.873103,-9
2021-09-23 20:43:14.873109,2
2021-09-23 20:43:14.873115,-2
2021-09-23 20:43:14.873121,-12
2021-09-23 20:43:14.873127,-2
2021-09-23 20:43:14.873133,2
2021-09-23 20:43:14.873139,-12
2021-09-23 20:43:14.873145,-14
2021-09-23 20:43:14.873151,-26
2021-09-23 20:43:14.873158,-43
2021-09-23 20:43:14.873164,-12
2021-09-23 20:43:14.873170,33
2021-09-23 20:43:14.873176,24
2021-09-23 20:43:15.052913,-7
2021-09-23 20:43:15.052932,-9
2021-09-23 20:43:15.052940,-4
2021-09-23 20:43:15.052947,-16
2021-09-23 20:43:15.052953,-7
2021-09-23 20:43:15.052959,14
2021-09-23 20:43:15.052965,2
2021-09-23 20:43:15.052971,19
2021-09-23 20:43:15.052977,185
2021-09-23 20:43:15.052983,569
2021-09-23 20:43:15.052989,1079
2021-09-23 20:43:15.052995,1046
2021-09-23 20:43:15.053001,55
2021-09-23 20:43:15.053007,-620
2021-09-23 20:43:15.053014,-257
2021-09-23 20:43:15.053020,-16
2021-09-23 20:43:15.053026,-185
2021-09-23 20:43:15.053032,-141
2021-09-23 20:43:15.053038,-45
2021-09-23 20:43:15.053044,-101
2021-09-23 20:43:15.053050,-84
2021-09-23 20:43:15.053056,-19
2021-09-23 20:43:15.053062,-45
2021-09-23 20:43:15.053068,-69
2021-09-23 20:43:15.053074,-38
2021-09-23 20:43:15.053080,-26
2021-09-23 20:43:15.053086,-26
2021-09-23 20:43:15.053092,-4
2021-09-23 20:43:15.053098,7
2021-09-23 20:43:15.053108,7
2021-09-23 20:43:15.323190,16
2021-09-23 20:43:15.323210,36
2021-09-23 20:43:15.323218,45
2021-09-23 20:43:15.323224,60
2021-09-23 20:43:15.323231,88
2021-09-23 20:43:15.323237,93
2021-09-23 20:43:15.323243,88
2021-09-23 20:43:15.323249,125
2021-09-23 20:43:15.323255,139
2021-09-23 20:43:15.323262,93
2021-09-23 20:43:15.323268,69
2021-09-23 20:43:15.323274,74
2021-09-23 20:43:15.323280,38
2021-09-23 20:43:15.323286,-12
2021-09-23 20:43:15.323292,-26
2021-09-23 20:43:15.323299,-50
2021-09-23 20:43:15.323305,-88
2021-09-23 20:43:15.323311,-91
2021-09-23 20:43:15.323317,-79
2021-09-23 20:43:15.323323,-105
2021-09-23 20:43:15.323329,-117
2021-09-23 20:43:15.323335,-81
2021-09-23 20:43:15.323341,-74
2021-09-23 20:43:15.323347,-105
2021-09-23 20:43:15.323353,-105
2021-09-23 20:43:15.323359,-76
2021-09-23 20:43:15.323365,-67
2021-09-23 20:43:15.323371,-72
2021-09-23 20:43:15.323377,-69
2021-09-23 20:43:15.323383,-62
2021-09-23 20:43:15.547451,-64
2021-09-23 20:43:15.547488,-76
2021-09-23 20:43:15.547496,-84
2021-09-23 20:43:15.547502,-67
2021-09-23 20:43:15.547508,-64
2021-09-23 20:43:15.547514,-79
2021-09-23 20:43:15.547520,-60
2021-09-23 20:43:15.547526,-24
2021-09-23 20:43:15.547532,-14
2021-09-23 20:43:15.547538,-33
2021-09-23 20:43:15.547544,-45
2021-09-23 20:43:15.547550,-50
2021-09-23 20:43:15.547556,-52
2021-09-23 20:43:15.547562,-43
2021-09-23 20:43:15.547568,-31
2021-09-23 20:43:15.547574,-31
2021-09-23 20:43:15.547580,-33
2021-09-23 20:43:15.547586,-28
2021-09-23 20:43:15.547592,-24
2021-09-23 20:43:15.547608,-21
2021-09-23 20:43:15.547615,-26
2021-09-23 20:43:15.547621,-33
2021-09-23 20:43:15.547627,-21
2021-09-23 20:43:15.547633,-2
2021-09-23 20:43:15.547639,0
2021-09-23 20:43:15.547645,-16
2021-09-23 20:43:15.547651,-33
2021-09-23 20:43:15.547657,-43
2021-09-23 20:43:15.547663,-28
2021-09-23 20:43:15.547669,-12
2021-09-23 20:43:15.727939,-21
2021-09-23 20:43:15.727961,-24
2021-09-23 20:43:15.727969,4
2021-09-23 20:43:15.727975,16
2021-09-23 20:43:15.727982,12
2021-09-23 20:43:15.727988,16
2021-09-23 20:43:15.727995,9
2021-09-23 20:43:15.728001,-2
2021-09-23 20:43:15.728007,-7
2021-09-23 20:43:15.728013,-14
2021-09-23 20:43:15.728019,-19
2021-09-23 20:43:15.728025,-14
2021-09-23 20:43:15.728032,-12
2021-09-23 20:43:15.728038,45
2021-09-23 20:43:15.728044,288
2021-09-23 20:43:15.728050,740
2021-09-23 20:43:15.728056,1074
2021-09-23 20:43:15.728062,572
2021-09-23 20:43:15.728068,-428
2021-09-23 20:43:15.728074,-529
2021-09-23 20:43:15.728080,-62
2021-09-23 20:43:15.728086,-81
2021-09-23 20:43:15.728092,-192
2021-09-23 20:43:15.728099,-69
2021-09-23 20:43:15.728105,-38
2021-09-23 20:43:15.728111,-76
2021-09-23 20:43:15.728116,-57
2021-09-23 20:43:15.728123,-52
2021-09-23 20:43:15.728129,-69
2021-09-23 20:43:15.728135,-38
2021-09-23 20:43:15.997894,0
2021-09-23 20:43:15.997913,-9
2021-09-23 20:43:15.997921,-28
2021-09-23 20:43:15.997927,-24
2021-09-23 20:43:15.997934,-4
2021-09-23 20:43:15.997940,7
2021-09-23 20:43:15.997955,7
2021-09-23 20:43:15.997962,24
2021-09-23 20:43:15.997968,43
2021-09-23 20:43:15.997977,45
2021-09-23 20:43:15.997984,67
2021-09-23 20:43:15.997990,93
2021-09-23 20:43:15.997996,105
2021-09-23 20:43:15.998002,122
2021-09-23 20:43:15.998008,132
2021-09-23 20:43:15.998014,101
2021-09-23 20:43:15.998020,67
2021-09-23 20:43:15.998026,62
2021-09-23 20:43:15.998032,48
2021-09-23 20:43:15.998038,-14
2021-09-23 20:43:15.998044,-81
2021-09-23 20:43:15.998050,-93
2021-09-23 20:43:15.998056,-74
2021-09-23 20:43:15.998062,-86
2021-09-23 20:43:15.998068,-120
2021-09-23 20:43:15.998073,-120
2021-09-23 20:43:15.998079,-103
2021-09-23 20:43:15.998085,-96
2021-09-23 20:43:15.998091,-91
2021-09-23 20:43:15.998097,-81
2021-09-23 20:43:16.311649,-88
2021-09-23 20:43:16.311670,-93
2021-09-23 20:43:16.311678,-91
2021-09-23 20:43:16.311684,-88
2021-09-23 20:43:16.311690,-74
2021-09-23 20:43:16.311697,-69
2021-09-23 20:43:16.311703,-69
2021-09-23 20:43:16.311709,-52
2021-09-23 20:43:16.311715,-50
2021-09-23 20:43:16.311721,-60
2021-09-23 20:43:16.311728,-43
2021-09-23 20:43:16.311734,-26
2021-09-23 20:43:16.311740,-36
2021-09-23 20:43:16.311746,-43
2021-09-23 20:43:16.311752,-33
2021-09-23 20:43:16.311758,-31
2021-09-23 20:43:16.311764,-31
2021-09-23 20:43:16.311770,-31
2021-09-23 20:43:16.311777,-31
2021-09-23 20:43:16.311783,-31
2021-09-23 20:43:16.311789,-33
2021-09-23 20:43:16.311795,-21
2021-09-23 20:43:16.311801,0
2021-09-23 20:43:16.311807,-12
2021-09-23 20:43:16.311813,-36
2021-09-23 20:43:16.311819,-24
2021-09-23 20:43:16.311825,-9
2021-09-23 20:43:16.311831,-14
2021-09-23 20:43:16.311837,-12
2021-09-23 20:43:16.311853,2
2021-09-23 20:43:16.448019,-14
2021-09-23 20:43:16.448039,-45
2021-09-23 20:43:16.448046,-33
2021-09-23 20:43:16.448053,-7
2021-09-23 20:43:16.448059,0
2021-09-23 20:43:16.448065,-2
2021-09-23 20:43:16.448071,9
2021-09-23 20:43:16.448077,19
2021-09-23 20:43:16.448083,4
2021-09-23 20:43:16.448089,-7
2021-09-23 20:43:16.448095,-4
2021-09-23 20:43:16.448101,-16
2021-09-23 20:43:16.448107,-40
2021-09-23 20:43:16.448114,-45
2021-09-23 20:43:16.448119,-31
2021-09-23 20:43:16.448125,55
2021-09-23 20:43:16.448132,336
2021-09-23 20:43:16.448138,844
2021-09-23 20:43:16.448144,1173
2021-09-23 20:43:16.448150,577
2021-09-23 20:43:16.448155,-428
2021-09-23 20:43:16.448161,-466
2021-09-23 20:43:16.448167,-40
2021-09-23 20:43:16.448173,-125
2021-09-23 20:43:16.448179,-233
2021-09-23 20:43:16.448185,-101
2021-09-23 20:43:16.448191,-88
2021-09-23 20:43:16.448197,-141
2021-09-23 20:43:16.448203,-88
2021-09-23 20:43:16.448209,-48
2021-09-23 20:43:16.672911,-55
2021-09-23 20:43:16.672932,-40
2021-09-23 20:43:16.672939,-26
2021-09-23 20:43:16.672946,-26
2021-09-23 20:43:16.672952,-16
2021-09-23 20:43:16.672958,-14
2021-09-23 20:43:16.672965,-12
2021-09-23 20:43:16.672971,-7
2021-09-23 20:43:16.672977,-4
2021-09-23 20:43:16.672983,19
2021-09-23 20:43:16.672989,57
2021-09-23 20:43:16.672995,76
2021-09-23 20:43:16.673015,86
2021-09-23 20:43:16.673022,105
2021-09-23 20:43:16.673028,115
2021-09-23 20:43:16.673034,103
2021-09-23 20:43:16.673040,96
2021-09-23 20:43:16.673046,98
2021-09-23 20:43:16.673052,93
2021-09-23 20:43:16.673065,69
2021-09-23 20:43:16.673072,16
2021-09-23 20:43:16.673078,-31
2021-09-23 20:43:16.673084,-48
2021-09-23 20:43:16.673091,-57
2021-09-23 20:43:16.673097,-84
2021-09-23 20:43:16.673103,-113
2021-09-23 20:43:16.673109,-120
2021-09-23 20:43:16.673115,-108
2021-09-23 20:43:16.673121,-98
2021-09-23 20:43:16.673127,-96
2021-09-23 20:43:16.898007,-93
2021-09-23 20:43:16.898029,-88
2021-09-23 20:43:16.898037,-84
2021-09-23 20:43:16.898043,-72
2021-09-23 20:43:16.898049,-67
2021-09-23 20:43:16.898055,-69
2021-09-23 20:43:16.898062,-79
2021-09-23 20:43:16.898068,-84
2021-09-23 20:43:16.898074,-84
2021-09-23 20:43:16.898080,-76
2021-09-23 20:43:16.898086,-62
2021-09-23 20:43:16.898092,-48
2021-09-23 20:43:16.898110,-38
2021-09-23 20:43:16.898117,-36
2021-09-23 20:43:16.898123,-38
2021-09-23 20:43:16.898129,-36
2021-09-23 20:43:16.898135,-31
2021-09-23 20:43:16.898141,-52
2021-09-23 20:43:16.898147,-62
2021-09-23 20:43:16.898153,-40
2021-09-23 20:43:16.898159,-31
2021-09-23 20:43:16.898165,-40
2021-09-23 20:43:16.898171,-38
2021-09-23 20:43:16.898178,-28
2021-09-23 20:43:16.898184,-31
2021-09-23 20:43:16.898190,-38
2021-09-23 20:43:16.898196,-33
2021-09-23 20:43:16.898202,-26
2021-09-23 20:43:16.898208,-24
2021-09-23 20:43:16.898214,-24
2021-09-23 20:43:17.122994,-26
2021-09-23 20:43:17.123016,-31
2021-09-23 20:43:17.123024,-31
2021-09-23 20:43:17.123031,-33
2021-09-23 20:43:17.123037,-33
2021-09-23 20:43:17.123043,-21
2021-09-23 20:43:17.123049,-4
2021-09-23 20:43:17.123055,2
2021-09-23 20:43:17.123062,9
2021-09-23 20:43:17.123077,16
2021-09-23 20:43:17.123084,0
2021-09-23 20:43:17.123091,-26
2021-09-23 20:43:17.123097,-36
2021-09-23 20:43:17.123103,-26
2021-09-23 20:43:17.123109,-19
2021-09-23 20:43:17.123115,-16
2021-09-23 20:43:17.123121,7
2021-09-23 20:43:17.123128,84
2021-09-23 20:43:17.123134,331
2021-09-23 20:43:17.123144,812
2021-09-23 20:43:17.123150,1111
2021-09-23 20:43:17.123156,480
2021-09-23 20:43:17.123162,-512
2021-09-23 20:43:17.123169,-490
2021-09-23 20:43:17.123175,-31
2021-09-23 20:43:17.123181,-108
2021-09-23 20:43:17.123187,-197
2021-09-23 20:43:17.123193,-60
2021-09-23 20:43:17.123199,-43
2021-09-23 20:43:17.123205,-86
2021-09-23 20:43:17.348002,-52
2021-09-23 20:43:17.348025,-40
2021-09-23 20:43:17.348032,-60
2021-09-23 20:43:17.348039,-55
2021-09-23 20:43:17.348045,-45
2021-09-23 20:43:17.348051,-48
2021-09-23 20:43:17.348057,-36
2021-09-23 20:43:17.348063,-14
2021-09-23 20:43:17.348069,4
2021-09-23 20:43:17.348076,19
2021-09-23 20:43:17.348082,24
2021-09-23 20:43:17.348088,33
2021-09-23 20:43:17.348094,60
2021-09-23 20:43:17.348100,74
2021-09-23 20:43:17.348106,76
2021-09-23 20:43:17.348112,108
2021-09-23 20:43:17.348118,137
2021-09-23 20:43:17.348124,125
2021-09-23 20:43:17.348130,115
2021-09-23 20:43:17.348136,113
2021-09-23 20:43:17.348142,101
2021-09-23 20:43:17.348147,67
2021-09-23 20:43:17.348154,19
2021-09-23 20:43:17.348159,-31
2021-09-23 20:43:17.348169,-81
2021-09-23 20:43:17.348175,-108
2021-09-23 20:43:17.348181,-108
2021-09-23 20:43:17.348187,-113
2021-09-23 20:43:17.348193,-125
2021-09-23 20:43:17.348207,-115
2021-09-23 20:43:17.573007,-103
2021-09-23 20:43:17.573028,-108
2021-09-23 20:43:17.573035,-117
2021-09-23 20:43:17.573042,-129
2021-09-23 20:43:17.573048,-129
2021-09-23 20:43:17.573054,-103
2021-09-23 20:43:17.573060,-91
2021-09-23 20:43:17.573067,-91
2021-09-23 20:43:17.573073,-74
2021-09-23 20:43:17.573079,-81
2021-09-23 20:43:17.573085,-101
2021-09-23 20:43:17.573091,-81
2021-09-23 20:43:17.573097,-57
2021-09-23 20:43:17.573103,-52
2021-09-23 20:43:17.573109,-48
2021-09-23 20:43:17.573115,-48
2021-09-23 20:43:17.573121,-50
2021-09-23 20:43:17.573127,-28
2021-09-23 20:43:17.573133,-21
2021-09-23 20:43:17.573140,-43
2021-09-23 20:43:17.573146,-50
2021-09-23 20:43:17.573152,-36
2021-09-23 20:43:17.573158,-33
2021-09-23 20:43:17.573164,-28
2021-09-23 20:43:17.573170,-24
2021-09-23 20:43:17.573176,-26
2021-09-23 20:43:17.573182,-16
2021-09-23 20:43:17.573188,-7
2021-09-23 20:43:17.573194,-21
2021-09-23 20:43:17.573200,-45
2021-09-23 20:43:17.843037,-38
2021-09-23 20:43:17.843059,-9
2021-09-23 20:43:17.843066,-16
2021-09-23 20:43:17.843073,-31
2021-09-23 20:43:17.843079,-7
2021-09-23 20:43:17.843086,2
2021-09-23 20:43:17.843092,-14
2021-09-23 20:43:17.843098,-21
2021-09-23 20:43:17.843104,-26
2021-09-23 20:43:17.843110,-26
2021-09-23 20:43:17.843116,-19
2021-09-23 20:43:17.843123,-14
2021-09-23 20:43:17.843129,9
2021-09-23 20:43:17.843135,134
2021-09-23 20:43:17.843141,452
2021-09-23 20:43:17.843147,935
2021-09-23 20:43:17.843154,1053
2021-09-23 20:43:17.843160,199
2021-09-23 20:43:17.843170,-632
2021-09-23 20:43:17.843176,-353
2021-09-23 20:43:17.843183,16
2021-09-23 20:43:17.843189,-153
2021-09-23 20:43:17.843195,-173
2021-09-23 20:43:17.843202,-40
2021-09-23 20:43:17.843208,-62
2021-09-23 20:43:17.843214,-74
2021-09-23 20:43:17.843220,-24
2021-09-23 20:43:17.843226,-28
2021-09-23 20:43:17.843232,-48
2021-09-23 20:43:17.843238,-43
2021-09-23 20:43:18.068028,-31
2021-09-23 20:43:18.068049,-26
2021-09-23 20:43:18.068057,-38
2021-09-23 20:43:18.068063,-28
2021-09-23 20:43:18.068069,2
2021-09-23 20:43:18.068075,14
2021-09-23 20:43:18.068082,14
2021-09-23 20:43:18.068088,24
2021-09-23 20:43:18.068094,38
2021-09-23 20:43:18.068099,55
2021-09-23 20:43:18.068105,84
2021-09-23 20:43:18.068111,115
2021-09-23 20:43:18.068117,122
2021-09-23 20:43:18.068124,108
2021-09-23 20:43:18.068130,91
2021-09-23 20:43:18.068136,74
2021-09-23 20:43:18.068142,60
2021-09-23 20:43:18.068148,38
2021-09-23 20:43:18.068154,2
2021-09-23 20:43:18.068160,-48
2021-09-23 20:43:18.068166,-86
2021-09-23 20:43:18.068172,-103
2021-09-23 20:43:18.068178,-113
2021-09-23 20:43:18.068184,-122
2021-09-23 20:43:18.068190,-115
2021-09-23 20:43:18.068196,-96
2021-09-23 20:43:18.068202,-108
2021-09-23 20:43:18.068208,-129
2021-09-23 20:43:18.068214,-117
2021-09-23 20:43:18.068220,-91
2021-09-23 20:43:18.336668,-81
2021-09-23 20:43:18.336690,-84
2021-09-23 20:43:18.336698,-81
2021-09-23 20:43:18.336704,-91
2021-09-23 20:43:18.336711,-93
2021-09-23 20:43:18.336717,-64
2021-09-23 20:43:18.336723,-64
2021-09-23 20:43:18.336729,-91
2021-09-23 20:43:18.336735,-79
2021-09-23 20:43:18.336751,-48
2021-09-23 20:43:18.336758,-45
2021-09-23 20:43:18.336764,-38
2021-09-23 20:43:18.336770,-16
2021-09-23 20:43:18.336776,-28
2021-09-23 20:43:18.336782,-57
2021-09-23 20:43:18.336788,-55
2021-09-23 20:43:18.336794,-38
2021-09-23 20:43:18.336800,-33
2021-09-23 20:43:18.336807,-36
2021-09-23 20:43:18.336813,-28
2021-09-23 20:43:18.336819,-14
2021-09-23 20:43:18.336825,-14
2021-09-23 20:43:18.336831,-36
2021-09-23 20:43:18.336837,-45
2021-09-23 20:43:18.336843,-33
2021-09-23 20:43:18.336849,-28
2021-09-23 20:43:18.336855,-28
2021-09-23 20:43:18.336861,-14
2021-09-23 20:43:18.336867,-16
2021-09-23 20:43:18.336873,-38
2021-09-23 20:43:18.563041,-33
2021-09-23 20:43:18.563062,-4
2021-09-23 20:43:18.563070,21
2021-09-23 20:43:18.563076,28
2021-09-23 20:43:18.563082,19
2021-09-23 20:43:18.563088,-12
2021-09-23 20:43:18.563094,-40
2021-09-23 20:43:18.563101,-55
2021-09-23 20:43:18.563107,-45
2021-09-23 20:43:18.563113,-43
2021-09-23 20:43:18.563119,-43
2021-09-23 20:43:18.563125,-12
2021-09-23 20:43:18.563131,45
2021-09-23 20:43:18.563137,218
2021-09-23 20:43:18.563144,651
2021-09-23 20:43:18.563150,1072
2021-09-23 20:43:18.563156,692
2021-09-23 20:43:18.563162,-336
2021-09-23 20:43:18.563168,-572
2021-09-23 20:43:18.563174,-93
2021-09-23 20:43:18.563180,-60
2021-09-23 20:43:18.563186,-202
2021-09-23 20:43:18.563192,-81
2021-09-23 20:43:18.563198,-31
2021-09-23 20:43:18.563204,-88
2021-09-23 20:43:18.563210,-48
2021-09-23 20:43:18.563216,-2
2021-09-23 20:43:18.563222,-33
2021-09-23 20:43:18.563228,-52
2021-09-23 20:43:18.563245,-28
2021-09-23 20:43:18.788135,-9
2021-09-23 20:43:18.788157,2
2021-09-23 20:43:18.788165,26
2021-09-23 20:43:18.788172,36
2021-09-23 20:43:18.788178,38
2021-09-23 20:43:18.788185,40
2021-09-23 20:43:18.788191,33
2021-09-23 20:43:18.788197,43
2021-09-23 20:43:18.788203,64
2021-09-23 20:43:18.788209,72
2021-09-23 20:43:18.788215,88
2021-09-23 20:43:18.788221,110
2021-09-23 20:43:18.788228,108
2021-09-23 20:43:18.788234,98
2021-09-23 20:43:18.788240,103
2021-09-23 20:43:18.788246,79
2021-09-23 20:43:18.788252,26
2021-09-23 20:43:18.788258,2
2021-09-23 20:43:18.788265,-24
2021-09-23 20:43:18.788271,-69
2021-09-23 20:43:18.788277,-96
2021-09-23 20:43:18.788283,-103
2021-09-23 20:43:18.788289,-105
2021-09-23 20:43:18.788295,-108
2021-09-23 20:43:18.788311,-120
2021-09-23 20:43:18.788318,-127
2021-09-23 20:43:18.788325,-129
2021-09-23 20:43:18.788331,-125
2021-09-23 20:43:18.788337,-110
2021-09-23 20:43:18.788343,-98
2021-09-23 20:43:19.013070,-101
2021-09-23 20:43:19.013094,-101
2021-09-23 20:43:19.013102,-88
2021-09-23 20:43:19.013108,-81
2021-09-23 20:43:19.013114,-84
2021-09-23 20:43:19.013121,-84
2021-09-23 20:43:19.013127,-79
2021-09-23 20:43:19.013133,-67
2021-09-23 20:43:19.013139,-57
2021-09-23 20:43:19.013145,-55
2021-09-23 20:43:19.013151,-57
2021-09-23 20:43:19.013157,-72
2021-09-23 20:43:19.013163,-74
2021-09-23 20:43:19.013169,-64
2021-09-23 20:43:19.013175,-62
2021-09-23 20:43:19.013181,-69
2021-09-23 20:43:19.013187,-62
2021-09-23 20:43:19.013193,-57
2021-09-23 20:43:19.013199,-57
2021-09-23 20:43:19.013229,-45
2021-09-23 20:43:19.013239,-40
2021-09-23 20:43:19.013246,-57
2021-09-23 20:43:19.013254,-60
2021-09-23 20:43:19.013261,-48
2021-09-23 20:43:19.013268,-52
2021-09-23 20:43:19.013276,-43
2021-09-23 20:43:19.013283,-36
2021-09-23 20:43:19.013291,-40
2021-09-23 20:43:19.013298,-16
2021-09-23 20:43:19.013305,19
2021-09-23 20:43:19.193041,21
2021-09-23 20:43:19.193062,-7
2021-09-23 20:43:19.193072,-28
2021-09-23 20:43:19.193080,-33
2021-09-23 20:43:19.193088,-36
2021-09-23 20:43:19.193095,-33
2021-09-23 20:43:19.193103,-28
2021-09-23 20:43:19.193110,2
2021-09-23 20:43:19.193117,134
2021-09-23 20:43:19.193125,464
2021-09-23 20:43:19.193132,930
2021-09-23 20:43:19.193140,988
2021-09-23 20:43:19.193147,182
2021-09-23 20:43:19.193155,-519
2021-09-23 20:43:19.193162,-264
2021-09-23 20:43:19.193170,7
2021-09-23 20:43:19.193178,-175
2021-09-23 20:43:19.193185,-173
2021-09-23 20:43:19.193192,-26
2021-09-23 20:43:19.193200,-60
2021-09-23 20:43:19.193207,-98
2021-09-23 20:43:19.193214,-43
2021-09-23 20:43:19.193222,-24
2021-09-23 20:43:19.193229,-38
2021-09-23 20:43:19.193237,-24
2021-09-23 20:43:19.193244,-4
2021-09-23 20:43:19.193251,0
2021-09-23 20:43:19.193259,-7
2021-09-23 20:43:19.193266,-7
2021-09-23 20:43:19.193274,19
2021-09-23 20:43:19.418062,40
2021-09-23 20:43:19.418086,28
2021-09-23 20:43:19.418095,31
2021-09-23 20:43:19.418103,57
2021-09-23 20:43:19.418111,74
2021-09-23 20:43:19.418118,93
2021-09-23 20:43:19.418126,105
2021-09-23 20:43:19.418133,110
2021-09-23 20:43:19.418140,117
2021-09-23 20:43:19.418154,96
2021-09-23 20:43:19.418161,67
2021-09-23 20:43:19.418167,72
2021-09-23 20:43:19.418173,50
2021-09-23 20:43:19.418179,-21
2021-09-23 20:43:19.418185,-64
2021-09-23 20:43:19.418191,-72
2021-09-23 20:43:19.418198,-98
2021-09-23 20:43:19.418204,-134
2021-09-23 20:43:19.418210,-139
2021-09-23 20:43:19.418216,-127
2021-09-23 20:43:19.418222,-110
2021-09-23 20:43:19.418228,-108
2021-09-23 20:43:19.418234,-127
2021-09-23 20:43:19.418240,-125
2021-09-23 20:43:19.418246,-103
2021-09-23 20:43:19.418252,-103
2021-09-23 20:43:19.418258,-103
2021-09-23 20:43:19.418264,-103
2021-09-23 20:43:19.418270,-108
2021-09-23 20:43:19.418276,-98
2021-09-23 20:43:19.688044,-93
2021-09-23 20:43:19.688065,-93
2021-09-23 20:43:19.688072,-81
2021-09-23 20:43:19.688079,-69
2021-09-23 20:43:19.688085,-69
2021-09-23 20:43:19.688091,-62
2021-09-23 20:43:19.688098,-48
2021-09-23 20:43:19.688104,-43
2021-09-23 20:43:19.688110,-48
2021-09-23 20:43:19.688117,-57
2021-09-23 20:43:19.688123,-50
2021-09-23 20:43:19.688129,-31
2021-09-23 20:43:19.688135,-26
2021-09-23 20:43:19.688141,-36
2021-09-23 20:43:19.688147,-36
2021-09-23 20:43:19.688153,-33
2021-09-23 20:43:19.688159,-36
2021-09-23 20:43:19.688166,-28
2021-09-23 20:43:19.688172,-33
2021-09-23 20:43:19.688178,-50
2021-09-23 20:43:19.688184,-45
2021-09-23 20:43:19.688190,-28
2021-09-23 20:43:19.688196,-24
2021-09-23 20:43:19.688202,-12
2021-09-23 20:43:19.688208,14
2021-09-23 20:43:19.688214,26
2021-09-23 20:43:19.688220,7
2021-09-23 20:43:19.688226,-14
2021-09-23 20:43:19.688232,-14
2021-09-23 20:43:19.688245,-12
2021-09-23 20:43:19.913051,-12
2021-09-23 20:43:19.913073,-12
2021-09-23 20:43:19.913081,-19
2021-09-23 20:43:19.913087,-7
2021-09-23 20:43:19.913093,45
2021-09-23 20:43:19.913099,141
2021-09-23 20:43:19.913106,382
2021-09-23 20:43:19.913112,817
2021-09-23 20:43:19.913118,1012
2021-09-23 20:43:19.913124,290
2021-09-23 20:43:19.913130,-589
2021-09-23 20:43:19.913136,-408
2021-09-23 20:43:19.913142,16
2021-09-23 20:43:19.913148,-117
2021-09-23 20:43:19.913154,-163
2021-09-23 20:43:19.913161,-12
2021-09-23 20:43:19.913167,-24
2021-09-23 20:43:19.913173,-79
2021-09-23 20:43:19.913179,-52
2021-09-23 20:43:19.913185,-31
2021-09-23 20:43:19.913191,-31
2021-09-23 20:43:19.913197,-26
2021-09-23 20:43:19.913203,-19
2021-09-23 20:43:19.913209,-16
2021-09-23 20:43:19.913215,-4
2021-09-23 20:43:19.913221,28
2021-09-23 20:43:19.913227,43
2021-09-23 20:43:19.913233,28
2021-09-23 20:43:19.913239,36
2021-09-23 20:43:19.913245,60
2021-09-23 20:43:20.138053,72
2021-09-23 20:43:20.138074,91
2021-09-23 20:43:20.138082,110
2021-09-23 20:43:20.138089,108
2021-09-23 20:43:20.138095,103
2021-09-23 20:43:20.138101,122
2021-09-23 20:43:20.138107,144
2021-09-23 20:43:20.138113,125
2021-09-23 20:43:20.138119,67
2021-09-23 20:43:20.138125,28
2021-09-23 20:43:20.138131,2
2021-09-23 20:43:20.138137,-28
2021-09-23 20:43:20.138143,-50
2021-09-23 20:43:20.138149,-74
2021-09-23 20:43:20.138155,-110
2021-09-23 20:43:20.138161,-120
2021-09-23 20:43:20.138168,-120
2021-09-23 20:43:20.138174,-127
2021-09-23 20:43:20.138180,-127
2021-09-23 20:43:20.138192,-134
2021-09-23 20:43:20.138198,-146
2021-09-23 20:43:20.138204,-132
2021-09-23 20:43:20.138210,-115
2021-09-23 20:43:20.138216,-113
2021-09-23 20:43:20.138222,-101
2021-09-23 20:43:20.138229,-93
2021-09-23 20:43:20.138235,-96
2021-09-23 20:43:20.138241,-74
2021-09-23 20:43:20.138247,-52
2021-09-23 20:43:20.138253,-67
2021-09-23 20:43:20.406717,-69
2021-09-23 20:43:20.406739,-48
2021-09-23 20:43:20.406746,-52
2021-09-23 20:43:20.406753,-62
2021-09-23 20:43:20.406759,-52
2021-09-23 20:43:20.406765,-45
2021-09-23 20:43:20.406771,-50
2021-09-23 20:43:20.406777,-60
2021-09-23 20:43:20.406783,-52
2021-09-23 20:43:20.406789,-36
2021-09-23 20:43:20.406795,-52
2021-09-23 20:43:20.406801,-69
2021-09-23 20:43:20.406807,-48
2021-09-23 20:43:20.406813,-52
2021-09-23 20:43:20.406819,-69
2021-09-23 20:43:20.406825,-40
2021-09-23 20:43:20.406831,-14
2021-09-23 20:43:20.406837,-19
2021-09-23 20:43:20.406843,-21
2021-09-23 20:43:20.406849,-28
2021-09-23 20:43:20.406855,-43
2021-09-23 20:43:20.406861,-48
2021-09-23 20:43:20.406866,-52
2021-09-23 20:43:20.406872,-48
2021-09-23 20:43:20.406878,-28
2021-09-23 20:43:20.406884,-36
2021-09-23 20:43:20.406890,-50
2021-09-23 20:43:20.406896,-4
2021-09-23 20:43:20.406902,185
2021-09-23 20:43:20.406908,577
2021-09-23 20:43:20.635118,969
2021-09-23 20:43:20.635139,634
2021-09-23 20:43:20.635147,-389
2021-09-23 20:43:20.635153,-649
2021-09-23 20:43:20.635160,-113
2021-09-23 20:43:20.635166,-31
2021-09-23 20:43:20.635172,-209
2021-09-23 20:43:20.635178,-110
2021-09-23 20:43:20.635185,-38
2021-09-23 20:43:20.635197,-81
2021-09-23 20:43:20.635204,-55
2021-09-23 20:43:20.635211,-26
2021-09-23 20:43:20.635217,-45
2021-09-23 20:43:20.635223,-38
2021-09-23 20:43:20.635229,-16
2021-09-23 20:43:20.635235,-16
2021-09-23 20:43:20.635241,-4
2021-09-23 20:43:20.635248,16
2021-09-23 20:43:20.635254,19
2021-09-23 20:43:20.635260,19
2021-09-23 20:43:20.635266,33
2021-09-23 20:43:20.635272,55
2021-09-23 20:43:20.635278,84
2021-09-23 20:43:20.635284,113
2021-09-23 20:43:20.635290,122
2021-09-23 20:43:20.635296,117
2021-09-23 20:43:20.635303,108
2021-09-23 20:43:20.635309,108
2021-09-23 20:43:20.635315,120
2021-09-23 20:43:20.635321,115
2021-09-23 20:43:20.857992,79
2021-09-23 20:43:20.858011,33
2021-09-23 20:43:20.858019,2
2021-09-23 20:43:20.858025,-33
2021-09-23 20:43:20.858032,-79
2021-09-23 20:43:20.858038,-103
2021-09-23 20:43:20.858044,-110
2021-09-23 20:43:20.858050,-113
2021-09-23 20:43:20.858056,-110
2021-09-23 20:43:20.858062,-117
2021-09-23 20:43:20.858068,-132
2021-09-23 20:43:20.858074,-129
2021-09-23 20:43:20.858080,-129
2021-09-23 20:43:20.858086,-137
2021-09-23 20:43:20.858092,-120
2021-09-23 20:43:20.858099,-98
2021-09-23 20:43:20.858105,-88
2021-09-23 20:43:20.858111,-81
2021-09-23 20:43:20.858117,-81
2021-09-23 20:43:20.858123,-81
2021-09-23 20:43:20.858130,-74
2021-09-23 20:43:20.858136,-79
2021-09-23 20:43:20.858142,-84
2021-09-23 20:43:20.858148,-67
2021-09-23 20:43:20.858154,-48
2021-09-23 20:43:20.858160,-45
2021-09-23 20:43:20.858166,-64
2021-09-23 20:43:20.858172,-74
2021-09-23 20:43:20.858178,-64
2021-09-23 20:43:20.858193,-62
2021-09-23 20:43:21.038079,-67
2021-09-23 20:43:21.038101,-64
2021-09-23 20:43:21.038108,-69
2021-09-23 20:43:21.038114,-67
2021-09-23 20:43:21.038121,-60
2021-09-23 20:43:21.038127,-52
2021-09-23 20:43:21.038133,-50
2021-09-23 20:43:21.038139,-69
2021-09-23 20:43:21.038145,-74
2021-09-23 20:43:21.038150,-50
2021-09-23 20:43:21.038156,-40
2021-09-23 20:43:21.038162,-45
2021-09-23 20:43:21.038168,-43
2021-09-23 20:43:21.038174,-36
2021-09-23 20:43:21.038180,-28
2021-09-23 20:43:21.038186,-16
2021-09-23 20:43:21.038192,-26
2021-09-23 20:43:21.038198,-43
2021-09-23 20:43:21.038204,-24
2021-09-23 20:43:21.038210,4
2021-09-23 20:43:21.038216,-9
2021-09-23 20:43:21.038232,-31
2021-09-23 20:43:21.038239,-24
2021-09-23 20:43:21.038244,-9
2021-09-23 20:43:21.038250,2
2021-09-23 20:43:21.038256,9
2021-09-23 20:43:21.038262,21
2021-09-23 20:43:21.038268,127
2021-09-23 20:43:21.038274,444
2021-09-23 20:43:21.038280,949
2021-09-23 20:43:21.308058,1091
2021-09-23 20:43:21.308079,290
2021-09-23 20:43:21.308087,-521
2021-09-23 20:43:21.308093,-322
2021-09-23 20:43:21.308100,-19
2021-09-23 20:43:21.308106,-161
2021-09-23 20:43:21.308111,-161
2021-09-23 20:43:21.308117,-38
2021-09-23 20:43:21.308123,-69
2021-09-23 20:43:21.308129,-91
2021-09-23 20:43:21.308135,-36
2021-09-23 20:43:21.308141,-16
2021-09-23 20:43:21.308151,-31
2021-09-23 20:43:21.308156,-33
2021-09-23 20:43:21.308162,-26
2021-09-23 20:43:21.308169,-9
2021-09-23 20:43:21.308175,4
2021-09-23 20:43:21.308181,7
2021-09-23 20:43:21.308187,24
2021-09-23 20:43:21.308199,45
2021-09-23 20:43:21.308206,57
2021-09-23 20:43:21.308212,50
2021-09-23 20:43:21.308218,40
2021-09-23 20:43:21.308224,64
2021-09-23 20:43:21.308230,96
2021-09-23 20:43:21.308236,105
2021-09-23 20:43:21.308242,113
2021-09-23 20:43:21.308248,110
2021-09-23 20:43:21.308254,96
2021-09-23 20:43:21.308260,93
2021-09-23 20:43:21.533077,62
2021-09-23 20:43:21.533099,12
2021-09-23 20:43:21.533106,0
2021-09-23 20:43:21.533113,-16
2021-09-23 20:43:21.533119,-55
2021-09-23 20:43:21.533125,-64
2021-09-23 20:43:21.533132,-67
2021-09-23 20:43:21.533138,-88
2021-09-23 20:43:21.533144,-93
2021-09-23 20:43:21.533150,-93
2021-09-23 20:43:21.533157,-108
2021-09-23 20:43:21.533163,-103
2021-09-23 20:43:21.533169,-86
2021-09-23 20:43:21.533175,-93
2021-09-23 20:43:21.533181,-110
2021-09-23 20:43:21.533187,-115
2021-09-23 20:43:21.533193,-110
2021-09-23 20:43:21.533199,-93
2021-09-23 20:43:21.533206,-76
2021-09-23 20:43:21.533212,-69
2021-09-23 20:43:21.533218,-69
2021-09-23 20:43:21.533224,-81
2021-09-23 20:43:21.533230,-81
2021-09-23 20:43:21.533236,-52
2021-09-23 20:43:21.533242,-33
2021-09-23 20:43:21.533248,-40
2021-09-23 20:43:21.533254,-43
2021-09-23 20:43:21.533260,-36
2021-09-23 20:43:21.533267,-31
2021-09-23 20:43:21.533273,-31
2021-09-23 20:43:21.848156,-28
2021-09-23 20:43:21.848202,-24
2021-09-23 20:43:21.848209,-38
2021-09-23 20:43:21.848216,-48
2021-09-23 20:43:21.848222,-38
2021-09-23 20:43:21.848228,-26
2021-09-23 20:43:21.848235,-21
2021-09-23 20:43:21.848241,-21
2021-09-23 20:43:21.848247,-33
2021-09-23 20:43:21.848253,-40
2021-09-23 20:43:21.848259,-26
2021-09-23 20:43:21.848265,-16
2021-09-23 20:43:21.848271,-21
2021-09-23 20:43:21.848278,-16
2021-09-23 20:43:21.848284,-12
2021-09-23 20:43:21.848289,-26
2021-09-23 20:43:21.848295,-36
2021-09-23 20:43:21.848301,-28
2021-09-23 20:43:21.848307,-19
2021-09-23 20:43:21.848313,-14
2021-09-23 20:43:21.848319,-2
2021-09-23 20:43:21.848325,9
2021-09-23 20:43:21.848332,9
2021-09-23 20:43:21.848338,2
2021-09-23 20:43:21.848344,4
2021-09-23 20:43:21.848350,0
2021-09-23 20:43:21.848356,-12
2021-09-23 20:43:21.848362,0
2021-09-23 20:43:21.848368,24
2021-09-23 20:43:21.848374,33
2021-09-23 20:43:21.983229,127
2021-09-23 20:43:21.983251,430
2021-09-23 20:43:21.983259,921
2021-09-23 20:43:21.983266,1139
2021-09-23 20:43:21.983272,399
2021-09-23 20:43:21.983278,-543
2021-09-23 20:43:21.983284,-396
2021-09-23 20:43:21.983290,40
2021-09-23 20:43:21.983296,-105
2021-09-23 20:43:21.983302,-192
2021-09-23 20:43:21.983308,-43
2021-09-23 20:43:21.983315,-36
2021-09-23 20:43:21.983321,-76
2021-09-23 20:43:21.983327,-43
2021-09-23 20:43:21.983333,-36
2021-09-23 20:43:21.983339,-45
2021-09-23 20:43:21.983345,-16
2021-09-23 20:43:21.983351,2
2021-09-23 20:43:21.983357,-9
2021-09-23 20:43:21.983363,-9
2021-09-23 20:43:21.983369,19
2021-09-23 20:43:21.983375,40
2021-09-23 20:43:21.983381,38
2021-09-23 20:43:21.983387,40
2021-09-23 20:43:21.983393,57
2021-09-23 20:43:21.983399,62
2021-09-23 20:43:21.983405,67
2021-09-23 20:43:21.983411,86
2021-09-23 20:43:21.983417,93
2021-09-23 20:43:21.983432,81
2021-09-23 20:43:22.208118,76
2021-09-23 20:43:22.208139,84
2021-09-23 20:43:22.208147,76
2021-09-23 20:43:22.208153,43
2021-09-23 20:43:22.208159,12
2021-09-23 20:43:22.208165,0
2021-09-23 20:43:22.208171,-16
2021-09-23 20:43:22.208177,-57
2021-09-23 20:43:22.208183,-96
2021-09-23 20:43:22.208189,-93
2021-09-23 20:43:22.208196,-81
2021-09-23 20:43:22.208202,-101
2021-09-23 20:43:22.208208,-117
2021-09-23 20:43:22.208214,-110
2021-09-23 20:43:22.208220,-120
2021-09-23 20:43:22.208226,-132
2021-09-23 20:43:22.208232,-110
2021-09-23 20:43:22.208238,-93
2021-09-23 20:43:22.208244,-98
2021-09-23 20:43:22.208250,-86
2021-09-23 20:43:22.208256,-79
2021-09-23 20:43:22.208262,-98
2021-09-23 20:43:22.208268,-91
2021-09-23 20:43:22.208274,-55
2021-09-23 20:43:22.208280,-48
2021-09-23 20:43:22.208286,-67
2021-09-23 20:43:22.208293,-67
2021-09-23 20:43:22.208299,-55
2021-09-23 20:43:22.208305,-43
2021-09-23 20:43:22.208311,-28
2021-09-23 20:43:22.476758,-19
2021-09-23 20:43:22.476779,-33
2021-09-23 20:43:22.476787,-52
2021-09-23 20:43:22.476793,-45
2021-09-23 20:43:22.476799,-31
2021-09-23 20:43:22.476806,-33
2021-09-23 20:43:22.476812,-52
2021-09-23 20:43:22.476818,-57
2021-09-23 20:43:22.476824,-43
2021-09-23 20:43:22.476830,-45
2021-09-23 20:43:22.476836,-50
2021-09-23 20:43:22.476842,-36
2021-09-23 20:43:22.476848,-36
2021-09-23 20:43:22.476854,-45
2021-09-23 20:43:22.476860,-33
2021-09-23 20:43:22.476866,-33
2021-09-23 20:43:22.476872,-40
2021-09-23 20:43:22.476878,-24
2021-09-23 20:43:22.476884,-21
2021-09-23 20:43:22.476897,-48
2021-09-23 20:43:22.476904,-45
2021-09-23 20:43:22.476910,-24
2021-09-23 20:43:22.476916,-26
2021-09-23 20:43:22.476922,-40
2021-09-23 20:43:22.476928,-36
2021-09-23 20:43:22.476934,-14
2021-09-23 20:43:22.476940,7
2021-09-23 20:43:22.476946,7
2021-09-23 20:43:22.476952,-4
2021-09-23 20:43:22.476958,-12
2021-09-23 20:43:22.657997,-9
2021-09-23 20:43:22.658017,-4
2021-09-23 20:43:22.658024,-9
2021-09-23 20:43:22.658031,-21
2021-09-23 20:43:22.658037,-14
2021-09-23 20:43:22.658043,38
2021-09-23 20:43:22.658049,218
2021-09-23 20:43:22.658056,593
2021-09-23 20:43:22.658062,1005
2021-09-23 20:43:22.658068,747
2021-09-23 20:43:22.658074,-274
2021-09-23 20:43:22.658080,-661
2021-09-23 20:43:22.658086,-161
2021-09-23 20:43:22.658092,-21
2021-09-23 20:43:22.658099,-194
2021-09-23 20:43:22.658105,-93
2021-09-23 20:43:22.658111,-12
2021-09-23 20:43:22.658117,-81
2021-09-23 20:43:22.658131,-62
2021-09-23 20:43:22.658138,-2
2021-09-23 20:43:22.658144,-21
2021-09-23 20:43:22.658150,-21
2021-09-23 20:43:22.658156,9
2021-09-23 20:43:22.658162,4
2021-09-23 20:43:22.658168,-2
2021-09-23 20:43:22.658174,21
2021-09-23 20:43:22.658180,38
2021-09-23 20:43:22.658186,38
2021-09-23 20:43:22.658192,40
2021-09-23 20:43:22.658198,52
2021-09-23 20:43:22.927499,67
2021-09-23 20:43:22.927522,84
2021-09-23 20:43:22.927529,103
2021-09-23 20:43:22.927536,120
2021-09-23 20:43:22.927542,122
2021-09-23 20:43:22.927549,105
2021-09-23 20:43:22.927555,86
2021-09-23 20:43:22.927561,79
2021-09-23 20:43:22.927567,60
2021-09-23 20:43:22.927573,26
2021-09-23 20:43:22.927580,-2
2021-09-23 20:43:22.927586,-38
2021-09-23 20:43:22.927592,-74
2021-09-23 20:43:22.927598,-74
2021-09-23 20:43:22.927604,-69
2021-09-23 20:43:22.927610,-98
2021-09-23 20:43:22.927617,-137
2021-09-23 20:43:22.927623,-149
2021-09-23 20:43:22.927629,-132
2021-09-23 20:43:22.927635,-117
2021-09-23 20:43:22.927642,-122
2021-09-23 20:43:22.927648,-120
2021-09-23 20:43:22.927654,-91
2021-09-23 20:43:22.927660,-67
2021-09-23 20:43:22.927666,-72
2021-09-23 20:43:22.927673,-76
2021-09-23 20:43:22.927678,-74
2021-09-23 20:43:22.927684,-74
2021-09-23 20:43:22.927690,-57
2021-09-23 20:43:22.927696,-40
2021-09-23 20:43:23.108584,-50
2021-09-23 20:43:23.108609,-55
2021-09-23 20:43:23.108616,-38
2021-09-23 20:43:23.108623,-33
2021-09-23 20:43:23.108629,-48
2021-09-23 20:43:23.108635,-62
2021-09-23 20:43:23.108641,-57
2021-09-23 20:43:23.108647,-40
2021-09-23 20:43:23.108654,-38
2021-09-23 20:43:23.108660,-55
2021-09-23 20:43:23.108666,-64
2021-09-23 20:43:23.108672,-52
2021-09-23 20:43:23.108678,-40
2021-09-23 20:43:23.108684,-43
2021-09-23 20:43:23.108691,-50
2021-09-23 20:43:23.108697,-52
2021-09-23 20:43:23.108703,-45
2021-09-23 20:43:23.108709,-38
2021-09-23 20:43:23.108715,-43
2021-09-23 20:43:23.108721,-43
2021-09-23 20:43:23.108727,-33
2021-09-23 20:43:23.108733,-28
2021-09-23 20:43:23.108739,-19
2021-09-23 20:43:23.108745,-4
2021-09-23 20:43:23.108751,-2
2021-09-23 20:43:23.108756,-21
2021-09-23 20:43:23.108762,-40
2021-09-23 20:43:23.108768,-33
2021-09-23 20:43:23.108774,-16
2021-09-23 20:43:23.108787,-12
2021-09-23 20:43:23.378115,-4
2021-09-23 20:43:23.378136,24
2021-09-23 20:43:23.378144,151
2021-09-23 20:43:23.378150,473
2021-09-23 20:43:23.378156,896
2021-09-23 20:43:23.378162,805
2021-09-23 20:43:23.378168,-132
2021-09-23 20:43:23.378175,-707
2021-09-23 20:43:23.378181,-252
2021-09-23 20:43:23.378187,24
2021-09-23 20:43:23.378193,-163
2021-09-23 20:43:23.378199,-117
2021-09-23 20:43:23.378205,7
2021-09-23 20:43:23.378211,-40
2021-09-23 20:43:23.378217,-57
2021-09-23 20:43:23.378223,-12
2021-09-23 20:43:23.378229,-7
2021-09-23 20:43:23.378235,0
2021-09-23 20:43:23.378241,21
2021-09-23 20:43:23.378247,16
2021-09-23 20:43:23.378253,0
2021-09-23 20:43:23.378259,2
2021-09-23 20:43:23.378265,26
2021-09-23 20:43:23.378271,52
2021-09-23 20:43:23.378277,62
2021-09-23 20:43:23.378284,69
2021-09-23 20:43:23.378290,86
2021-09-23 20:43:23.378295,93
2021-09-23 20:43:23.378302,110
2021-09-23 20:43:23.378308,129
2021-09-23 20:43:23.603130,117
2021-09-23 20:43:23.603151,105
2021-09-23 20:43:23.603158,115
2021-09-23 20:43:23.603165,110
2021-09-23 20:43:23.603171,86
2021-09-23 20:43:23.603177,48
2021-09-23 20:43:23.603183,7
2021-09-23 20:43:23.603190,-26
2021-09-23 20:43:23.603196,-74
2021-09-23 20:43:23.603202,-125
2021-09-23 20:43:23.603208,-127
2021-09-23 20:43:23.603214,-115
2021-09-23 20:43:23.603220,-129
2021-09-23 20:43:23.603227,-144
2021-09-23 20:43:23.603233,-151
2021-09-23 20:43:23.603239,-149
2021-09-23 20:43:23.603245,-125
2021-09-23 20:43:23.603250,-117
2021-09-23 20:43:23.603256,-144
2021-09-23 20:43:23.603269,-137
2021-09-23 20:43:23.603275,-91
2021-09-23 20:43:23.603282,-72
2021-09-23 20:43:23.603288,-86
2021-09-23 20:43:23.603294,-74
2021-09-23 20:43:23.603302,-31
2021-09-23 20:43:23.603309,-26
2021-09-23 20:43:23.603315,-69
2021-09-23 20:43:23.603321,-72
2021-09-23 20:43:23.603327,-48
2021-09-23 20:43:23.603333,-52
2021-09-23 20:43:23.828192,-43
2021-09-23 20:43:23.828213,-21
2021-09-23 20:43:23.828221,-36
2021-09-23 20:43:23.828227,-45
2021-09-23 20:43:23.828233,-28
2021-09-23 20:43:23.828240,-33
2021-09-23 20:43:23.828246,-69
2021-09-23 20:43:23.828252,-84
2021-09-23 20:43:23.828258,-57
2021-09-23 20:43:23.828264,-52
2021-09-23 20:43:23.828270,-69
2021-09-23 20:43:23.828276,-60
2021-09-23 20:43:23.828282,-26
2021-09-23 20:43:23.828288,-9
2021-09-23 20:43:23.828295,-28
2021-09-23 20:43:23.828301,-45
2021-09-23 20:43:23.828307,-38
2021-09-23 20:43:23.828313,-40
2021-09-23 20:43:23.828319,-57
2021-09-23 20:43:23.828325,-50
2021-09-23 20:43:23.828331,-43
2021-09-23 20:43:23.828337,-45
2021-09-23 20:43:23.828343,-33
2021-09-23 20:43:23.828352,12
2021-09-23 20:43:23.828358,189
2021-09-23 20:43:23.828364,550
2021-09-23 20:43:23.828370,834
2021-09-23 20:43:23.828377,416
2021-09-23 20:43:23.828383,-485
2021-09-23 20:43:23.828389,-591
2021-09-23 20:43:24.097536,-88
2021-09-23 20:43:24.097558,-45
2021-09-23 20:43:24.097565,-165
2021-09-23 20:43:24.097571,-69
2021-09-23 20:43:24.097578,-28
2021-09-23 20:43:24.097584,-55
2021-09-23 20:43:24.097590,-43
2021-09-23 20:43:24.097596,-28
2021-09-23 20:43:24.097602,-38
2021-09-23 20:43:24.097614,-50
2021-09-23 20:43:24.097621,-36
2021-09-23 20:43:24.097627,-2
2021-09-23 20:43:24.097633,4
2021-09-23 20:43:24.097640,-4
2021-09-23 20:43:24.097646,7
2021-09-23 20:43:24.097652,19
2021-09-23 20:43:24.097658,21
2021-09-23 20:43:24.097664,43
2021-09-23 20:43:24.097670,67
2021-09-23 20:43:24.097676,79
2021-09-23 20:43:24.097682,98
2021-09-23 20:43:24.097688,122
2021-09-23 20:43:24.097694,120
2021-09-23 20:43:24.097700,108
2021-09-23 20:43:24.097707,98
2021-09-23 20:43:24.097712,62
2021-09-23 20:43:24.097718,38
2021-09-23 20:43:24.097724,31
2021-09-23 20:43:24.097731,-7
2021-09-23 20:43:24.097737,-62
2021-09-23 20:43:24.278115,-101
2021-09-23 20:43:24.278137,-115
2021-09-23 20:43:24.278145,-113
2021-09-23 20:43:24.278151,-137
2021-09-23 20:43:24.278158,-170
2021-09-23 20:43:24.278164,-161
2021-09-23 20:43:24.278170,-151
2021-09-23 20:43:24.278176,-156
2021-09-23 20:43:24.278182,-141
2021-09-23 20:43:24.278188,-122
2021-09-23 20:43:24.278195,-113
2021-09-23 20:43:24.278201,-105
2021-09-23 20:43:24.278207,-98
2021-09-23 20:43:24.278213,-88
2021-09-23 20:43:24.278219,-79
2021-09-23 20:43:24.278225,-74
2021-09-23 20:43:24.278232,-57
2021-09-23 20:43:24.278238,-38
2021-09-23 20:43:24.278244,-43
2021-09-23 20:43:24.278250,-52
2021-09-23 20:43:24.278256,-43
2021-09-23 20:43:24.278262,-40
2021-09-23 20:43:24.278268,-52
2021-09-23 20:43:24.278275,-50
2021-09-23 20:43:24.278281,-50
2021-09-23 20:43:24.278287,-57
2021-09-23 20:43:24.278293,-50
2021-09-23 20:43:24.278299,-50
2021-09-23 20:43:24.278305,-60
2021-09-23 20:43:24.278319,-48
2021-09-23 20:43:24.546734,-26
2021-09-23 20:43:24.546754,-38
2021-09-23 20:43:24.546761,-60
2021-09-23 20:43:24.546768,-52
2021-09-23 20:43:24.546774,-31
2021-09-23 20:43:24.546781,-26
2021-09-23 20:43:24.546787,-36
2021-09-23 20:43:24.546793,-31
2021-09-23 20:43:24.546799,-7
2021-09-23 20:43:24.546805,-4
2021-09-23 20:43:24.546811,-40
2021-09-23 20:43:24.546817,-79
2021-09-23 20:43:24.546823,-79
2021-09-23 20:43:24.546829,-48
2021-09-23 20:43:24.546835,-31
2021-09-23 20:43:24.546841,-38
2021-09-23 20:43:24.546847,-19
2021-09-23 20:43:24.546853,72
2021-09-23 20:43:24.546859,295
2021-09-23 20:43:24.546865,709
2021-09-23 20:43:24.546871,925
2021-09-23 20:43:24.546877,300
2021-09-23 20:43:24.546883,-473
2021-09-23 20:43:24.546889,-329
2021-09-23 20:43:24.546895,7
2021-09-23 20:43:24.546901,-120
2021-09-23 20:43:24.546907,-165
2021-09-23 20:43:24.546913,-50
2021-09-23 20:43:24.546919,-67
2021-09-23 20:43:24.546925,-93
2021-09-23 20:43:24.728142,-45
2021-09-23 20:43:24.728164,-43
2021-09-23 20:43:24.728172,-57
2021-09-23 20:43:24.728179,-24
2021-09-23 20:43:24.728185,-12
2021-09-23 20:43:24.728191,-38
2021-09-23 20:43:24.728197,-36
2021-09-23 20:43:24.728203,-12
2021-09-23 20:43:24.728209,2
2021-09-23 20:43:24.728216,9
2021-09-23 20:43:24.728222,12
2021-09-23 20:43:24.728228,16
2021-09-23 20:43:24.728233,21
2021-09-23 20:43:24.728239,26
2021-09-23 20:43:24.728245,48
2021-09-23 20:43:24.728251,72
2021-09-23 20:43:24.728257,57
2021-09-23 20:43:24.728263,28
2021-09-23 20:43:24.728269,33
2021-09-23 20:43:24.728278,40
2021-09-23 20:43:24.728285,28
2021-09-23 20:43:24.728291,12
2021-09-23 20:43:24.728296,-2
2021-09-23 20:43:24.728302,-28
2021-09-23 20:43:24.728308,-60
2021-09-23 20:43:24.728314,-72
2021-09-23 20:43:24.728320,-74
2021-09-23 20:43:24.728326,-88
2021-09-23 20:43:24.728332,-108
2021-09-23 20:43:24.728338,-105
2021-09-23 20:43:24.953076,-88
2021-09-23 20:43:24.953096,-79
2021-09-23 20:43:24.953103,-98
2021-09-23 20:43:24.953109,-110
2021-09-23 20:43:24.953115,-108
2021-09-23 20:43:24.953121,-108
2021-09-23 20:43:24.953127,-105
2021-09-23 20:43:24.953133,-96
2021-09-23 20:43:24.953139,-84
2021-09-23 20:43:24.953145,-84
2021-09-23 20:43:24.953151,-86
2021-09-23 20:43:24.953157,-67
2021-09-23 20:43:24.953163,-31
2021-09-23 20:43:24.953169,-28
2021-09-23 20:43:24.953175,-52
2021-09-23 20:43:24.953181,-62
2021-09-23 20:43:24.953187,-69
2021-09-23 20:43:24.953193,-69
2021-09-23 20:43:24.953351,-50
2021-09-23 20:43:24.953359,-33
2021-09-23 20:43:24.953366,-31
2021-09-23 20:43:24.953372,-36
2021-09-23 20:43:24.953378,-43
2021-09-23 20:43:24.953391,-36
2021-09-23 20:43:24.953398,-33
2021-09-23 20:43:24.953404,-40
2021-09-23 20:43:24.953410,-26
2021-09-23 20:43:24.953416,-14
2021-09-23 20:43:24.953422,-14
2021-09-23 20:43:24.953429,-2
2021-09-23 20:43:25.223123,-7
2021-09-23 20:43:25.223145,-31
2021-09-23 20:43:25.223153,-33
2021-09-23 20:43:25.223159,-26
2021-09-23 20:43:25.223165,-31
2021-09-23 20:43:25.223172,-21
2021-09-23 20:43:25.223178,19
2021-09-23 20:43:25.223184,158
2021-09-23 20:43:25.223190,519
2021-09-23 20:43:25.223205,930
2021-09-23 20:43:25.223212,666
2021-09-23 20:43:25.223218,-216
2021-09-23 20:43:25.223224,-456
2021-09-23 20:43:25.223230,-67
2021-09-23 20:43:25.223236,-48
2021-09-23 20:43:25.223243,-192
2021-09-23 20:43:25.223249,-86
2021-09-23 20:43:25.223255,-19
2021-09-23 20:43:25.223261,-55
2021-09-23 20:43:25.223267,-38
2021-09-23 20:43:25.223273,-16
2021-09-23 20:43:25.223279,-24
2021-09-23 20:43:25.223285,-16
2021-09-23 20:43:25.223291,-14
2021-09-23 20:43:25.223298,-12
2021-09-23 20:43:25.223304,12
2021-09-23 20:43:25.223310,16
2021-09-23 20:43:25.223316,12
2021-09-23 20:43:25.223322,31
2021-09-23 20:43:25.223328,48
2021-09-23 20:43:25.448126,50
2021-09-23 20:43:25.448147,60
2021-09-23 20:43:25.448155,62
2021-09-23 20:43:25.448161,64
2021-09-23 20:43:25.448167,81
2021-09-23 20:43:25.448173,96
2021-09-23 20:43:25.448179,88
2021-09-23 20:43:25.448186,79
2021-09-23 20:43:25.448192,76
2021-09-23 20:43:25.448198,64
2021-09-23 20:43:25.448204,45
2021-09-23 20:43:25.448210,24
2021-09-23 20:43:25.448216,-7
2021-09-23 20:43:25.448222,-36
2021-09-23 20:43:25.448228,-67
2021-09-23 20:43:25.448234,-93
2021-09-23 20:43:25.448240,-88
2021-09-23 20:43:25.448246,-67
2021-09-23 20:43:25.448252,-74
2021-09-23 20:43:25.448258,-88
2021-09-23 20:43:25.448264,-86
2021-09-23 20:43:25.448270,-96
2021-09-23 20:43:25.448276,-113
2021-09-23 20:43:25.448282,-98
2021-09-23 20:43:25.448288,-84
2021-09-23 20:43:25.448293,-86
2021-09-23 20:43:25.448299,-72
2021-09-23 20:43:25.448305,-52
2021-09-23 20:43:25.448311,-57
2021-09-23 20:43:25.448328,-64
2021-09-23 20:43:25.718160,-55
2021-09-23 20:43:25.718177,-45
2021-09-23 20:43:25.718181,-52
2021-09-23 20:43:25.718185,-52
2021-09-23 20:43:25.718188,-50
2021-09-23 20:43:25.718191,-62
2021-09-23 20:43:25.718203,-57
2021-09-23 20:43:25.718206,-40
2021-09-23 20:43:25.718209,-62
2021-09-23 20:43:25.718213,-81
2021-09-23 20:43:25.718216,-64
2021-09-23 20:43:25.718219,-55
2021-09-23 20:43:25.718222,-48
2021-09-23 20:43:25.718225,-31
2021-09-23 20:43:25.718228,-43
2021-09-23 20:43:25.718231,-64
2021-09-23 20:43:25.718234,-55
2021-09-23 20:43:25.718237,-33
2021-09-23 20:43:25.718241,-33
2021-09-23 20:43:25.718244,-26
2021-09-23 20:43:25.718247,-4
2021-09-23 20:43:25.718250,-7
2021-09-23 20:43:25.718253,-36
2021-09-23 20:43:25.718256,-50
2021-09-23 20:43:25.718259,-36
2021-09-23 20:43:25.718262,-19
2021-09-23 20:43:25.718265,-14
2021-09-23 20:43:25.718269,0
2021-09-23 20:43:25.718272,84
2021-09-23 20:43:25.718275,336
2021-09-23 20:43:25.898625,750
2021-09-23 20:43:25.898647,954
2021-09-23 20:43:25.898655,327
2021-09-23 20:43:25.898661,-550
2021-09-23 20:43:25.898667,-440
2021-09-23 20:43:25.898674,19
2021-09-23 20:43:25.898680,-64
2021-09-23 20:43:25.898685,-139
2021-09-23 20:43:25.898691,-21
2021-09-23 20:43:25.898697,-48
2021-09-23 20:43:25.898704,-91
2021-09-23 20:43:25.898710,-21
2021-09-23 20:43:25.898716,-7
2021-09-23 20:43:25.898722,-33
2021-09-23 20:43:25.898728,2
2021-09-23 20:43:25.898734,33
2021-09-23 20:43:25.898740,16
2021-09-23 20:43:25.898746,9
2021-09-23 20:43:25.898752,28
2021-09-23 20:43:25.898758,38
2021-09-23 20:43:25.898764,31
2021-09-23 20:43:25.898770,36
2021-09-23 20:43:25.898776,62
2021-09-23 20:43:25.898782,86
2021-09-23 20:43:25.898788,86
2021-09-23 20:43:25.898794,93
2021-09-23 20:43:25.898800,115
2021-09-23 20:43:25.898806,108
2021-09-23 20:43:25.898812,62
2021-09-23 20:43:25.898818,48
2021-09-23 20:43:26.168118,57
2021-09-23 20:43:26.168139,28
2021-09-23 20:43:26.168147,-7
2021-09-23 20:43:26.168154,-7
2021-09-23 20:43:26.168160,-24
2021-09-23 20:43:26.168166,-60
2021-09-23 20:43:26.168172,-76
2021-09-23 20:43:26.168178,-81
2021-09-23 20:43:26.168184,-98
2021-09-23 20:43:26.168191,-115
2021-09-23 20:43:26.168197,-101
2021-09-23 20:43:26.168203,-81
2021-09-23 20:43:26.168209,-86
2021-09-23 20:43:26.168215,-93
2021-09-23 20:43:26.168221,-86
2021-09-23 20:43:26.168227,-74
2021-09-23 20:43:26.168233,-60
2021-09-23 20:43:26.168239,-52
2021-09-23 20:43:26.168245,-62
2021-09-23 20:43:26.168251,-64
2021-09-23 20:43:26.168257,-52
2021-09-23 20:43:26.168263,-43
2021-09-23 20:43:26.168269,-28
2021-09-23 20:43:26.168275,-31
2021-09-23 20:43:26.168281,-57
2021-09-23 20:43:26.168287,-57
2021-09-23 20:43:26.168293,-40
2021-09-23 20:43:26.168299,-50
2021-09-23 20:43:26.168305,-55
2021-09-23 20:43:26.168311,-40
2021-09-23 20:43:26.348142,-40
2021-09-23 20:43:26.348163,-48
2021-09-23 20:43:26.348171,-31
2021-09-23 20:43:26.348178,-19
2021-09-23 20:43:26.348184,-36
2021-09-23 20:43:26.348190,-55
2021-09-23 20:43:26.348196,-64
2021-09-23 20:43:26.348202,-60
2021-09-23 20:43:26.348208,-48
2021-09-23 20:43:26.348224,-33
2021-09-23 20:43:26.348231,-19
2021-09-23 20:43:26.348237,-33
2021-09-23 20:43:26.348243,-55
2021-09-23 20:43:26.348249,-55
2021-09-23 20:43:26.348255,-55
2021-09-23 20:43:26.348260,-64
2021-09-23 20:43:26.348266,-67
2021-09-23 20:43:26.348272,-62
2021-09-23 20:43:26.348278,-45
2021-09-23 20:43:26.348284,-19
2021-09-23 20:43:26.348290,64
2021-09-23 20:43:26.348296,307
2021-09-23 20:43:26.348302,678
2021-09-23 20:43:26.348308,755
2021-09-23 20:43:26.348313,24
2021-09-23 20:43:26.348319,-726
2021-09-23 20:43:26.348325,-428
2021-09-23 20:43:26.348331,19
2021-09-23 20:43:26.348337,-101
2021-09-23 20:43:26.348343,-127
2021-09-23 20:43:26.616788,2
2021-09-23 20:43:26.616809,-40
2021-09-23 20:43:26.616817,-81
2021-09-23 20:43:26.616823,-21
2021-09-23 20:43:26.616829,-16
2021-09-23 20:43:26.616836,-43
2021-09-23 20:43:26.616842,-24
2021-09-23 20:43:26.616848,0
2021-09-23 20:43:26.616854,-2
2021-09-23 20:43:26.616860,-4
2021-09-23 20:43:26.616866,7
2021-09-23 20:43:26.616872,21
2021-09-23 20:43:26.616887,26
2021-09-23 20:43:26.616894,33
2021-09-23 20:43:26.616900,55
2021-09-23 20:43:26.616906,76
2021-09-23 20:43:26.616912,81
2021-09-23 20:43:26.616918,76
2021-09-23 20:43:26.616924,72
2021-09-23 20:43:26.616930,72
2021-09-23 20:43:26.616936,69
2021-09-23 20:43:26.616942,55
2021-09-23 20:43:26.616948,38
2021-09-23 20:43:26.616954,16
2021-09-23 20:43:26.616960,-12
2021-09-23 20:43:26.616966,-38
2021-09-23 20:43:26.616972,-55
2021-09-23 20:43:26.616979,-76
2021-09-23 20:43:26.616985,-98
2021-09-23 20:43:26.616994,-108
2021-09-23 20:43:26.843317,-98
2021-09-23 20:43:26.843339,-91
2021-09-23 20:43:26.843347,-93
2021-09-23 20:43:26.843353,-93
2021-09-23 20:43:26.843360,-98
2021-09-23 20:43:26.843366,-101
2021-09-23 20:43:26.843372,-76
2021-09-23 20:43:26.843378,-52
2021-09-23 20:43:26.843384,-48
2021-09-23 20:43:26.843391,-43
2021-09-23 20:43:26.843397,-28
2021-09-23 20:43:26.843403,-14
2021-09-23 20:43:26.843409,-21
2021-09-23 20:43:26.843415,-28
2021-09-23 20:43:26.843422,-16
2021-09-23 20:43:26.843429,-21
2021-09-23 20:43:26.843435,-45
2021-09-23 20:43:26.843441,-57
2021-09-23 20:43:26.843447,-57
2021-09-23 20:43:26.843453,-50
2021-09-23 20:43:26.843460,-48
2021-09-23 20:43:26.843466,-52
2021-09-23 20:43:26.843472,-40
2021-09-23 20:43:26.843478,-28
2021-09-23 20:43:26.843484,-33
2021-09-23 20:43:26.843490,-40
2021-09-23 20:43:26.843496,-38
2021-09-23 20:43:26.843502,-26
2021-09-23 20:43:26.843508,-31
2021-09-23 20:43:26.843514,-50
2021-09-23 20:43:27.023232,-40
2021-09-23 20:43:27.023253,-28
2021-09-23 20:43:27.023260,-40
2021-09-23 20:43:27.023267,-50
2021-09-23 20:43:27.023273,-43
2021-09-23 20:43:27.023279,-28
2021-09-23 20:43:27.023285,-19
2021-09-23 20:43:27.023291,-24
2021-09-23 20:43:27.023297,-43
2021-09-23 20:43:27.023303,-52
2021-09-23 20:43:27.023310,-48
2021-09-23 20:43:27.023316,-50
2021-09-23 20:43:27.023322,-45
2021-09-23 20:43:27.023328,-21
2021-09-23 20:43:27.023334,14
2021-09-23 20:43:27.023340,127
2021-09-23 20:43:27.023346,425
2021-09-23 20:43:27.023352,822
2021-09-23 20:43:27.023368,694
2021-09-23 20:43:27.023375,-170
2021-09-23 20:43:27.023381,-581
2021-09-23 20:43:27.023387,-163
2021-09-23 20:43:27.023393,-7
2021-09-23 20:43:27.023399,-177
2021-09-23 20:43:27.023405,-110
2021-09-23 20:43:27.023411,-31
2021-09-23 20:43:27.023417,-88
2021-09-23 20:43:27.023424,-67
2021-09-23 20:43:27.023430,0
2021-09-23 20:43:27.023436,-24
2021-09-23 20:43:27.293153,-62
2021-09-23 20:43:27.293175,-24
2021-09-23 20:43:27.293183,7
2021-09-23 20:43:27.293189,-12
2021-09-23 20:43:27.293196,-14
2021-09-23 20:43:27.293202,12
2021-09-23 20:43:27.293208,19
2021-09-23 20:43:27.293214,21
2021-09-23 20:43:27.293220,38
2021-09-23 20:43:27.293226,28
2021-09-23 20:43:27.293233,12
2021-09-23 20:43:27.293239,33
2021-09-23 20:43:27.293245,52
2021-09-23 20:43:27.293251,40
2021-09-23 20:43:27.293257,38
2021-09-23 20:43:27.293263,43
2021-09-23 20:43:27.293269,28
2021-09-23 20:43:27.293275,9
2021-09-23 20:43:27.293281,4
2021-09-23 20:43:27.293287,-2
2021-09-23 20:43:27.293293,-24
2021-09-23 20:43:27.293299,-50
2021-09-23 20:43:27.293305,-60
2021-09-23 20:43:27.293311,-64
2021-09-23 20:43:27.293317,-74
2021-09-23 20:43:27.293323,-69
2021-09-23 20:43:27.293329,-72
2021-09-23 20:43:27.293335,-76
2021-09-23 20:43:27.293341,-57
2021-09-23 20:43:27.293347,-48
2021-09-23 20:43:27.518239,-50
2021-09-23 20:43:27.518262,-28
2021-09-23 20:43:27.518270,-7
2021-09-23 20:43:27.518276,-31
2021-09-23 20:43:27.518282,-67
2021-09-23 20:43:27.518288,-57
2021-09-23 20:43:27.518295,-36
2021-09-23 20:43:27.518301,-40
2021-09-23 20:43:27.518316,-50
2021-09-23 20:43:27.518323,-43
2021-09-23 20:43:27.518329,-21
2021-09-23 20:43:27.518335,-12
2021-09-23 20:43:27.518341,-14
2021-09-23 20:43:27.518348,-26
2021-09-23 20:43:27.518354,-40
2021-09-23 20:43:27.518360,-43
2021-09-23 20:43:27.518366,-50
2021-09-23 20:43:27.518372,-48
2021-09-23 20:43:27.518381,-28
2021-09-23 20:43:27.518387,-24
2021-09-23 20:43:27.518394,-50
2021-09-23 20:43:27.518400,-64
2021-09-23 20:43:27.518406,-43
2021-09-23 20:43:27.518412,-48
2021-09-23 20:43:27.518418,-74
2021-09-23 20:43:27.518424,-64
2021-09-23 20:43:27.518430,-52
2021-09-23 20:43:27.518436,-50
2021-09-23 20:43:27.518442,-40
2021-09-23 20:43:27.518448,-28
2021-09-23 20:43:27.743038,-21
2021-09-23 20:43:27.743057,-16
2021-09-23 20:43:27.743065,-24
2021-09-23 20:43:27.743071,-36
2021-09-23 20:43:27.743078,-38
2021-09-23 20:43:27.743084,-28
2021-09-23 20:43:27.743090,-38
2021-09-23 20:43:27.743096,-48
2021-09-23 20:43:27.743102,2
2021-09-23 20:43:27.743108,146
2021-09-23 20:43:27.743114,420
2021-09-23 20:43:27.743121,798
2021-09-23 20:43:27.743127,755
2021-09-23 20:43:27.743133,-55
2021-09-23 20:43:27.743139,-572
2021-09-23 20:43:27.743145,-204
2021-09-23 20:43:27.743152,9
2021-09-23 20:43:27.743158,-158
2021-09-23 20:43:27.743164,-120
2021-09-23 20:43:27.743170,-16
2021-09-23 20:43:27.743176,-62
2021-09-23 20:43:27.743183,-62
2021-09-23 20:43:27.743189,-2
2021-09-23 20:43:27.743195,2
2021-09-23 20:43:27.743201,-26
2021-09-23 20:43:27.743208,-38
2021-09-23 20:43:27.743214,-26
2021-09-23 20:43:27.743220,-7
2021-09-23 20:43:27.743235,12
2021-09-23 20:43:27.743243,14
2021-09-23 20:43:27.968182,9
2021-09-23 20:43:27.968204,16
2021-09-23 20:43:27.968211,36
2021-09-23 20:43:27.968218,48
2021-09-23 20:43:27.968224,69
2021-09-23 20:43:27.968230,86
2021-09-23 20:43:27.968236,60
2021-09-23 20:43:27.968242,24
2021-09-23 20:43:27.968248,21
2021-09-23 20:43:27.968254,24
2021-09-23 20:43:27.968260,21
2021-09-23 20:43:27.968267,26
2021-09-23 20:43:27.968273,7
2021-09-23 20:43:27.968279,-28
2021-09-23 20:43:27.968285,-36
2021-09-23 20:43:27.968291,-38
2021-09-23 20:43:27.968297,-52
2021-09-23 20:43:27.968303,-57
2021-09-23 20:43:27.968309,-86
2021-09-23 20:43:27.968315,-105
2021-09-23 20:43:27.968321,-81
2021-09-23 20:43:27.968327,-67
2021-09-23 20:43:27.968333,-81
2021-09-23 20:43:27.968339,-84
2021-09-23 20:43:27.968345,-74
2021-09-23 20:43:27.968351,-57
2021-09-23 20:43:27.968357,-43
2021-09-23 20:43:27.968363,-55
2021-09-23 20:43:27.968370,-60
2021-09-23 20:43:27.968376,-33
2021-09-23 20:43:28.193228,-33
2021-09-23 20:43:28.193249,-64
2021-09-23 20:43:28.193256,-67
2021-09-23 20:43:28.193263,-33
2021-09-23 20:43:28.193269,-12
2021-09-23 20:43:28.193275,-24
2021-09-23 20:43:28.193281,-40
2021-09-23 20:43:28.193287,-38
2021-09-23 20:43:28.193293,-38
2021-09-23 20:43:28.193299,-48
2021-09-23 20:43:28.193305,-40
2021-09-23 20:43:28.193311,-33
2021-09-23 20:43:28.193317,-43
2021-09-23 20:43:28.193323,-45
2021-09-23 20:43:28.193328,-28
2021-09-23 20:43:28.193334,-19
2021-09-23 20:43:28.193340,-40
2021-09-23 20:43:28.193346,-64
2021-09-23 20:43:28.193361,-62
2021-09-23 20:43:28.193368,-43
2021-09-23 20:43:28.193374,-28
2021-09-23 20:43:28.193380,-26
2021-09-23 20:43:28.193386,-33
2021-09-23 20:43:28.193392,-33
2021-09-23 20:43:28.193398,-16
2021-09-23 20:43:28.193404,0
2021-09-23 20:43:28.193410,-12
2021-09-23 20:43:28.193416,-45
2021-09-23 20:43:28.193422,-60
2021-09-23 20:43:28.193428,-50
2021-09-23 20:43:28.462658,-31
2021-09-23 20:43:28.462680,55
2021-09-23 20:43:28.462687,288
2021-09-23 20:43:28.462694,668
2021-09-23 20:43:28.462700,851
2021-09-23 20:43:28.462706,259
2021-09-23 20:43:28.462713,-538
2021-09-23 20:43:28.462719,-404
2021-09-23 20:43:28.462725,21
2021-09-23 20:43:28.462732,-76
2021-09-23 20:43:28.462738,-161
2021-09-23 20:43:28.462744,-60
2021-09-23 20:43:28.462750,-74
2021-09-23 20:43:28.462756,-93
2021-09-23 20:43:28.462763,-19
2021-09-23 20:43:28.462769,28
2021-09-23 20:43:28.462775,7
2021-09-23 20:43:28.462781,-38
2021-09-23 20:43:28.462787,-31
2021-09-23 20:43:28.462793,7
2021-09-23 20:43:28.462799,4
2021-09-23 20:43:28.462806,-2
2021-09-23 20:43:28.462812,24
2021-09-23 20:43:28.462818,48
2021-09-23 20:43:28.462836,60
2021-09-23 20:43:28.462843,52
2021-09-23 20:43:28.462849,43
2021-09-23 20:43:28.462856,64
2021-09-23 20:43:28.462862,60
2021-09-23 20:43:28.462868,19
2021-09-23 20:43:28.687432,14
2021-09-23 20:43:28.687456,60
2021-09-23 20:43:28.687464,69
2021-09-23 20:43:28.687471,19
2021-09-23 20:43:28.687477,-57
2021-09-23 20:43:28.687484,-81
2021-09-23 20:43:28.687490,-28
2021-09-23 20:43:28.687496,-7
2021-09-23 20:43:28.687512,-57
2021-09-23 20:43:28.687519,-91
2021-09-23 20:43:28.687525,-91
2021-09-23 20:43:28.687531,-110
2021-09-23 20:43:28.687537,-103
2021-09-23 20:43:28.687544,-31
2021-09-23 20:43:28.687550,-16
2021-09-23 20:43:28.687556,-81
2021-09-23 20:43:28.687562,-79
2021-09-23 20:43:28.687568,-43
2021-09-23 20:43:28.687575,-62
2021-09-23 20:43:28.687581,-76
2021-09-23 20:43:28.687587,-50
2021-09-23 20:43:28.687593,-31
2021-09-23 20:43:28.687599,-31
2021-09-23 20:43:28.687605,-12
2021-09-23 20:43:28.687611,24
2021-09-23 20:43:28.687617,9
2021-09-23 20:43:28.687623,-50
2021-09-23 20:43:28.687630,-79
2021-09-23 20:43:28.687636,-57
2021-09-23 20:43:28.687642,-48
2021-09-23 20:43:28.957589,-74
2021-09-23 20:43:28.957610,-52
2021-09-23 20:43:28.957617,14
2021-09-23 20:43:28.957624,0
2021-09-23 20:43:28.957630,-76
2021-09-23 20:43:28.957637,-74
2021-09-23 20:43:28.957643,-31
2021-09-23 20:43:28.957649,-40
2021-09-23 20:43:28.957655,-50
2021-09-23 20:43:28.957661,-48
2021-09-23 20:43:28.957667,-93
2021-09-23 20:43:28.957673,-115
2021-09-23 20:43:28.957679,-50
2021-09-23 20:43:28.957685,-2
2021-09-23 20:43:28.957691,-31
2021-09-23 20:43:28.957697,-62
2021-09-23 20:43:28.957704,-43
2021-09-23 20:43:28.957709,-50
2021-09-23 20:43:28.957716,-57
2021-09-23 20:43:28.957722,-2
2021-09-23 20:43:28.957728,0
2021-09-23 20:43:28.957734,-69
2021-09-23 20:43:28.957740,-76
2021-09-23 20:43:28.957746,4
2021-09-23 20:43:28.957752,226
2021-09-23 20:43:28.957773,620
2021-09-23 20:43:28.957779,930
2021-09-23 20:43:28.957785,509
2021-09-23 20:43:28.957795,-497
2021-09-23 20:43:28.957802,-694
2021-09-23 20:43:29.138169,-110
2021-09-23 20:43:29.138191,14
2021-09-23 20:43:29.138199,-165
2021-09-23 20:43:29.138205,-110
2021-09-23 20:43:29.138211,-31
2021-09-23 20:43:29.138218,-76
2021-09-23 20:43:29.138224,-93
2021-09-23 20:43:29.138230,-24
2021-09-23 20:43:29.138236,14
2021-09-23 20:43:29.138242,-24
2021-09-23 20:43:29.138248,-26
2021-09-23 20:43:29.138254,60
2021-09-23 20:43:29.138261,60
2021-09-23 20:43:29.138267,-26
2021-09-23 20:43:29.138273,-9
2021-09-23 20:43:29.138279,57
2021-09-23 20:43:29.138286,31
2021-09-23 20:43:29.138292,24
2021-09-23 20:43:29.138298,117
2021-09-23 20:43:29.138304,144
2021-09-23 20:43:29.138310,84
2021-09-23 20:43:29.138317,57
2021-09-23 20:43:29.138323,50
2021-09-23 20:43:29.138329,50
2021-09-23 20:43:29.138335,50
2021-09-23 20:43:29.138341,9
2021-09-23 20:43:29.138347,2
2021-09-23 20:43:29.138353,26
2021-09-23 20:43:29.138359,-14
2021-09-23 20:43:29.138365,-60
2021-09-23 20:43:29.453130,-38
2021-09-23 20:43:29.453149,-33
2021-09-23 20:43:29.453156,-91
2021-09-23 20:43:29.453163,-122
2021-09-23 20:43:29.453169,-88
2021-09-23 20:43:29.453175,-50
2021-09-23 20:43:29.453182,-50
2021-09-23 20:43:29.453188,-113
2021-09-23 20:43:29.453194,-137
2021-09-23 20:43:29.453200,-55
2021-09-23 20:43:29.453206,-9
2021-09-23 20:43:29.453213,-43
2021-09-23 20:43:29.453219,-52
2021-09-23 20:43:29.453225,-45
2021-09-23 20:43:29.453231,-33
2021-09-23 20:43:29.453237,9
2021-09-23 20:43:29.453243,-26
2021-09-23 20:43:29.453249,-151
2021-09-23 20:43:29.453266,-113
2021-09-23 20:43:29.453273,26
2021-09-23 20:43:29.453279,-16
2021-09-23 20:43:29.453285,-98
2021-09-23 20:43:29.453291,-50
2021-09-23 20:43:29.453297,-43
2021-09-23 20:43:29.453303,-74
2021-09-23 20:43:29.453309,-16
2021-09-23 20:43:29.453315,4
2021-09-23 20:43:29.453321,-57
2021-09-23 20:43:29.453327,-69
2021-09-23 20:43:29.453334,-52
2021-09-23 20:43:29.588205,-52
2021-09-23 20:43:29.588227,-33
2021-09-23 20:43:29.588235,-50
2021-09-23 20:43:29.588241,-64
2021-09-23 20:43:29.588248,-9
2021-09-23 20:43:29.588254,-7
2021-09-23 20:43:29.588260,-69
2021-09-23 20:43:29.588266,-86
2021-09-23 20:43:29.588272,-50
2021-09-23 20:43:29.588278,-9
2021-09-23 20:43:29.588284,-7
2021-09-23 20:43:29.588290,-4
2021-09-23 20:43:29.588296,216
2021-09-23 20:43:29.588302,666
2021-09-23 20:43:29.588308,930
2021-09-23 20:43:29.588314,351
2021-09-23 20:43:29.588321,-670
2021-09-23 20:43:29.588327,-651
2021-09-23 20:43:29.588333,-21
2021-09-23 20:43:29.588339,-64
2021-09-23 20:43:29.588345,-223
2021-09-23 20:43:29.588351,-45
2021-09-23 20:43:29.588357,0
2021-09-23 20:43:29.588363,-67
2021-09-23 20:43:29.588369,-33
2021-09-23 20:43:29.588375,-31
2021-09-23 20:43:29.588381,-45
2021-09-23 20:43:29.588387,12
2021-09-23 20:43:29.588394,28
2021-09-23 20:43:29.588400,26
2021-09-23 20:43:29.858135,60
2021-09-23 20:43:29.858155,55
2021-09-23 20:43:29.858162,40
2021-09-23 20:43:29.858169,45
2021-09-23 20:43:29.858175,43
2021-09-23 20:43:29.858181,72
2021-09-23 20:43:29.858187,115
2021-09-23 20:43:29.858194,117
2021-09-23 20:43:29.858200,88
2021-09-23 20:43:29.858206,96
2021-09-23 20:43:29.858212,113
2021-09-23 20:43:29.858218,93
2021-09-23 20:43:29.858224,62
2021-09-23 20:43:29.858230,31
2021-09-23 20:43:29.858237,21
2021-09-23 20:43:29.858242,4
2021-09-23 20:43:29.858248,-31
2021-09-23 20:43:29.858254,-33
2021-09-23 20:43:29.858260,-57
2021-09-23 20:43:29.858267,-127
2021-09-23 20:43:29.858273,-129
2021-09-23 20:43:29.858279,-113
2021-09-23 20:43:29.858285,-115
2021-09-23 20:43:29.858292,-96
2021-09-23 20:43:29.858298,-105
2021-09-23 20:43:29.858303,-120
2021-09-23 20:43:29.858309,-96
2021-09-23 20:43:29.858315,-48
2021-09-23 20:43:29.858321,-7
2021-09-23 20:43:29.858327,-31
2021-09-23 20:43:30.038229,-57
2021-09-23 20:43:30.038250,-16
2021-09-23 20:43:30.038258,2
2021-09-23 20:43:30.038265,-43
2021-09-23 20:43:30.038271,-57
2021-09-23 20:43:30.038277,-19
2021-09-23 20:43:30.038284,-45
2021-09-23 20:43:30.038290,-101
2021-09-23 20:43:30.038296,-48
2021-09-23 20:43:30.038302,-7
2021-09-23 20:43:30.038308,-57
2021-09-23 20:43:30.038314,-55
2021-09-23 20:43:30.038320,-21
2021-09-23 20:43:30.038326,-79
2021-09-23 20:43:30.038332,-105
2021-09-23 20:43:30.038338,-50
2021-09-23 20:43:30.038344,-43
2021-09-23 20:43:30.038350,-64
2021-09-23 20:43:30.038356,-52
2021-09-23 20:43:30.038362,-31
2021-09-23 20:43:30.038368,-36
2021-09-23 20:43:30.038374,-72
2021-09-23 20:43:30.038380,-101
2021-09-23 20:43:30.038386,-86
2021-09-23 20:43:30.038392,-45
2021-09-23 20:43:30.038398,-55
2021-09-23 20:43:30.038405,-84
2021-09-23 20:43:30.038411,4
2021-09-23 20:43:30.038426,247
2021-09-23 20:43:30.038433,589
2021-09-23 20:43:30.353196,896
2021-09-23 20:43:30.353217,560
2021-09-23 20:43:30.353224,-483
2021-09-23 20:43:30.353231,-820
2021-09-23 20:43:30.353237,-238
2021-09-23 20:43:30.353244,-50
2021-09-23 20:43:30.353250,-173
2021-09-23 20:43:30.353256,-45
2021-09-23 20:43:30.353262,19
2021-09-23 20:43:30.353268,-72
2021-09-23 20:43:30.353274,-62
2021-09-23 20:43:30.353280,9
2021-09-23 20:43:30.353286,-14
2021-09-23 20:43:30.353292,-69
2021-09-23 20:43:30.353298,-43
2021-09-23 20:43:30.353305,7
2021-09-23 20:43:30.353311,24
2021-09-23 20:43:30.353317,24
2021-09-23 20:43:30.353323,33
2021-09-23 20:43:30.353329,67
2021-09-23 20:43:30.353335,101
2021-09-23 20:43:30.353341,103
2021-09-23 20:43:30.353347,72
2021-09-23 20:43:30.353353,76
2021-09-23 20:43:30.353359,115
2021-09-23 20:43:30.353365,120
2021-09-23 20:43:30.353371,110
2021-09-23 20:43:30.353377,122
2021-09-23 20:43:30.353383,96
2021-09-23 20:43:30.353389,43
2021-09-23 20:43:30.533336,45
2021-09-23 20:43:30.533358,79
2021-09-23 20:43:30.533366,36
2021-09-23 20:43:30.533372,-69
2021-09-23 20:43:30.533378,-101
2021-09-23 20:43:30.533384,-55
2021-09-23 20:43:30.533399,-69
2021-09-23 20:43:30.533406,-139
2021-09-23 20:43:30.533412,-134
2021-09-23 20:43:30.533418,-91
2021-09-23 20:43:30.533424,-105
2021-09-23 20:43:30.533430,-108
2021-09-23 20:43:30.533435,-57
2021-09-23 20:43:30.533441,-52
2021-09-23 20:43:30.533447,-74
2021-09-23 20:43:30.533453,-28
2021-09-23 20:43:30.533459,-12
2021-09-23 20:43:30.533465,-43
2021-09-23 20:43:30.533474,-16
2021-09-23 20:43:30.533481,-14
2021-09-23 20:43:30.533487,-72
2021-09-23 20:43:30.533493,-81
2021-09-23 20:43:30.533499,-62
2021-09-23 20:43:30.533505,-40
2021-09-23 20:43:30.533511,-19
2021-09-23 20:43:30.533517,-57
2021-09-23 20:43:30.533523,-81
2021-09-23 20:43:30.533530,-38
2021-09-23 20:43:30.533536,-28
2021-09-23 20:43:30.533542,-57
2021-09-23 20:43:30.756708,-33
2021-09-23 20:43:30.756728,-9
2021-09-23 20:43:30.756735,-50
2021-09-23 20:43:30.756742,-67
2021-09-23 20:43:30.756748,-12
2021-09-23 20:43:30.756754,-4
2021-09-23 20:43:30.756760,-52
2021-09-23 20:43:30.756767,-28
2021-09-23 20:43:30.756773,-19
2021-09-23 20:43:30.756779,-98
2021-09-23 20:43:30.756785,-91
2021-09-23 20:43:30.756791,12
2021-09-23 20:43:30.756797,158
2021-09-23 20:43:30.756803,500
2021-09-23 20:43:30.756809,937
2021-09-23 20:43:30.756815,805
2021-09-23 20:43:30.756821,-228
2021-09-23 20:43:30.756827,-872
2021-09-23 20:43:30.756833,-348
2021-09-23 20:43:30.756839,33
2021-09-23 20:43:30.756845,-156
2021-09-23 20:43:30.756851,-129
2021-09-23 20:43:30.756857,-14
2021-09-23 20:43:30.756864,-74
2021-09-23 20:43:30.756870,-76
2021-09-23 20:43:30.756876,-19
2021-09-23 20:43:30.756882,-26
2021-09-23 20:43:30.756888,-50
2021-09-23 20:43:30.756893,-31
2021-09-23 20:43:30.756899,16
2021-09-23 20:43:30.983206,40
2021-09-23 20:43:30.983228,38
2021-09-23 20:43:30.983235,33
2021-09-23 20:43:30.983241,45
2021-09-23 20:43:30.983248,52
2021-09-23 20:43:30.983254,50
2021-09-23 20:43:30.983260,96
2021-09-23 20:43:30.983266,149
2021-09-23 20:43:30.983282,122
2021-09-23 20:43:30.983289,98
2021-09-23 20:43:30.983295,110
2021-09-23 20:43:30.983301,86
2021-09-23 20:43:30.983307,62
2021-09-23 20:43:30.983313,91
2021-09-23 20:43:30.983319,115
2021-09-23 20:43:30.983325,81
2021-09-23 20:43:30.983332,4
2021-09-23 20:43:30.983338,-67
2021-09-23 20:43:30.983344,-108
2021-09-23 20:43:30.983350,-96
2021-09-23 20:43:30.983355,-76
2021-09-23 20:43:30.983361,-96
2021-09-23 20:43:30.983367,-120
2021-09-23 20:43:30.983373,-120
2021-09-23 20:43:30.983379,-115
2021-09-23 20:43:30.983386,-153
2021-09-23 20:43:30.983391,-180
2021-09-23 20:43:30.983397,-101
2021-09-23 20:43:30.983403,-43
2021-09-23 20:43:30.983409,-76
2021-09-23 20:43:31.208297,-74
2021-09-23 20:43:31.208319,-28
2021-09-23 20:43:31.208327,-50
2021-09-23 20:43:31.208333,-74
2021-09-23 20:43:31.208339,-14
2021-09-23 20:43:31.208345,14
2021-09-23 20:43:31.208352,-26
2021-09-23 20:43:31.208358,-45
2021-09-23 20:43:31.208364,-55
2021-09-23 20:43:31.208370,-50
2021-09-23 20:43:31.208376,-24
2021-09-23 20:43:31.208383,-28
2021-09-23 20:43:31.208389,-40
2021-09-23 20:43:31.208395,-36
2021-09-23 20:43:31.208401,-45
2021-09-23 20:43:31.208407,-45
2021-09-23 20:43:31.208413,-40
2021-09-23 20:43:31.208419,-45
2021-09-23 20:43:31.208425,-16
2021-09-23 20:43:31.208431,14
2021-09-23 20:43:31.208437,-12
2021-09-23 20:43:31.208443,-45
2021-09-23 20:43:31.208449,-31
2021-09-23 20:43:31.208455,-43
2021-09-23 20:43:31.208461,-96
2021-09-23 20:43:31.208467,-67
2021-09-23 20:43:31.208473,19
2021-09-23 20:43:31.208480,185
2021-09-23 20:43:31.208495,531
2021-09-23 20:43:31.208502,969
2021-09-23 20:43:31.433208,889
2021-09-23 20:43:31.433230,-108
2021-09-23 20:43:31.433238,-771
2021-09-23 20:43:31.433245,-293
2021-09-23 20:43:31.433251,40
2021-09-23 20:43:31.433257,-158
2021-09-23 20:43:31.433263,-151
2021-09-23 20:43:31.433269,-38
2021-09-23 20:43:31.433275,-81
2021-09-23 20:43:31.433281,-88
2021-09-23 20:43:31.433287,-12
2021-09-23 20:43:31.433293,16
2021-09-23 20:43:31.433308,-31
2021-09-23 20:43:31.433315,-76
2021-09-23 20:43:31.433321,-26
2021-09-23 20:43:31.433327,38
2021-09-23 20:43:31.433333,2
2021-09-23 20:43:31.433339,-43
2021-09-23 20:43:31.433345,7
2021-09-23 20:43:31.433352,81
2021-09-23 20:43:31.433360,62
2021-09-23 20:43:31.433366,45
2021-09-23 20:43:31.433372,132
2021-09-23 20:43:31.433378,153
2021-09-23 20:43:31.433384,74
2021-09-23 20:43:31.433391,72
2021-09-23 20:43:31.433397,144
2021-09-23 20:43:31.433403,129
2021-09-23 20:43:31.433409,52
2021-09-23 20:43:31.433415,48
2021-09-23 20:43:31.658121,64
2021-09-23 20:43:31.658141,4
2021-09-23 20:43:31.658148,-52
2021-09-23 20:43:31.658155,-62
2021-09-23 20:43:31.658161,-81
2021-09-23 20:43:31.658167,-117
2021-09-23 20:43:31.658173,-132
2021-09-23 20:43:31.658179,-127
2021-09-23 20:43:31.658185,-132
2021-09-23 20:43:31.658191,-127
2021-09-23 20:43:31.658197,-98
2021-09-23 20:43:31.658203,-105
2021-09-23 20:43:31.658209,-134
2021-09-23 20:43:31.658215,-129
2021-09-23 20:43:31.658221,-108
2021-09-23 20:43:31.658227,-79
2021-09-23 20:43:31.658233,-60
2021-09-23 20:43:31.658239,-52
2021-09-23 20:43:31.658255,-45
2021-09-23 20:43:31.658261,-28
2021-09-23 20:43:31.658268,-21
2021-09-23 20:43:31.658274,-36
2021-09-23 20:43:31.658280,-45
2021-09-23 20:43:31.658286,-57
2021-09-23 20:43:31.658292,-64
2021-09-23 20:43:31.658297,-57
2021-09-23 20:43:31.658304,-40
2021-09-23 20:43:31.658310,-19
2021-09-23 20:43:31.658316,-19
2021-09-23 20:43:31.658322,-38
2021-09-23 20:43:31.927588,-48
2021-09-23 20:43:31.927609,-60
2021-09-23 20:43:31.927617,-67
2021-09-23 20:43:31.927624,-31
2021-09-23 20:43:31.927630,19
2021-09-23 20:43:31.927636,26
2021-09-23 20:43:31.927643,-24
2021-09-23 20:43:31.927649,-52
2021-09-23 20:43:31.927655,-21
2021-09-23 20:43:31.927661,-19
2021-09-23 20:43:31.927667,-50
2021-09-23 20:43:31.927673,-36
2021-09-23 20:43:31.927679,-43
2021-09-23 20:43:31.927685,-38
2021-09-23 20:43:31.927692,117
2021-09-23 20:43:31.927698,440
2021-09-23 20:43:31.927704,880
2021-09-23 20:43:31.927710,1036
2021-09-23 20:43:31.927716,252
2021-09-23 20:43:31.927722,-680
2021-09-23 20:43:31.927728,-495
2021-09-23 20:43:31.927734,-48
2021-09-23 20:43:31.927740,-132
2021-09-23 20:43:31.927746,-137
2021-09-23 20:43:31.927752,-31
2021-09-23 20:43:31.927758,-72
2021-09-23 20:43:31.927764,-64
2021-09-23 20:43:31.927771,0
2021-09-23 20:43:31.927777,-28
2021-09-23 20:43:31.927783,-64
2021-09-23 20:43:32.108236,-31
2021-09-23 20:43:32.108257,7
2021-09-23 20:43:32.108265,4
2021-09-23 20:43:32.108271,0
2021-09-23 20:43:32.108277,9
2021-09-23 20:43:32.108283,14
2021-09-23 20:43:32.108289,26
2021-09-23 20:43:32.108295,33
2021-09-23 20:43:32.108310,36
2021-09-23 20:43:32.108317,74
2021-09-23 20:43:32.108324,98
2021-09-23 20:43:32.108330,76
2021-09-23 20:43:32.108335,105
2021-09-23 20:43:32.108341,168
2021-09-23 20:43:32.108348,144
2021-09-23 20:43:32.108353,91
2021-09-23 20:43:32.108360,67
2021-09-23 20:43:32.108366,45
2021-09-23 20:43:32.108371,4
2021-09-23 20:43:32.108377,-33
2021-09-23 20:43:32.108383,-64
2021-09-23 20:43:32.108389,-98
2021-09-23 20:43:32.108395,-98
2021-09-23 20:43:32.108401,-110
2021-09-23 20:43:32.108407,-149
2021-09-23 20:43:32.108413,-117
2021-09-23 20:43:32.108419,-84
2021-09-23 20:43:32.108425,-120
2021-09-23 20:43:32.108431,-139
2021-09-23 20:43:32.108437,-110
2021-09-23 20:43:32.333274,-101
2021-09-23 20:43:32.333295,-125
2021-09-23 20:43:32.333303,-127
2021-09-23 20:43:32.333309,-93
2021-09-23 20:43:32.333315,-69
2021-09-23 20:43:32.333322,-72
2021-09-23 20:43:32.333328,-57
2021-09-23 20:43:32.333334,-36
2021-09-23 20:43:32.333340,-52
2021-09-23 20:43:32.333346,-67
2021-09-23 20:43:32.333352,-60
2021-09-23 20:43:32.333359,-38
2021-09-23 20:43:32.333365,-33
2021-09-23 20:43:32.333371,-60
2021-09-23 20:43:32.333377,-48
2021-09-23 20:43:32.333383,-21
2021-09-23 20:43:32.333389,-62
2021-09-23 20:43:32.333395,-72
2021-09-23 20:43:32.333411,-4
2021-09-23 20:43:32.333417,16
2021-09-23 20:43:32.333424,-19
2021-09-23 20:43:32.333430,-48
2021-09-23 20:43:32.333436,-45
2021-09-23 20:43:32.333442,-28
2021-09-23 20:43:32.333449,-43
2021-09-23 20:43:32.333455,-48
2021-09-23 20:43:32.333461,-7
2021-09-23 20:43:32.333467,4
2021-09-23 20:43:32.333476,2
2021-09-23 20:43:32.333483,31
2021-09-23 20:43:32.647719,26
2021-09-23 20:43:32.647741,-7
2021-09-23 20:43:32.647748,-21
2021-09-23 20:43:32.647755,-48
2021-09-23 20:43:32.647761,-50
2021-09-23 20:43:32.647768,-24
2021-09-23 20:43:32.647774,-19
2021-09-23 20:43:32.647780,50
2021-09-23 20:43:32.647786,269
2021-09-23 20:43:32.647792,622
2021-09-23 20:43:32.647798,1019
2021-09-23 20:43:32.647804,747
2021-09-23 20:43:32.647811,-341
2021-09-23 20:43:32.647817,-728
2021-09-23 20:43:32.647823,-173
2021-09-23 20:43:32.647829,-19
2021-09-23 20:43:32.647835,-211
2021-09-23 20:43:32.647841,-122
2021-09-23 20:43:32.647847,0
2021-09-23 20:43:32.647853,-50
2021-09-23 20:43:32.647859,-67
2021-09-23 20:43:32.647865,-40
2021-09-23 20:43:32.647871,-60
2021-09-23 20:43:32.647877,-50
2021-09-23 20:43:32.647883,-7
2021-09-23 20:43:32.647889,12
2021-09-23 20:43:32.647895,14
2021-09-23 20:43:32.647902,16
2021-09-23 20:43:32.647908,12
2021-09-23 20:43:32.647914,14
2021-09-23 20:43:32.872172,14
2021-09-23 20:43:32.872193,33
2021-09-23 20:43:32.872199,103
2021-09-23 20:43:32.872206,156
2021-09-23 20:43:32.872212,134
2021-09-23 20:43:32.872218,110
2021-09-23 20:43:32.872223,153
2021-09-23 20:43:32.872228,180
2021-09-23 20:43:32.872233,129
2021-09-23 20:43:32.872238,101
2021-09-23 20:43:32.872243,110
2021-09-23 20:43:32.872248,57
2021-09-23 20:43:32.872253,2
2021-09-23 20:43:32.872258,0
2021-09-23 20:43:32.872263,-55
2021-09-23 20:43:32.872269,-129
2021-09-23 20:43:32.872276,-127
2021-09-23 20:43:32.872283,-110
2021-09-23 20:43:32.872289,-125
2021-09-23 20:43:32.872295,-132
2021-09-23 20:43:32.872300,-105
2021-09-23 20:43:32.872305,-86
2021-09-23 20:43:32.872310,-96
2021-09-23 20:43:32.872315,-105
2021-09-23 20:43:32.872320,-122
2021-09-23 20:43:32.872325,-113
2021-09-23 20:43:32.872330,-86
2021-09-23 20:43:32.872347,-86
2021-09-23 20:43:32.872353,-84
2021-09-23 20:43:32.872358,-50
2021-09-23 20:43:33.098226,-21
2021-09-23 20:43:33.098243,-38
2021-09-23 20:43:33.098247,-62
2021-09-23 20:43:33.098251,-48
2021-09-23 20:43:33.098254,-40
2021-09-23 20:43:33.098257,-60
2021-09-23 20:43:33.098260,-40
2021-09-23 20:43:33.098263,2
2021-09-23 20:43:33.098267,-24
2021-09-23 20:43:33.098270,-52
2021-09-23 20:43:33.098273,-36
2021-09-23 20:43:33.098276,-48
2021-09-23 20:43:33.098280,-55
2021-09-23 20:43:33.098283,-21
2021-09-23 20:43:33.098286,-33
2021-09-23 20:43:33.098289,-69
2021-09-23 20:43:33.098292,-43
2021-09-23 20:43:33.098295,-36
2021-09-23 20:43:33.098298,-81
2021-09-23 20:43:33.098302,-52
2021-09-23 20:43:33.098305,4
2021-09-23 20:43:33.098308,-33
2021-09-23 20:43:33.098311,-60
2021-09-23 20:43:33.098314,-33
2021-09-23 20:43:33.098317,-31
2021-09-23 20:43:33.098320,-12
2021-09-23 20:43:33.098323,-2
2021-09-23 20:43:33.098327,-45
2021-09-23 20:43:33.098330,-26
2021-09-23 20:43:33.098333,40
2021-09-23 20:43:33.278241,2
2021-09-23 20:43:33.278261,-79
2021-09-23 20:43:33.278268,-48
2021-09-23 20:43:33.278275,21
2021-09-23 20:43:33.278281,-14
2021-09-23 20:43:33.278288,-76
2021-09-23 20:43:33.278294,-26
2021-09-23 20:43:33.278300,76
2021-09-23 20:43:33.278315,185
2021-09-23 20:43:33.278321,500
2021-09-23 20:43:33.278327,1031
2021-09-23 20:43:33.278334,976
2021-09-23 20:43:33.278340,-93
2021-09-23 20:43:33.278346,-752
2021-09-23 20:43:33.278352,-303
2021-09-23 20:43:33.278358,-28
2021-09-23 20:43:33.278364,-192
2021-09-23 20:43:33.278370,-144
2021-09-23 20:43:33.278377,-48
2021-09-23 20:43:33.278382,-81
2021-09-23 20:43:33.278388,-79
2021-09-23 20:43:33.278395,-38
2021-09-23 20:43:33.278401,-52
2021-09-23 20:43:33.278407,-79
2021-09-23 20:43:33.278415,-36
2021-09-23 20:43:33.278422,7
2021-09-23 20:43:33.278428,-4
2021-09-23 20:43:33.278434,-12
2021-09-23 20:43:33.278440,4
2021-09-23 20:43:33.278446,28
2021-09-23 20:43:33.548260,60
2021-09-23 20:43:33.548282,79
2021-09-23 20:43:33.548289,76
2021-09-23 20:43:33.548295,79
2021-09-23 20:43:33.548302,103
2021-09-23 20:43:33.548308,134
2021-09-23 20:43:33.548314,149
2021-09-23 20:43:33.548320,146
2021-09-23 20:43:33.548326,158
2021-09-23 20:43:33.548332,173
2021-09-23 20:43:33.548338,156
2021-09-23 20:43:33.548344,105
2021-09-23 20:43:33.548350,45
2021-09-23 20:43:33.548356,-31
2021-09-23 20:43:33.548362,-81
2021-09-23 20:43:33.548368,-84
2021-09-23 20:43:33.548374,-103
2021-09-23 20:43:33.548380,-134
2021-09-23 20:43:33.548386,-108
2021-09-23 20:43:33.548392,-86
2021-09-23 20:43:33.548398,-103
2021-09-23 20:43:33.548404,-105
2021-09-23 20:43:33.548410,-134
2021-09-23 20:43:33.548415,-137
2021-09-23 20:43:33.548421,-103
2021-09-23 20:43:33.548427,-122
2021-09-23 20:43:33.548433,-132
2021-09-23 20:43:33.548439,-84
2021-09-23 20:43:33.548454,-60
2021-09-23 20:43:33.548460,-91
2021-09-23 20:43:33.728134,-98
2021-09-23 20:43:33.728154,-36
2021-09-23 20:43:33.728161,-21
2021-09-23 20:43:33.728167,-67
2021-09-23 20:43:33.728174,-57
2021-09-23 20:43:33.728180,-38
2021-09-23 20:43:33.728186,-64
2021-09-23 20:43:33.728192,-76
2021-09-23 20:43:33.728198,-33
2021-09-23 20:43:33.728204,12
2021-09-23 20:43:33.728210,-9
2021-09-23 20:43:33.728216,-43
2021-09-23 20:43:33.728222,-38
2021-09-23 20:43:33.728228,-36
2021-09-23 20:43:33.728234,-43
2021-09-23 20:43:33.728240,-40
2021-09-23 20:43:33.728246,-33
2021-09-23 20:43:33.728252,-38
2021-09-23 20:43:33.728257,-50
2021-09-23 20:43:33.728263,-33
2021-09-23 20:43:33.728269,-9
2021-09-23 20:43:33.728273,-16
2021-09-23 20:43:33.728276,-36
2021-09-23 20:43:33.728279,-33
2021-09-23 20:43:33.728282,-12
2021-09-23 20:43:33.728285,-19
2021-09-23 20:43:33.728288,-31
2021-09-23 20:43:33.728292,-16
2021-09-23 20:43:33.728295,-16
2021-09-23 20:43:33.728298,-38
2021-09-23 20:43:33.953321,-19
2021-09-23 20:43:33.953344,12
2021-09-23 20:43:33.953352,-24
2021-09-23 20:43:33.953358,-69
2021-09-23 20:43:33.953365,-38
2021-09-23 20:43:33.953371,-9
2021-09-23 20:43:33.953377,-31
2021-09-23 20:43:33.953383,2
2021-09-23 20:43:33.953389,57
2021-09-23 20:43:33.953396,26
2021-09-23 20:43:33.953402,-28
2021-09-23 20:43:33.953408,-50
2021-09-23 20:43:33.953414,-62
2021-09-23 20:43:33.953420,-52
2021-09-23 20:43:33.953426,-38
2021-09-23 20:43:33.953431,-26
2021-09-23 20:43:33.953437,38
2021-09-23 20:43:33.953444,185
2021-09-23 20:43:33.953450,507
2021-09-23 20:43:33.953455,1014
2021-09-23 20:43:33.953461,1072
2021-09-23 20:43:33.953467,134
2021-09-23 20:43:33.953474,-656
2021-09-23 20:43:33.953480,-339
2021-09-23 20:43:33.953486,-19
2021-09-23 20:43:33.953492,-197
2021-09-23 20:43:33.953498,-153
2021-09-23 20:43:33.953504,16
2021-09-23 20:43:33.953510,-28
2021-09-23 20:43:33.953516,-67
2021-09-23 20:43:34.178262,-48
2021-09-23 20:43:34.178284,-84
2021-09-23 20:43:34.178291,-76
2021-09-23 20:43:34.178298,-24
2021-09-23 20:43:34.178304,-19
2021-09-23 20:43:34.178310,-28
2021-09-23 20:43:34.178316,-14
2021-09-23 20:43:34.178323,2
2021-09-23 20:43:34.178329,31
2021-09-23 20:43:34.178335,48
2021-09-23 20:43:34.178341,57
2021-09-23 20:43:34.178348,79
2021-09-23 20:43:34.178354,74
2021-09-23 20:43:34.178360,86
2021-09-23 20:43:34.178366,149
2021-09-23 20:43:34.178373,156
2021-09-23 20:43:34.178379,110
2021-09-23 20:43:34.178385,122
2021-09-23 20:43:34.178391,168
2021-09-23 20:43:34.178397,177
2021-09-23 20:43:34.178403,146
2021-09-23 20:43:34.178409,84
2021-09-23 20:43:34.178416,40
2021-09-23 20:43:34.178422,-2
2021-09-23 20:43:34.178428,-69
2021-09-23 20:43:34.178434,-93
2021-09-23 20:43:34.178440,-98
2021-09-23 20:43:34.178446,-115
2021-09-23 20:43:34.178452,-91
2021-09-23 20:43:34.178458,-52
2021-09-23 20:43:34.448263,-69
2021-09-23 20:43:34.448284,-110
2021-09-23 20:43:34.448292,-91
2021-09-23 20:43:34.448299,-76
2021-09-23 20:43:34.448305,-117
2021-09-23 20:43:34.448312,-117
2021-09-23 20:43:34.448318,-69
2021-09-23 20:43:34.448324,-72
2021-09-23 20:43:34.448334,-86
2021-09-23 20:43:34.448341,-57
2021-09-23 20:43:34.448509,-48
2021-09-23 20:43:34.448517,-81
2021-09-23 20:43:34.448524,-110
2021-09-23 20:43:34.448530,-96
2021-09-23 20:43:34.448536,-64
2021-09-23 20:43:34.448542,-55
2021-09-23 20:43:34.448549,-74
2021-09-23 20:43:34.448555,-60
2021-09-23 20:43:34.448561,-38
2021-09-23 20:43:34.448567,-62
2021-09-23 20:43:34.448573,-81
2021-09-23 20:43:34.448579,-69
2021-09-23 20:43:34.448585,-28
2021-09-23 20:43:34.448591,-2
2021-09-23 20:43:34.448597,-45
2021-09-23 20:43:34.448603,-74
2021-09-23 20:43:34.448609,-33
2021-09-23 20:43:34.448615,-26
2021-09-23 20:43:34.448621,-40
2021-09-23 20:43:34.448627,-28
2021-09-23 20:43:34.673247,-33
2021-09-23 20:43:34.673268,-9
2021-09-23 20:43:34.673276,0
2021-09-23 20:43:34.673282,-64
2021-09-23 20:43:34.673288,-57
2021-09-23 20:43:34.673295,2
2021-09-23 20:43:34.673301,-16
2021-09-23 20:43:34.673307,-52
2021-09-23 20:43:34.673313,-26
2021-09-23 20:43:34.673319,4
2021-09-23 20:43:34.673325,-31
2021-09-23 20:43:34.673331,-69
2021-09-23 20:43:34.673337,-31
2021-09-23 20:43:34.673343,28
2021-09-23 20:43:34.673349,7
2021-09-23 20:43:34.673355,-57
2021-09-23 20:43:34.673362,-45
2021-09-23 20:43:34.673367,12
2021-09-23 20:43:34.673373,-4
2021-09-23 20:43:34.673379,-52
2021-09-23 20:43:34.673386,-26
2021-09-23 20:43:34.673392,19
2021-09-23 20:43:34.673398,21
2021-09-23 20:43:34.673404,31
2021-09-23 20:43:34.673410,33
2021-09-23 20:43:34.673416,-9
2021-09-23 20:43:34.673422,-28
2021-09-23 20:43:34.673428,2
2021-09-23 20:43:34.673444,7
2021-09-23 20:43:34.673450,-7
2021-09-23 20:43:34.987546,24
2021-09-23 20:43:34.987570,31
2021-09-23 20:43:34.987578,55
2021-09-23 20:43:34.987584,293
2021-09-23 20:43:34.987591,803
2021-09-23 20:43:34.987597,1212
2021-09-23 20:43:34.987603,673
2021-09-23 20:43:34.987609,-418
2021-09-23 20:43:34.987616,-541
2021-09-23 20:43:34.987622,-84
2021-09-23 20:43:34.987628,-110
2021-09-23 20:43:34.987634,-180
2021-09-23 20:43:34.987640,-33
2021-09-23 20:43:34.987647,-36
2021-09-23 20:43:34.987653,-103
2021-09-23 20:43:34.987659,-57
2021-09-23 20:43:34.987666,-12
2021-09-23 20:43:34.987672,-40
2021-09-23 20:43:34.987678,-50
2021-09-23 20:43:34.987684,-9
2021-09-23 20:43:34.987691,19
2021-09-23 20:43:34.987697,2
2021-09-23 20:43:34.987703,9
2021-09-23 20:43:34.987709,45
2021-09-23 20:43:34.987716,31
2021-09-23 20:43:34.987722,24
2021-09-23 20:43:34.987728,62
2021-09-23 20:43:34.987734,88
2021-09-23 20:43:34.987740,93
2021-09-23 20:43:34.987746,93
2021-09-23 20:43:35.123209,115
2021-09-23 20:43:35.123230,165
2021-09-23 20:43:35.123237,175
2021-09-23 20:43:35.123244,141
2021-09-23 20:43:35.123250,122
2021-09-23 20:43:35.123256,122
2021-09-23 20:43:35.123262,122
2021-09-23 20:43:35.123268,96
2021-09-23 20:43:35.123275,14
2021-09-23 20:43:35.123281,-72
2021-09-23 20:43:35.123287,-105
2021-09-23 20:43:35.123293,-122
2021-09-23 20:43:35.123299,-146
2021-09-23 20:43:35.123305,-141
2021-09-23 20:43:35.123311,-113
2021-09-23 20:43:35.123317,-113
2021-09-23 20:43:35.123323,-134
2021-09-23 20:43:35.123329,-105
2021-09-23 20:43:35.123345,-67
2021-09-23 20:43:35.123352,-93
2021-09-23 20:43:35.123358,-132
2021-09-23 20:43:35.123364,-127
2021-09-23 20:43:35.123370,-115
2021-09-23 20:43:35.123376,-108
2021-09-23 20:43:35.123382,-88
2021-09-23 20:43:35.123388,-69
2021-09-23 20:43:35.123395,-64
2021-09-23 20:43:35.123401,-69
2021-09-23 20:43:35.123407,-72
2021-09-23 20:43:35.123413,-67
2021-09-23 20:43:35.348281,-88
2021-09-23 20:43:35.348303,-120
2021-09-23 20:43:35.348310,-86
2021-09-23 20:43:35.348316,-36
2021-09-23 20:43:35.348323,-40
2021-09-23 20:43:35.348329,-21
2021-09-23 20:43:35.348344,12
2021-09-23 20:43:35.348351,9
2021-09-23 20:43:35.348357,-4
2021-09-23 20:43:35.348363,-45
2021-09-23 20:43:35.348369,-84
2021-09-23 20:43:35.348375,-72
2021-09-23 20:43:35.348381,-31
2021-09-23 20:43:35.348387,-16
2021-09-23 20:43:35.348393,-12
2021-09-23 20:43:35.348399,0
2021-09-23 20:43:35.348405,-12
2021-09-23 20:43:35.348411,-40
2021-09-23 20:43:35.348417,-16
2021-09-23 20:43:35.348423,14
2021-09-23 20:43:35.348429,-36
2021-09-23 20:43:35.348435,-62
2021-09-23 20:43:35.348441,-16
2021-09-23 20:43:35.348447,7
2021-09-23 20:43:35.348453,21
2021-09-23 20:43:35.348459,24
2021-09-23 20:43:35.348465,-26
2021-09-23 20:43:35.348471,-31
2021-09-23 20:43:35.348477,4
2021-09-23 20:43:35.348483,-12
2021-09-23 20:43:35.573352,-55
2021-09-23 20:43:35.573372,-36
2021-09-23 20:43:35.573380,24
2021-09-23 20:43:35.573386,21
2021-09-23 20:43:35.573392,-19
2021-09-23 20:43:35.573398,-4
2021-09-23 20:43:35.573405,0
2021-09-23 20:43:35.573411,-24
2021-09-23 20:43:35.573425,-2
2021-09-23 20:43:35.573432,26
2021-09-23 20:43:35.573438,-7
2021-09-23 20:43:35.573445,-16
2021-09-23 20:43:35.573451,50
2021-09-23 20:43:35.573457,38
2021-09-23 20:43:35.573463,-45
2021-09-23 20:43:35.573469,-45
2021-09-23 20:43:35.573475,-19
2021-09-23 20:43:35.573481,-38
2021-09-23 20:43:35.573487,9
2021-09-23 20:43:35.573492,283
2021-09-23 20:43:35.573498,781
2021-09-23 20:43:35.573504,1149
2021-09-23 20:43:35.573510,656
2021-09-23 20:43:35.573516,-384
2021-09-23 20:43:35.573522,-579
2021-09-23 20:43:35.573528,-144
2021-09-23 20:43:35.573534,-101
2021-09-23 20:43:35.573540,-180
2021-09-23 20:43:35.573546,-91
2021-09-23 20:43:35.573552,-72
2021-09-23 20:43:35.842750,-81
2021-09-23 20:43:35.842772,-33
2021-09-23 20:43:35.842780,-57
2021-09-23 20:43:35.842786,-101
2021-09-23 20:43:35.842792,-45
2021-09-23 20:43:35.842798,-4
2021-09-23 20:43:35.842805,-45
2021-09-23 20:43:35.842811,-24
2021-09-23 20:43:35.842817,74
2021-09-23 20:43:35.842823,62
2021-09-23 20:43:35.842829,-19
2021-09-23 20:43:35.842835,9
2021-09-23 20:43:35.842871,64
2021-09-23 20:43:35.842877,52
2021-09-23 20:43:35.842883,69
2021-09-23 20:43:35.842889,122
2021-09-23 20:43:35.842895,151
2021-09-23 20:43:35.842902,156
2021-09-23 20:43:35.842908,165
2021-09-23 20:43:35.842914,187
2021-09-23 20:43:35.842920,173
2021-09-23 20:43:35.842926,134
2021-09-23 20:43:35.842932,129
2021-09-23 20:43:35.842938,105
2021-09-23 20:43:35.842944,31
2021-09-23 20:43:35.842950,-38
2021-09-23 20:43:35.842956,-81
2021-09-23 20:43:35.842963,-96
2021-09-23 20:43:35.842976,-101
2021-09-23 20:43:35.842983,-101
2021-09-23 20:43:36.112678,-84
2021-09-23 20:43:36.112699,-84
2021-09-23 20:43:36.112706,-98
2021-09-23 20:43:36.112713,-86
2021-09-23 20:43:36.112719,-86
2021-09-23 20:43:36.112725,-93
2021-09-23 20:43:36.112731,-79
2021-09-23 20:43:36.112737,-74
2021-09-23 20:43:36.112743,-72
2021-09-23 20:43:36.112749,-60
2021-09-23 20:43:36.112756,-86
2021-09-23 20:43:36.112762,-117
2021-09-23 20:43:36.112768,-86
2021-09-23 20:43:36.112774,-48
2021-09-23 20:43:36.112780,-62
2021-09-23 20:43:36.112786,-76
2021-09-23 20:43:36.112792,-28
2021-09-23 20:43:36.112798,24
2021-09-23 20:43:36.112804,-14
2021-09-23 20:43:36.112810,-84
2021-09-23 20:43:36.112816,-57
2021-09-23 20:43:36.112822,-12
2021-09-23 20:43:36.112828,-40
2021-09-23 20:43:36.112834,-60
2021-09-23 20:43:36.112840,-31
2021-09-23 20:43:36.112846,-24
2021-09-23 20:43:36.112852,-36
2021-09-23 20:43:36.112858,-31
2021-09-23 20:43:36.112864,-33
2021-09-23 20:43:36.112870,-38
2021-09-23 20:43:36.248283,-19
2021-09-23 20:43:36.248305,-7
2021-09-23 20:43:36.248313,-31
2021-09-23 20:43:36.248319,-52
2021-09-23 20:43:36.248325,-48
2021-09-23 20:43:36.248332,-33
2021-09-23 20:43:36.248338,-28
2021-09-23 20:43:36.248343,-33
2021-09-23 20:43:36.248349,-21
2021-09-23 20:43:36.248356,-12
2021-09-23 20:43:36.248362,-31
2021-09-23 20:43:36.248368,-45
2021-09-23 20:43:36.248382,-57
2021-09-23 20:43:36.248389,-67
2021-09-23 20:43:36.248395,-52
2021-09-23 20:43:36.248401,-24
2021-09-23 20:43:36.248407,-7
2021-09-23 20:43:36.248413,4
2021-09-23 20:43:36.248432,9
2021-09-23 20:43:36.248440,-26
2021-09-23 20:43:36.248448,-72
2021-09-23 20:43:36.248456,-57
2021-09-23 20:43:36.248463,-28
2021-09-23 20:43:36.248471,-31
2021-09-23 20:43:36.248478,2
2021-09-23 20:43:36.248485,45
2021-09-23 20:43:36.248493,28
2021-09-23 20:43:36.248500,12
2021-09-23 20:43:36.248508,4
2021-09-23 20:43:36.248515,-28
2021-09-23 20:43:36.473297,-33
2021-09-23 20:43:36.473319,0
2021-09-23 20:43:36.473328,9
2021-09-23 20:43:36.473336,0
2021-09-23 20:43:36.473344,28
2021-09-23 20:43:36.473351,177
2021-09-23 20:43:36.473359,480
2021-09-23 20:43:36.473366,904
2021-09-23 20:43:36.473374,966
2021-09-23 20:43:36.473381,127
2021-09-23 20:43:36.473388,-622
2021-09-23 20:43:36.473396,-327
2021-09-23 20:43:36.473403,9
2021-09-23 20:43:36.473411,-127
2021-09-23 20:43:36.473418,-110
2021-09-23 20:43:36.473426,14
2021-09-23 20:43:36.473433,-40
2021-09-23 20:43:36.473440,-103
2021-09-23 20:43:36.473448,-60
2021-09-23 20:43:36.473455,-2
2021-09-23 20:43:36.473462,7
2021-09-23 20:43:36.473470,2
2021-09-23 20:43:36.473477,21
2021-09-23 20:43:36.473484,43
2021-09-23 20:43:36.473492,40
2021-09-23 20:43:36.473499,55
2021-09-23 20:43:36.473506,64
2021-09-23 20:43:36.473514,28
2021-09-23 20:43:36.473521,19
2021-09-23 20:43:36.473529,67
2021-09-23 20:43:36.788176,93
2021-09-23 20:43:36.788198,98
2021-09-23 20:43:36.788205,129
2021-09-23 20:43:36.788211,161
2021-09-23 20:43:36.788218,175
2021-09-23 20:43:36.788224,189
2021-09-23 20:43:36.788230,197
2021-09-23 20:43:36.788236,177
2021-09-23 20:43:36.788242,129
2021-09-23 20:43:36.788249,74
2021-09-23 20:43:36.788255,26
2021-09-23 20:43:36.788261,-2
2021-09-23 20:43:36.788267,-26
2021-09-23 20:43:36.788273,-60
2021-09-23 20:43:36.788279,-88
2021-09-23 20:43:36.788285,-110
2021-09-23 20:43:36.788292,-120
2021-09-23 20:43:36.788298,-113
2021-09-23 20:43:36.788304,-96
2021-09-23 20:43:36.788310,-88
2021-09-23 20:43:36.788316,-81
2021-09-23 20:43:36.788322,-67
2021-09-23 20:43:36.788328,-76
2021-09-23 20:43:36.788334,-103
2021-09-23 20:43:36.788340,-96
2021-09-23 20:43:36.788346,-69
2021-09-23 20:43:36.788352,-69
2021-09-23 20:43:36.788358,-81
2021-09-23 20:43:36.788364,-79
2021-09-23 20:43:36.788383,-69
2021-09-23 20:43:37.011961,-67
2021-09-23 20:43:37.011983,-50
2021-09-23 20:43:37.011991,-40
2021-09-23 20:43:37.011997,-48
2021-09-23 20:43:37.012004,-40
2021-09-23 20:43:37.012010,-21
2021-09-23 20:43:37.012016,-16
2021-09-23 20:43:37.012022,-24
2021-09-23 20:43:37.012029,-24
2021-09-23 20:43:37.012035,-31
2021-09-23 20:43:37.012041,-45
2021-09-23 20:43:37.012047,-48
2021-09-23 20:43:37.012053,-43
2021-09-23 20:43:37.012059,-55
2021-09-23 20:43:37.012065,-62
2021-09-23 20:43:37.012071,-50
2021-09-23 20:43:37.012077,-38
2021-09-23 20:43:37.012084,-43
2021-09-23 20:43:37.012090,-43
2021-09-23 20:43:37.012096,-24
2021-09-23 20:43:37.012102,-16
2021-09-23 20:43:37.012108,-31
2021-09-23 20:43:37.012114,-55
2021-09-23 20:43:37.012119,-76
2021-09-23 20:43:37.012125,-64
2021-09-23 20:43:37.012131,-48
2021-09-23 20:43:37.012137,-40
2021-09-23 20:43:37.012143,-36
2021-09-23 20:43:37.012158,-26
2021-09-23 20:43:37.012165,-21
2021-09-23 20:43:37.283282,-26
2021-09-23 20:43:37.283303,-33
2021-09-23 20:43:37.283310,-36
2021-09-23 20:43:37.283317,-40
2021-09-23 20:43:37.283323,-50
2021-09-23 20:43:37.283329,-36
2021-09-23 20:43:37.283335,7
2021-09-23 20:43:37.283341,16
2021-09-23 20:43:37.283347,-24
2021-09-23 20:43:37.283353,-50
2021-09-23 20:43:37.283359,-33
2021-09-23 20:43:37.283365,-19
2021-09-23 20:43:37.283371,-33
2021-09-23 20:43:37.283378,-48
2021-09-23 20:43:37.283384,-40
2021-09-23 20:43:37.283390,-24
2021-09-23 20:43:37.283396,-9
2021-09-23 20:43:37.283402,-7
2021-09-23 20:43:37.283417,26
2021-09-23 20:43:37.283424,223
2021-09-23 20:43:37.283430,658
2021-09-23 20:43:37.283436,1050
2021-09-23 20:43:37.283442,639
2021-09-23 20:43:37.283448,-360
2021-09-23 20:43:37.283455,-545
2021-09-23 20:43:37.283461,-91
2021-09-23 20:43:37.283467,-72
2021-09-23 20:43:37.283473,-192
2021-09-23 20:43:37.283479,-76
2021-09-23 20:43:37.283485,-28
2021-09-23 20:43:37.418294,-72
2021-09-23 20:43:37.418317,-45
2021-09-23 20:43:37.418324,-19
2021-09-23 20:43:37.418331,-26
2021-09-23 20:43:37.418337,-4
2021-09-23 20:43:37.418343,14
2021-09-23 20:43:37.418349,-12
2021-09-23 20:43:37.418355,-24
2021-09-23 20:43:37.418361,2
2021-09-23 20:43:37.418367,21
2021-09-23 20:43:37.418373,26
2021-09-23 20:43:37.418379,57
2021-09-23 20:43:37.418385,86
2021-09-23 20:43:37.418391,76
2021-09-23 20:43:37.418397,67
2021-09-23 20:43:37.418403,93
2021-09-23 20:43:37.418409,132
2021-09-23 20:43:37.418415,151
2021-09-23 20:43:37.418430,156
2021-09-23 20:43:37.418437,170
2021-09-23 20:43:37.418443,187
2021-09-23 20:43:37.418449,170
2021-09-23 20:43:37.418455,132
2021-09-23 20:43:37.418461,101
2021-09-23 20:43:37.418467,31
2021-09-23 20:43:37.418473,-52
2021-09-23 20:43:37.418479,-74
2021-09-23 20:43:37.418485,-69
2021-09-23 20:43:37.418491,-101
2021-09-23 20:43:37.418497,-115
2021-09-23 20:43:37.643202,-98
2021-09-23 20:43:37.643221,-96
2021-09-23 20:43:37.643229,-110
2021-09-23 20:43:37.643235,-108
2021-09-23 20:43:37.643241,-79
2021-09-23 20:43:37.643247,-79
2021-09-23 20:43:37.643253,-125
2021-09-23 20:43:37.643259,-134
2021-09-23 20:43:37.643265,-110
2021-09-23 20:43:37.643271,-110
2021-09-23 20:43:37.643277,-101
2021-09-23 20:43:37.643284,-81
2021-09-23 20:43:37.643290,-81
2021-09-23 20:43:37.643295,-86
2021-09-23 20:43:37.643301,-79
2021-09-23 20:43:37.643307,-72
2021-09-23 20:43:37.643313,-79
2021-09-23 20:43:37.643319,-88
2021-09-23 20:43:37.643325,-79
2021-09-23 20:43:37.643331,-64
2021-09-23 20:43:37.643337,-60
2021-09-23 20:43:37.643343,-52
2021-09-23 20:43:37.643349,-60
2021-09-23 20:43:37.643355,-84
2021-09-23 20:43:37.643360,-81
2021-09-23 20:43:37.643367,-55
2021-09-23 20:43:37.643373,-48
2021-09-23 20:43:37.643379,-52
2021-09-23 20:43:37.643385,-45
2021-09-23 20:43:37.643390,-38
2021-09-23 20:43:37.868378,-43
2021-09-23 20:43:37.868402,-43
2021-09-23 20:43:37.868409,-43
2021-09-23 20:43:37.868415,-40
2021-09-23 20:43:37.868420,-36
2021-09-23 20:43:37.868426,-40
2021-09-23 20:43:37.868432,-36
2021-09-23 20:43:37.868438,-14
2021-09-23 20:43:37.868444,-21
2021-09-23 20:43:37.868450,-45
2021-09-23 20:43:37.868455,-43
2021-09-23 20:43:37.868461,-33
2021-09-23 20:43:37.868466,-31
2021-09-23 20:43:37.868472,-28
2021-09-23 20:43:37.868478,-33
2021-09-23 20:43:37.868484,-33
2021-09-23 20:43:37.868490,-19
2021-09-23 20:43:37.868496,-4
2021-09-23 20:43:37.868503,12
2021-09-23 20:43:37.868510,21
2021-09-23 20:43:37.868516,4
2021-09-23 20:43:37.868523,-21
2021-09-23 20:43:37.868529,-36
2021-09-23 20:43:37.868535,-28
2021-09-23 20:43:37.868541,-14
2021-09-23 20:43:37.868546,-4
2021-09-23 20:43:37.868552,4
2021-09-23 20:43:37.868559,69
2021-09-23 20:43:37.868565,312
2021-09-23 20:43:37.868570,810
2021-09-23 20:43:38.093310,1202
2021-09-23 20:43:38.093332,687
2021-09-23 20:43:38.093340,-363
2021-09-23 20:43:38.093346,-512
2021-09-23 20:43:38.093352,-74
2021-09-23 20:43:38.093359,-93
2021-09-23 20:43:38.093365,-194
2021-09-23 20:43:38.093371,-69
2021-09-23 20:43:38.093377,-50
2021-09-23 20:43:38.093383,-115
2021-09-23 20:43:38.093389,-93
2021-09-23 20:43:38.093395,-64
2021-09-23 20:43:38.093401,-52
2021-09-23 20:43:38.093407,-36
2021-09-23 20:43:38.093413,-38
2021-09-23 20:43:38.093419,-36
2021-09-23 20:43:38.093425,-19
2021-09-23 20:43:38.093430,-12
2021-09-23 20:43:38.093436,-7
2021-09-23 20:43:38.093442,0
2021-09-23 20:43:38.093448,16
2021-09-23 20:43:38.093454,31
2021-09-23 20:43:38.093460,38
2021-09-23 20:43:38.093466,57
2021-09-23 20:43:38.093478,96
2021-09-23 20:43:38.093484,132
2021-09-23 20:43:38.093491,141
2021-09-23 20:43:38.093497,137
2021-09-23 20:43:38.093506,144
2021-09-23 20:43:38.093512,149
2021-09-23 20:43:38.318285,139
2021-09-23 20:43:38.318307,117
2021-09-23 20:43:38.318314,76
2021-09-23 20:43:38.318320,9
2021-09-23 20:43:38.318326,-43
2021-09-23 20:43:38.318332,-55
2021-09-23 20:43:38.318338,-69
2021-09-23 20:43:38.318344,-101
2021-09-23 20:43:38.318350,-105
2021-09-23 20:43:38.318356,-98
2021-09-23 20:43:38.318363,-120
2021-09-23 20:43:38.318368,-125
2021-09-23 20:43:38.318374,-96
2021-09-23 20:43:38.318381,-81
2021-09-23 20:43:38.318387,-84
2021-09-23 20:43:38.318393,-84
2021-09-23 20:43:38.318399,-88
2021-09-23 20:43:38.318405,-93
2021-09-23 20:43:38.318410,-88
2021-09-23 20:43:38.318416,-79
2021-09-23 20:43:38.318422,-76
2021-09-23 20:43:38.318428,-84
2021-09-23 20:43:38.318434,-86
2021-09-23 20:43:38.318440,-72
2021-09-23 20:43:38.318446,-60
2021-09-23 20:43:38.318452,-60
2021-09-23 20:43:38.318458,-48
2021-09-23 20:43:38.318464,-33
2021-09-23 20:43:38.318470,-33
2021-09-23 20:43:38.318476,-38
2021-09-23 20:43:38.588300,-40
2021-09-23 20:43:38.588320,-38
2021-09-23 20:43:38.588328,-31
2021-09-23 20:43:38.588335,-33
2021-09-23 20:43:38.588341,-48
2021-09-23 20:43:38.588347,-52
2021-09-23 20:43:38.588353,-38
2021-09-23 20:43:38.588359,-19
2021-09-23 20:43:38.588365,-36
2021-09-23 20:43:38.588371,-57
2021-09-23 20:43:38.588377,-48
2021-09-23 20:43:38.588383,-43
2021-09-23 20:43:38.588389,-45
2021-09-23 20:43:38.588395,-31
2021-09-23 20:43:38.588401,-40
2021-09-23 20:43:38.588407,-57
2021-09-23 20:43:38.588413,-33
2021-09-23 20:43:38.588419,-12
2021-09-23 20:43:38.588432,-26
2021-09-23 20:43:38.588438,-40
2021-09-23 20:43:38.588444,-45
2021-09-23 20:43:38.588450,-45
2021-09-23 20:43:38.588456,-28
2021-09-23 20:43:38.588462,-14
2021-09-23 20:43:38.588468,-4
2021-09-23 20:43:38.588473,2
2021-09-23 20:43:38.588479,-16
2021-09-23 20:43:38.588485,-48
2021-09-23 20:43:38.588491,-50
2021-09-23 20:43:38.588497,-28
2021-09-23 20:43:38.857660,-21
2021-09-23 20:43:38.857679,-16
2021-09-23 20:43:38.857686,26
2021-09-23 20:43:38.857693,197
2021-09-23 20:43:38.857699,601
2021-09-23 20:43:38.857705,1108
2021-09-23 20:43:38.857711,1000
2021-09-23 20:43:38.857717,7
2021-09-23 20:43:38.857723,-581
2021-09-23 20:43:38.857729,-228
2021-09-23 20:43:38.857735,-40
2021-09-23 20:43:38.857741,-199
2021-09-23 20:43:38.857747,-144
2021-09-23 20:43:38.857754,-55
2021-09-23 20:43:38.857760,-110
2021-09-23 20:43:38.857766,-101
2021-09-23 20:43:38.857772,-40
2021-09-23 20:43:38.857778,-52
2021-09-23 20:43:38.857784,-57
2021-09-23 20:43:38.857790,-14
2021-09-23 20:43:38.857797,-9
2021-09-23 20:43:38.857803,-31
2021-09-23 20:43:38.857809,-12
2021-09-23 20:43:38.857815,9
2021-09-23 20:43:38.857821,12
2021-09-23 20:43:38.857827,21
2021-09-23 20:43:38.857833,38
2021-09-23 20:43:38.857839,50
2021-09-23 20:43:38.857845,69
2021-09-23 20:43:38.857851,101
2021-09-23 20:43:39.081954,129
2021-09-23 20:43:39.081976,144
2021-09-23 20:43:39.081983,153
2021-09-23 20:43:39.081990,158
2021-09-23 20:43:39.081996,161
2021-09-23 20:43:39.082002,158
2021-09-23 20:43:39.082008,141
2021-09-23 20:43:39.082014,101
2021-09-23 20:43:39.082026,43
2021-09-23 20:43:39.082033,0
2021-09-23 20:43:39.082039,-33
2021-09-23 20:43:39.082045,-62
2021-09-23 20:43:39.082051,-86
2021-09-23 20:43:39.082057,-113
2021-09-23 20:43:39.082063,-122
2021-09-23 20:43:39.082069,-103
2021-09-23 20:43:39.082075,-96
2021-09-23 20:43:39.082081,-98
2021-09-23 20:43:39.082087,-84
2021-09-23 20:43:39.082093,-84
2021-09-23 20:43:39.082099,-98
2021-09-23 20:43:39.082105,-96
2021-09-23 20:43:39.082110,-81
2021-09-23 20:43:39.082116,-76
2021-09-23 20:43:39.082122,-81
2021-09-23 20:43:39.082129,-81
2021-09-23 20:43:39.082134,-81
2021-09-23 20:43:39.082141,-84
2021-09-23 20:43:39.082147,-81
2021-09-23 20:43:39.082153,-64
2021-09-23 20:43:39.263495,-50
2021-09-23 20:43:39.263517,-55
2021-09-23 20:43:39.263524,-60
2021-09-23 20:43:39.263531,-52
2021-09-23 20:43:39.263537,-48
2021-09-23 20:43:39.263543,-48
2021-09-23 20:43:39.263549,-45
2021-09-23 20:43:39.263555,-36
2021-09-23 20:43:39.263561,-38
2021-09-23 20:43:39.263567,-50
2021-09-23 20:43:39.263573,-48
2021-09-23 20:43:39.263579,-45
2021-09-23 20:43:39.263585,-52
2021-09-23 20:43:39.263591,-52
2021-09-23 20:43:39.263597,-38
2021-09-23 20:43:39.263603,-21
2021-09-23 20:43:39.263609,-7
2021-09-23 20:43:39.263615,-7
2021-09-23 20:43:39.263621,-21
2021-09-23 20:43:39.263627,-33
2021-09-23 20:43:39.263633,-36
2021-09-23 20:43:39.263639,-43
2021-09-23 20:43:39.263645,-60
2021-09-23 20:43:39.263651,-52
2021-09-23 20:43:39.263656,-28
2021-09-23 20:43:39.263663,-19
2021-09-23 20:43:39.263669,45
2021-09-23 20:43:39.263675,286
2021-09-23 20:43:39.263685,716
2021-09-23 20:43:39.263691,983
2021-09-23 20:43:39.533310,379
2021-09-23 20:43:39.533330,-579
2021-09-23 20:43:39.533338,-531
2021-09-23 20:43:39.533344,-43
2021-09-23 20:43:39.533351,-101
2021-09-23 20:43:39.533357,-175
2021-09-23 20:43:39.533363,-43
2021-09-23 20:43:39.533369,-48
2021-09-23 20:43:39.533375,-86
2021-09-23 20:43:39.533381,-36
2021-09-23 20:43:39.533387,-19
2021-09-23 20:43:39.533393,-26
2021-09-23 20:43:39.533399,-9
2021-09-23 20:43:39.533405,-2
2021-09-23 20:43:39.533411,-2
2021-09-23 20:43:39.533417,2
2021-09-23 20:43:39.533423,0
2021-09-23 20:43:39.533429,7
2021-09-23 20:43:39.533435,26
2021-09-23 20:43:39.533441,45
2021-09-23 20:43:39.533447,67
2021-09-23 20:43:39.533453,88
2021-09-23 20:43:39.533459,115
2021-09-23 20:43:39.533465,137
2021-09-23 20:43:39.533471,161
2021-09-23 20:43:39.533477,199
2021-09-23 20:43:39.533483,226
2021-09-23 20:43:39.533489,209
2021-09-23 20:43:39.533495,180
2021-09-23 20:43:39.533501,156
2021-09-23 20:43:39.758313,110
2021-09-23 20:43:39.758335,48
2021-09-23 20:43:39.758342,-21
2021-09-23 20:43:39.758348,-84
2021-09-23 20:43:39.758354,-115
2021-09-23 20:43:39.758360,-139
2021-09-23 20:43:39.758366,-156
2021-09-23 20:43:39.758372,-146
2021-09-23 20:43:39.758378,-137
2021-09-23 20:43:39.758384,-149
2021-09-23 20:43:39.758390,-146
2021-09-23 20:43:39.758396,-125
2021-09-23 20:43:39.758403,-117
2021-09-23 20:43:39.758409,-125
2021-09-23 20:43:39.758415,-117
2021-09-23 20:43:39.758421,-101
2021-09-23 20:43:39.758427,-98
2021-09-23 20:43:39.758433,-103
2021-09-23 20:43:39.758445,-91
2021-09-23 20:43:39.758452,-74
2021-09-23 20:43:39.758458,-76
2021-09-23 20:43:39.758464,-76
2021-09-23 20:43:39.758470,-67
2021-09-23 20:43:39.758476,-57
2021-09-23 20:43:39.758482,-50
2021-09-23 20:43:39.758488,-43
2021-09-23 20:43:39.758494,-40
2021-09-23 20:43:39.758500,-38
2021-09-23 20:43:39.758506,-33
2021-09-23 20:43:39.758512,-40
2021-09-23 20:43:39.938324,-48
2021-09-23 20:43:39.938347,-50
2021-09-23 20:43:39.938354,-40
2021-09-23 20:43:39.938361,-28
2021-09-23 20:43:39.938367,-24
2021-09-23 20:43:39.938373,-26
2021-09-23 20:43:39.938380,-28
2021-09-23 20:43:39.938386,-31
2021-09-23 20:43:39.938392,-26
2021-09-23 20:43:39.938398,-28
2021-09-23 20:43:39.938404,-45
2021-09-23 20:43:39.938410,-45
2021-09-23 20:43:39.938416,-31
2021-09-23 20:43:39.938422,-28
2021-09-23 20:43:39.938428,-4
2021-09-23 20:43:39.938434,110
2021-09-23 20:43:39.938440,396
2021-09-23 20:43:39.938447,827
2021-09-23 20:43:39.938453,882
2021-09-23 20:43:39.938459,74
2021-09-23 20:43:39.938465,-618
2021-09-23 20:43:39.938471,-322
2021-09-23 20:43:39.938477,-7
2021-09-23 20:43:39.938483,-151
2021-09-23 20:43:39.938490,-144
2021-09-23 20:43:39.938495,-33
2021-09-23 20:43:39.938501,-72
2021-09-23 20:43:39.938508,-91
2021-09-23 20:43:39.938514,-38
2021-09-23 20:43:39.938520,-33
2021-09-23 20:43:40.207723,-40
2021-09-23 20:43:40.207744,-24
2021-09-23 20:43:40.207752,-12
2021-09-23 20:43:40.207759,-4
2021-09-23 20:43:40.207765,-7
2021-09-23 20:43:40.207771,-16
2021-09-23 20:43:40.207784,-16
2021-09-23 20:43:40.207791,-7
2021-09-23 20:43:40.207799,4
2021-09-23 20:43:40.207806,14
2021-09-23 20:43:40.207812,31
2021-09-23 20:43:40.207818,55
2021-09-23 20:43:40.207824,86
2021-09-23 20:43:40.207830,113
2021-09-23 20:43:40.207836,122
2021-09-23 20:43:40.207842,115
2021-09-23 20:43:40.207848,110
2021-09-23 20:43:40.207854,113
2021-09-23 20:43:40.207860,86
2021-09-23 20:43:40.207866,31
2021-09-23 20:43:40.207872,-16
2021-09-23 20:43:40.207878,-57
2021-09-23 20:43:40.207883,-101
2021-09-23 20:43:40.207889,-125
2021-09-23 20:43:40.207895,-127
2021-09-23 20:43:40.207901,-125
2021-09-23 20:43:40.207907,-125
2021-09-23 20:43:40.207913,-125
2021-09-23 20:43:40.207920,-122
2021-09-23 20:43:40.207926,-122
2021-09-23 20:43:40.433301,-117
2021-09-23 20:43:40.433324,-108
2021-09-23 20:43:40.433331,-103
2021-09-23 20:43:40.433338,-101
2021-09-23 20:43:40.433344,-96
2021-09-23 20:43:40.433350,-93
2021-09-23 20:43:40.433356,-84
2021-09-23 20:43:40.433362,-64
2021-09-23 20:43:40.433368,-67
2021-09-23 20:43:40.433374,-81
2021-09-23 20:43:40.433380,-79
2021-09-23 20:43:40.433386,-60
2021-09-23 20:43:40.433392,-48
2021-09-23 20:43:40.433398,-40
2021-09-23 20:43:40.433404,-43
2021-09-23 20:43:40.433410,-57
2021-09-23 20:43:40.433417,-50
2021-09-23 20:43:40.433423,-33
2021-09-23 20:43:40.433429,-33
2021-09-23 20:43:40.433435,-33
2021-09-23 20:43:40.433441,-28
2021-09-23 20:43:40.433447,-31
2021-09-23 20:43:40.433453,-36
2021-09-23 20:43:40.433459,-38
2021-09-23 20:43:40.433465,-36
2021-09-23 20:43:40.433471,-24
2021-09-23 20:43:40.433476,-16
2021-09-23 20:43:40.433483,-12
2021-09-23 20:43:40.433499,7
2021-09-23 20:43:40.433505,16
2021-09-23 20:43:40.702721,-4
2021-09-23 20:43:40.702742,-26
2021-09-23 20:43:40.702749,-24
2021-09-23 20:43:40.702756,-16
2021-09-23 20:43:40.702762,-16
2021-09-23 20:43:40.702768,-4
2021-09-23 20:43:40.702774,26
2021-09-23 20:43:40.702780,105
2021-09-23 20:43:40.702786,339
2021-09-23 20:43:40.702792,779
2021-09-23 20:43:40.702799,1005
2021-09-23 20:43:40.702805,387
2021-09-23 20:43:40.702811,-432
2021-09-23 20:43:40.702817,-358
2021-09-23 20:43:40.702823,-26
2021-09-23 20:43:40.702829,-137
2021-09-23 20:43:40.702835,-189
2021-09-23 20:43:40.702841,-79
2021-09-23 20:43:40.702847,-86
2021-09-23 20:43:40.702853,-103
2021-09-23 20:43:40.702859,-55
2021-09-23 20:43:40.702865,-48
2021-09-23 20:43:40.702871,-52
2021-09-23 20:43:40.702877,-28
2021-09-23 20:43:40.702883,-16
2021-09-23 20:43:40.702889,-9
2021-09-23 20:43:40.702895,0
2021-09-23 20:43:40.702901,2
2021-09-23 20:43:40.702907,0
2021-09-23 20:43:40.702913,12
2021-09-23 20:43:40.883402,31
2021-09-23 20:43:40.883440,45
2021-09-23 20:43:40.883448,52
2021-09-23 20:43:40.883455,62
2021-09-23 20:43:40.883461,84
2021-09-23 20:43:40.883467,108
2021-09-23 20:43:40.883473,122
2021-09-23 20:43:40.883479,122
2021-09-23 20:43:40.883485,110
2021-09-23 20:43:40.883491,105
2021-09-23 20:43:40.883497,101
2021-09-23 20:43:40.883503,74
2021-09-23 20:43:40.883509,26
2021-09-23 20:43:40.883515,-21
2021-09-23 20:43:40.883522,-67
2021-09-23 20:43:40.883528,-96
2021-09-23 20:43:40.883534,-98
2021-09-23 20:43:40.883540,-105
2021-09-23 20:43:40.883546,-113
2021-09-23 20:43:40.883553,-103
2021-09-23 20:43:40.883559,-101
2021-09-23 20:43:40.883565,-105
2021-09-23 20:43:40.883571,-103
2021-09-23 20:43:40.883578,-98
2021-09-23 20:43:40.883584,-105
2021-09-23 20:43:40.883590,-105
2021-09-23 20:43:40.883596,-96
2021-09-23 20:43:40.883602,-91
2021-09-23 20:43:40.883608,-96
2021-09-23 20:43:40.883615,-96
2021-09-23 20:43:41.152025,-88
2021-09-23 20:43:41.152044,-81
2021-09-23 20:43:41.152052,-76
2021-09-23 20:43:41.152058,-74
2021-09-23 20:43:41.152064,-69
2021-09-23 20:43:41.152070,-62
2021-09-23 20:43:41.152076,-57
2021-09-23 20:43:41.152082,-57
2021-09-23 20:43:41.152088,-57
2021-09-23 20:43:41.152093,-50
2021-09-23 20:43:41.152099,-43
2021-09-23 20:43:41.152105,-28
2021-09-23 20:43:41.152111,-28
2021-09-23 20:43:41.152117,-55
2021-09-23 20:43:41.152123,-67
2021-09-23 20:43:41.152129,-57
2021-09-23 20:43:41.152135,-50
2021-09-23 20:43:41.152141,-43
2021-09-23 20:43:41.152147,-33
2021-09-23 20:43:41.152153,-36
2021-09-23 20:43:41.152159,-31
2021-09-23 20:43:41.152165,-19
2021-09-23 20:43:41.152171,-24
2021-09-23 20:43:41.152177,-40
2021-09-23 20:43:41.152182,-52
2021-09-23 20:43:41.152188,-43
2021-09-23 20:43:41.152194,-31
2021-09-23 20:43:41.152200,-26
2021-09-23 20:43:41.152206,-7
2021-09-23 20:43:41.152212,60
2021-09-23 20:43:41.333319,250
2021-09-23 20:43:41.333349,646
2021-09-23 20:43:41.333357,1034
2021-09-23 20:43:41.333364,666
2021-09-23 20:43:41.333370,-322
2021-09-23 20:43:41.333376,-548
2021-09-23 20:43:41.333382,-88
2021-09-23 20:43:41.333388,-52
2021-09-23 20:43:41.333397,-187
2021-09-23 20:43:41.333403,-79
2021-09-23 20:43:41.333409,-28
2021-09-23 20:43:41.333415,-76
2021-09-23 20:43:41.333421,-64
2021-09-23 20:43:41.333427,-36
2021-09-23 20:43:41.333433,-36
2021-09-23 20:43:41.333439,-33
2021-09-23 20:43:41.333445,-21
2021-09-23 20:43:41.333452,-14
2021-09-23 20:43:41.333458,-4
2021-09-23 20:43:41.333464,4
2021-09-23 20:43:41.333470,12
2021-09-23 20:43:41.333476,24
2021-09-23 20:43:41.333482,40
2021-09-23 20:43:41.333488,52
2021-09-23 20:43:41.333494,60
2021-09-23 20:43:41.333500,76
2021-09-23 20:43:41.333506,93
2021-09-23 20:43:41.333512,110
2021-09-23 20:43:41.333518,127
2021-09-23 20:43:41.333524,137
2021-09-23 20:43:41.602716,134
2021-09-23 20:43:41.602737,122
2021-09-23 20:43:41.602744,105
2021-09-23 20:43:41.602751,81
2021-09-23 20:43:41.602757,45
2021-09-23 20:43:41.602763,-2
2021-09-23 20:43:41.602770,-45
2021-09-23 20:43:41.602776,-60
2021-09-23 20:43:41.602782,-69
2021-09-23 20:43:41.602788,-84
2021-09-23 20:43:41.602794,-96
2021-09-23 20:43:41.602800,-105
2021-09-23 20:43:41.602806,-115
2021-09-23 20:43:41.602812,-113
2021-09-23 20:43:41.602818,-108
2021-09-23 20:43:41.602825,-101
2021-09-23 20:43:41.602831,-91
2021-09-23 20:43:41.602837,-86
2021-09-23 20:43:41.602843,-93
2021-09-23 20:43:41.602849,-96
2021-09-23 20:43:41.602855,-84
2021-09-23 20:43:41.602861,-74
2021-09-23 20:43:41.602867,-79
2021-09-23 20:43:41.602873,-76
2021-09-23 20:43:41.602879,-69
2021-09-23 20:43:41.602885,-62
2021-09-23 20:43:41.602891,-52
2021-09-23 20:43:41.602897,-48
2021-09-23 20:43:41.602909,-57
2021-09-23 20:43:41.602916,-67
2021-09-23 20:43:41.783131,-67
2021-09-23 20:43:41.783153,-64
2021-09-23 20:43:41.783161,-64
2021-09-23 20:43:41.783167,-67
2021-09-23 20:43:41.783174,-67
2021-09-23 20:43:41.783180,-67
2021-09-23 20:43:41.783186,-64
2021-09-23 20:43:41.783192,-57
2021-09-23 20:43:41.783199,-48
2021-09-23 20:43:41.783205,-45
2021-09-23 20:43:41.783211,-55
2021-09-23 20:43:41.783217,-62
2021-09-23 20:43:41.783223,-48
2021-09-23 20:43:41.783229,-40
2021-09-23 20:43:41.783235,-55
2021-09-23 20:43:41.783242,-48
2021-09-23 20:43:41.783248,-24
2021-09-23 20:43:41.783254,-19
2021-09-23 20:43:41.783260,-21
2021-09-23 20:43:41.783266,-28
2021-09-23 20:43:41.783272,-50
2021-09-23 20:43:41.783279,-55
2021-09-23 20:43:41.783285,-36
2021-09-23 20:43:41.783291,-31
2021-09-23 20:43:41.783297,-26
2021-09-23 20:43:41.783303,9
2021-09-23 20:43:41.783309,122
2021-09-23 20:43:41.783315,420
2021-09-23 20:43:41.783321,901
2021-09-23 20:43:41.783327,1036
2021-09-23 20:43:42.098361,216
2021-09-23 20:43:42.098383,-637
2021-09-23 20:43:42.098391,-387
2021-09-23 20:43:42.098397,9
2021-09-23 20:43:42.098404,-151
2021-09-23 20:43:42.098410,-192
2021-09-23 20:43:42.098416,-45
2021-09-23 20:43:42.098422,-57
2021-09-23 20:43:42.098428,-88
2021-09-23 20:43:42.098434,-43
2021-09-23 20:43:42.098440,-38
2021-09-23 20:43:42.098447,-48
2021-09-23 20:43:42.098453,-19
2021-09-23 20:43:42.098459,-4
2021-09-23 20:43:42.098465,-14
2021-09-23 20:43:42.098471,0
2021-09-23 20:43:42.098478,21
2021-09-23 20:43:42.098484,24
2021-09-23 20:43:42.098498,26
2021-09-23 20:43:42.098505,48
2021-09-23 20:43:42.098511,69
2021-09-23 20:43:42.098517,81
2021-09-23 20:43:42.098524,91
2021-09-23 20:43:42.098530,110
2021-09-23 20:43:42.098536,129
2021-09-23 20:43:42.098542,141
2021-09-23 20:43:42.098548,151
2021-09-23 20:43:42.098554,146
2021-09-23 20:43:42.098560,125
2021-09-23 20:43:42.098566,96
2021-09-23 20:43:42.278389,57
2021-09-23 20:43:42.278412,21
2021-09-23 20:43:42.278420,-26
2021-09-23 20:43:42.278425,-74
2021-09-23 20:43:42.278431,-101
2021-09-23 20:43:42.278437,-108
2021-09-23 20:43:42.278443,-113
2021-09-23 20:43:42.278449,-115
2021-09-23 20:43:42.278455,-113
2021-09-23 20:43:42.278461,-115
2021-09-23 20:43:42.278467,-115
2021-09-23 20:43:42.278473,-103
2021-09-23 20:43:42.278479,-96
2021-09-23 20:43:42.278485,-93
2021-09-23 20:43:42.278491,-88
2021-09-23 20:43:42.278497,-84
2021-09-23 20:43:42.278503,-84
2021-09-23 20:43:42.278509,-79
2021-09-23 20:43:42.278515,-72
2021-09-23 20:43:42.278520,-62
2021-09-23 20:43:42.278526,-60
2021-09-23 20:43:42.278531,-72
2021-09-23 20:43:42.278537,-74
2021-09-23 20:43:42.278543,-67
2021-09-23 20:43:42.278549,-67
2021-09-23 20:43:42.278555,-62
2021-09-23 20:43:42.278560,-55
2021-09-23 20:43:42.278566,-52
2021-09-23 20:43:42.278572,-52
2021-09-23 20:43:42.278578,-50
2021-09-23 20:43:42.503351,-45
2021-09-23 20:43:42.503368,-43
2021-09-23 20:43:42.503372,-48
2021-09-23 20:43:42.503376,-48
2021-09-23 20:43:42.503379,-48
2021-09-23 20:43:42.503382,-57
2021-09-23 20:43:42.503385,-60
2021-09-23 20:43:42.503389,-55
2021-09-23 20:43:42.503397,-67
2021-09-23 20:43:42.503401,-72
2021-09-23 20:43:42.503404,-48
2021-09-23 20:43:42.503407,-33
2021-09-23 20:43:42.503410,-28
2021-09-23 20:43:42.503413,-21
2021-09-23 20:43:42.503416,-36
2021-09-23 20:43:42.503419,-57
2021-09-23 20:43:42.503423,-55
2021-09-23 20:43:42.503426,-38
2021-09-23 20:43:42.503429,-31
2021-09-23 20:43:42.503432,-31
2021-09-23 20:43:42.503435,-33
2021-09-23 20:43:42.503438,7
2021-09-23 20:43:42.503441,206
2021-09-23 20:43:42.503445,608
2021-09-23 20:43:42.503448,983
2021-09-23 20:43:42.503451,634
2021-09-23 20:43:42.503454,-394
2021-09-23 20:43:42.503457,-675
2021-09-23 20:43:42.503460,-144
2021-09-23 20:43:42.503464,-31
2021-09-23 20:43:42.773387,-175
2021-09-23 20:43:42.773408,-72
2021-09-23 20:43:42.773416,-19
2021-09-23 20:43:42.773423,-72
2021-09-23 20:43:42.773430,-38
2021-09-23 20:43:42.773436,0
2021-09-23 20:43:42.773442,-26
2021-09-23 20:43:42.773448,-38
2021-09-23 20:43:42.773454,-24
2021-09-23 20:43:42.773461,-24
2021-09-23 20:43:42.773467,-12
2021-09-23 20:43:42.773634,19
2021-09-23 20:43:42.773648,31
2021-09-23 20:43:42.773655,24
2021-09-23 20:43:42.773661,24
2021-09-23 20:43:42.773667,45
2021-09-23 20:43:42.773673,67
2021-09-23 20:43:42.773679,81
2021-09-23 20:43:42.773685,98
2021-09-23 20:43:42.773691,120
2021-09-23 20:43:42.773698,127
2021-09-23 20:43:42.773703,132
2021-09-23 20:43:42.773710,137
2021-09-23 20:43:42.773715,132
2021-09-23 20:43:42.773722,117
2021-09-23 20:43:42.773728,93
2021-09-23 20:43:42.773734,52
2021-09-23 20:43:42.773740,-4
2021-09-23 20:43:42.773753,-60
2021-09-23 20:43:42.773760,-93
2021-09-23 20:43:42.953402,-103
2021-09-23 20:43:42.953424,-103
2021-09-23 20:43:42.953432,-115
2021-09-23 20:43:42.953438,-125
2021-09-23 20:43:42.953444,-120
2021-09-23 20:43:42.953449,-110
2021-09-23 20:43:42.953455,-113
2021-09-23 20:43:42.953461,-117
2021-09-23 20:43:42.953467,-113
2021-09-23 20:43:42.953472,-103
2021-09-23 20:43:42.953479,-96
2021-09-23 20:43:42.953485,-86
2021-09-23 20:43:42.953490,-79
2021-09-23 20:43:42.953496,-72
2021-09-23 20:43:42.953502,-60
2021-09-23 20:43:42.953507,-48
2021-09-23 20:43:42.953513,-40
2021-09-23 20:43:42.953518,-36
2021-09-23 20:43:42.953524,-43
2021-09-23 20:43:42.953529,-45
2021-09-23 20:43:42.953535,-40
2021-09-23 20:43:42.953540,-45
2021-09-23 20:43:42.953546,-48
2021-09-23 20:43:42.953552,-40
2021-09-23 20:43:42.953564,-36
2021-09-23 20:43:42.953571,-31
2021-09-23 20:43:42.953577,-24
2021-09-23 20:43:42.953583,-38
2021-09-23 20:43:42.953589,-57
2021-09-23 20:43:42.953594,-57
2021-09-23 20:43:43.221995,-50
2021-09-23 20:43:43.222016,-55
2021-09-23 20:43:43.222024,-52
2021-09-23 20:43:43.222030,-43
2021-09-23 20:43:43.222036,-38
2021-09-23 20:43:43.222042,-38
2021-09-23 20:43:43.222048,-48
2021-09-23 20:43:43.222054,-55
2021-09-23 20:43:43.222060,-55
2021-09-23 20:43:43.222066,-57
2021-09-23 20:43:43.222072,-52
2021-09-23 20:43:43.222078,-43
2021-09-23 20:43:43.222084,-43
2021-09-23 20:43:43.222090,-31
2021-09-23 20:43:43.222096,-28
2021-09-23 20:43:43.222102,-50
2021-09-23 20:43:43.222108,-62
2021-09-23 20:43:43.222114,-55
2021-09-23 20:43:43.222126,-48
2021-09-23 20:43:43.222133,-40
2021-09-23 20:43:43.222139,-28
2021-09-23 20:43:43.222145,12
2021-09-23 20:43:43.222151,185
2021-09-23 20:43:43.222157,560
2021-09-23 20:43:43.222163,1005
2021-09-23 20:43:43.222169,901
2021-09-23 20:43:43.222175,-24
2021-09-23 20:43:43.222181,-586
2021-09-23 20:43:43.222187,-211
2021-09-23 20:43:43.222193,-4
2021-09-23 20:43:43.493583,-194
2021-09-23 20:43:43.493605,-153
2021-09-23 20:43:43.493612,-40
2021-09-23 20:43:43.493619,-91
2021-09-23 20:43:43.493625,-96
2021-09-23 20:43:43.493631,-40
2021-09-23 20:43:43.493637,-38
2021-09-23 20:43:43.493643,-43
2021-09-23 20:43:43.493649,-24
2021-09-23 20:43:43.493656,-12
2021-09-23 20:43:43.493662,-7
2021-09-23 20:43:43.493668,-9
2021-09-23 20:43:43.493674,-12
2021-09-23 20:43:43.493680,7
2021-09-23 20:43:43.493686,33
2021-09-23 20:43:43.493692,36
2021-09-23 20:43:43.493698,40
2021-09-23 20:43:43.493704,67
2021-09-23 20:43:43.493710,101
2021-09-23 20:43:43.493717,117
2021-09-23 20:43:43.493723,117
2021-09-23 20:43:43.493729,117
2021-09-23 20:43:43.493734,129
2021-09-23 20:43:43.493740,125
2021-09-23 20:43:43.493746,113
2021-09-23 20:43:43.493752,101
2021-09-23 20:43:43.493758,72
2021-09-23 20:43:43.493764,24
2021-09-23 20:43:43.493770,-16
2021-09-23 20:43:43.493776,-52
2021-09-23 20:43:43.628371,-86
2021-09-23 20:43:43.628392,-98
2021-09-23 20:43:43.628400,-96
2021-09-23 20:43:43.628406,-98
2021-09-23 20:43:43.628412,-101
2021-09-23 20:43:43.628418,-98
2021-09-23 20:43:43.628425,-98
2021-09-23 20:43:43.628431,-96
2021-09-23 20:43:43.628444,-91
2021-09-23 20:43:43.628450,-91
2021-09-23 20:43:43.628457,-96
2021-09-23 20:43:43.628463,-98
2021-09-23 20:43:43.628469,-84
2021-09-23 20:43:43.628475,-69
2021-09-23 20:43:43.628481,-76
2021-09-23 20:43:43.628487,-91
2021-09-23 20:43:43.628493,-81
2021-09-23 20:43:43.628499,-69
2021-09-23 20:43:43.628505,-74
2021-09-23 20:43:43.628510,-72
2021-09-23 20:43:43.628516,-64
2021-09-23 20:43:43.628522,-60
2021-09-23 20:43:43.628528,-50
2021-09-23 20:43:43.628534,-55
2021-09-23 20:43:43.628541,-72
2021-09-23 20:43:43.628547,-74
2021-09-23 20:43:43.628553,-60
2021-09-23 20:43:43.628559,-50
2021-09-23 20:43:43.628565,-45
2021-09-23 20:43:43.628571,-50
2021-09-23 20:43:43.853310,-57
2021-09-23 20:43:43.853343,-45
2021-09-23 20:43:43.853351,-28
2021-09-23 20:43:43.853357,-33
2021-09-23 20:43:43.853363,-48
2021-09-23 20:43:43.853370,-48
2021-09-23 20:43:43.853376,-48
2021-09-23 20:43:43.853382,-55
2021-09-23 20:43:43.853388,-52
2021-09-23 20:43:43.853394,-45
2021-09-23 20:43:43.853400,-43
2021-09-23 20:43:43.853406,-40
2021-09-23 20:43:43.853412,-43
2021-09-23 20:43:43.853418,-48
2021-09-23 20:43:43.853424,-43
2021-09-23 20:43:43.853430,-31
2021-09-23 20:43:43.853436,-24
2021-09-23 20:43:43.853442,-9
2021-09-23 20:43:43.853449,2
2021-09-23 20:43:43.853455,-2
2021-09-23 20:43:43.853461,-16
2021-09-23 20:43:43.853467,-28
2021-09-23 20:43:43.853473,-26
2021-09-23 20:43:43.853479,-14
2021-09-23 20:43:43.853485,-12
2021-09-23 20:43:43.853492,-12
2021-09-23 20:43:43.853498,7
2021-09-23 20:43:43.853504,96
2021-09-23 20:43:43.853516,358
2021-09-23 20:43:43.853523,812
2021-09-23 20:43:44.123423,1024
2021-09-23 20:43:44.123445,317
2021-09-23 20:43:44.123453,-606
2021-09-23 20:43:44.123459,-464
2021-09-23 20:43:44.123465,-16
2021-09-23 20:43:44.123472,-110
2021-09-23 20:43:44.123478,-149
2021-09-23 20:43:44.123484,-24
2021-09-23 20:43:44.123490,-57
2021-09-23 20:43:44.123496,-93
2021-09-23 20:43:44.123502,-33
2021-09-23 20:43:44.123508,-19
2021-09-23 20:43:44.123514,-40
2021-09-23 20:43:44.123520,-14
2021-09-23 20:43:44.123527,9
2021-09-23 20:43:44.123533,2
2021-09-23 20:43:44.123539,9
2021-09-23 20:43:44.123545,26
2021-09-23 20:43:44.123551,28
2021-09-23 20:43:44.123557,43
2021-09-23 20:43:44.123563,67
2021-09-23 20:43:44.123569,74
2021-09-23 20:43:44.123575,69
2021-09-23 20:43:44.123581,72
2021-09-23 20:43:44.123587,88
2021-09-23 20:43:44.123593,117
2021-09-23 20:43:44.123599,134
2021-09-23 20:43:44.123605,132
2021-09-23 20:43:44.123611,120
2021-09-23 20:43:44.123617,117
2021-09-23 20:43:44.348376,103
2021-09-23 20:43:44.348396,52
2021-09-23 20:43:44.348404,14
2021-09-23 20:43:44.348410,-4
2021-09-23 20:43:44.348417,-43
2021-09-23 20:43:44.348423,-79
2021-09-23 20:43:44.348429,-81
2021-09-23 20:43:44.348435,-91
2021-09-23 20:43:44.348441,-127
2021-09-23 20:43:44.348447,-151
2021-09-23 20:43:44.348453,-146
2021-09-23 20:43:44.348459,-139
2021-09-23 20:43:44.348465,-141
2021-09-23 20:43:44.348471,-139
2021-09-23 20:43:44.348477,-134
2021-09-23 20:43:44.348483,-134
2021-09-23 20:43:44.348490,-115
2021-09-23 20:43:44.348496,-91
2021-09-23 20:43:44.348508,-91
2021-09-23 20:43:44.348514,-91
2021-09-23 20:43:44.348520,-76
2021-09-23 20:43:44.348527,-72
2021-09-23 20:43:44.348533,-76
2021-09-23 20:43:44.348539,-67
2021-09-23 20:43:44.348545,-55
2021-09-23 20:43:44.348551,-50
2021-09-23 20:43:44.348557,-57
2021-09-23 20:43:44.348564,-55
2021-09-23 20:43:44.348570,-48
2021-09-23 20:43:44.348576,-43
2021-09-23 20:43:44.573404,-38
2021-09-23 20:43:44.573425,-45
2021-09-23 20:43:44.573432,-62
2021-09-23 20:43:44.573439,-57
2021-09-23 20:43:44.573445,-31
2021-09-23 20:43:44.573452,-28
2021-09-23 20:43:44.573458,-40
2021-09-23 20:43:44.573464,-43
2021-09-23 20:43:44.573470,-43
2021-09-23 20:43:44.573476,-45
2021-09-23 20:43:44.573483,-38
2021-09-23 20:43:44.573489,-31
2021-09-23 20:43:44.573495,-28
2021-09-23 20:43:44.573501,-36
2021-09-23 20:43:44.573507,-55
2021-09-23 20:43:44.573513,-62
2021-09-23 20:43:44.573519,-48
2021-09-23 20:43:44.573525,-26
2021-09-23 20:43:44.573532,-12
2021-09-23 20:43:44.573538,0
2021-09-23 20:43:44.573544,0
2021-09-23 20:43:44.573550,-12
2021-09-23 20:43:44.573556,-24
2021-09-23 20:43:44.573562,-26
2021-09-23 20:43:44.573568,-26
2021-09-23 20:43:44.573574,-24
2021-09-23 20:43:44.573580,-16
2021-09-23 20:43:44.573587,-4
2021-09-23 20:43:44.573593,28
2021-09-23 20:43:44.573599,163
2021-09-23 20:43:44.798271,490
2021-09-23 20:43:44.798290,904
2021-09-23 20:43:44.798297,822
2021-09-23 20:43:44.798314,-91
2021-09-23 20:43:44.798320,-680
2021-09-23 20:43:44.798326,-271
2021-09-23 20:43:44.798332,-2
2021-09-23 20:43:44.798337,-161
2021-09-23 20:43:44.798343,-113
2021-09-23 20:43:44.798349,-12
2021-09-23 20:43:44.798355,-62
2021-09-23 20:43:44.798361,-62
2021-09-23 20:43:44.798367,-16
2021-09-23 20:43:44.798372,-26
2021-09-23 20:43:44.798377,-40
2021-09-23 20:43:44.798382,-28
2021-09-23 20:43:44.798387,-14
2021-09-23 20:43:44.798393,-2
2021-09-23 20:43:44.798398,9
2021-09-23 20:43:44.798404,9
2021-09-23 20:43:44.798409,16
2021-09-23 20:43:44.798415,28
2021-09-23 20:43:44.798421,43
2021-09-23 20:43:44.798426,57
2021-09-23 20:43:44.798432,74
2021-09-23 20:43:44.798437,96
2021-09-23 20:43:44.798443,120
2021-09-23 20:43:44.798449,141
2021-09-23 20:43:44.798455,149
2021-09-23 20:43:44.798460,141
2021-09-23 20:43:45.068469,127
2021-09-23 20:43:45.068491,105
2021-09-23 20:43:45.068499,79
2021-09-23 20:43:45.068505,40
2021-09-23 20:43:45.068511,0
2021-09-23 20:43:45.068579,-38
2021-09-23 20:43:45.068594,-72
2021-09-23 20:43:45.068601,-103
2021-09-23 20:43:45.068607,-125
2021-09-23 20:43:45.068613,-129
2021-09-23 20:43:45.068619,-132
2021-09-23 20:43:45.068625,-129
2021-09-23 20:43:45.068631,-127
2021-09-23 20:43:45.068637,-122
2021-09-23 20:43:45.068643,-127
2021-09-23 20:43:45.068649,-129
2021-09-23 20:43:45.068655,-125
2021-09-23 20:43:45.068661,-115
2021-09-23 20:43:45.068667,-105
2021-09-23 20:43:45.068673,-98
2021-09-23 20:43:45.068679,-86
2021-09-23 20:43:45.068685,-76
2021-09-23 20:43:45.068691,-67
2021-09-23 20:43:45.068697,-50
2021-09-23 20:43:45.068703,-40
2021-09-23 20:43:45.068709,-40
2021-09-23 20:43:45.068714,-40
2021-09-23 20:43:45.068720,-43
2021-09-23 20:43:45.068729,-45
2021-09-23 20:43:45.068735,-45
2021-09-23 20:43:45.337048,-43
2021-09-23 20:43:45.337070,-40
2021-09-23 20:43:45.337078,-40
2021-09-23 20:43:45.337084,-40
2021-09-23 20:43:45.337090,-38
2021-09-23 20:43:45.337096,-45
2021-09-23 20:43:45.337102,-50
2021-09-23 20:43:45.337108,-38
2021-09-23 20:43:45.337114,-36
2021-09-23 20:43:45.337120,-43
2021-09-23 20:43:45.337126,-40
2021-09-23 20:43:45.337132,-38
2021-09-23 20:43:45.337138,-40
2021-09-23 20:43:45.337144,-33
2021-09-23 20:43:45.337150,-24
2021-09-23 20:43:45.337156,-28
2021-09-23 20:43:45.337163,-33
2021-09-23 20:43:45.337169,-38
2021-09-23 20:43:45.337175,-57
2021-09-23 20:43:45.337181,-50
2021-09-23 20:43:45.337187,-24
2021-09-23 20:43:45.337193,-14
2021-09-23 20:43:45.337199,0
2021-09-23 20:43:45.337205,2
2021-09-23 20:43:45.337211,-19
2021-09-23 20:43:45.337217,-26
2021-09-23 20:43:45.337223,-26
2021-09-23 20:43:45.337229,-33
2021-09-23 20:43:45.337235,-19
2021-09-23 20:43:45.337241,4
2021-09-23 20:43:45.518466,33
2021-09-23 20:43:45.518489,153
2021-09-23 20:43:45.518496,495
2021-09-23 20:43:45.518502,1002
2021-09-23 20:43:45.518509,1082
2021-09-23 20:43:45.518515,189
2021-09-23 20:43:45.518521,-618
2021-09-23 20:43:45.518527,-329
2021-09-23 20:43:45.518533,12
2021-09-23 20:43:45.518540,-153
2021-09-23 20:43:45.518546,-161
2021-09-23 20:43:45.518552,-40
2021-09-23 20:43:45.518558,-69
2021-09-23 20:43:45.518564,-91
2021-09-23 20:43:45.518570,-45
2021-09-23 20:43:45.518576,-38
2021-09-23 20:43:45.518582,-38
2021-09-23 20:43:45.518588,-14
2021-09-23 20:43:45.518601,0
2021-09-23 20:43:45.518608,2
2021-09-23 20:43:45.518614,9
2021-09-23 20:43:45.518620,7
2021-09-23 20:43:45.518626,2
2021-09-23 20:43:45.518632,21
2021-09-23 20:43:45.518638,48
2021-09-23 20:43:45.518644,60
2021-09-23 20:43:45.518650,60
2021-09-23 20:43:45.518656,69
2021-09-23 20:43:45.518662,91
2021-09-23 20:43:45.518668,103
2021-09-23 20:43:45.743419,115
2021-09-23 20:43:45.743441,132
2021-09-23 20:43:45.743448,117
2021-09-23 20:43:45.743455,91
2021-09-23 20:43:45.743461,74
2021-09-23 20:43:45.743467,52
2021-09-23 20:43:45.743473,12
2021-09-23 20:43:45.743479,-31
2021-09-23 20:43:45.743485,-67
2021-09-23 20:43:45.743491,-91
2021-09-23 20:43:45.743497,-113
2021-09-23 20:43:45.743503,-137
2021-09-23 20:43:45.743509,-134
2021-09-23 20:43:45.743515,-115
2021-09-23 20:43:45.743521,-115
2021-09-23 20:43:45.743527,-129
2021-09-23 20:43:45.743534,-132
2021-09-23 20:43:45.743540,-122
2021-09-23 20:43:45.743546,-113
2021-09-23 20:43:45.743552,-101
2021-09-23 20:43:45.743558,-93
2021-09-23 20:43:45.743564,-98
2021-09-23 20:43:45.743570,-101
2021-09-23 20:43:45.743576,-98
2021-09-23 20:43:45.743582,-101
2021-09-23 20:43:45.743588,-88
2021-09-23 20:43:45.743594,-69
2021-09-23 20:43:45.743600,-64
2021-09-23 20:43:45.743606,-69
2021-09-23 20:43:45.743612,-52
2021-09-23 20:43:45.923465,-33
2021-09-23 20:43:45.923487,-38
2021-09-23 20:43:45.923495,-43
2021-09-23 20:43:45.923502,-40
2021-09-23 20:43:45.923508,-38
2021-09-23 20:43:45.923514,-43
2021-09-23 20:43:45.923520,-38
2021-09-23 20:43:45.923526,-31
2021-09-23 20:43:45.923532,-26
2021-09-23 20:43:45.923538,-24
2021-09-23 20:43:45.923545,-28
2021-09-23 20:43:45.923551,-31
2021-09-23 20:43:45.923557,-28
2021-09-23 20:43:45.923563,-26
2021-09-23 20:43:45.923569,-24
2021-09-23 20:43:45.923575,-24
2021-09-23 20:43:45.923581,-33
2021-09-23 20:43:45.923587,-33
2021-09-23 20:43:45.923593,-28
2021-09-23 20:43:45.923599,-24
2021-09-23 20:43:45.923605,-16
2021-09-23 20:43:45.923610,-9
2021-09-23 20:43:45.923616,-4
2021-09-23 20:43:45.923622,7
2021-09-23 20:43:45.923628,9
2021-09-23 20:43:45.923634,-9
2021-09-23 20:43:45.923640,-28
2021-09-23 20:43:45.923650,-28
2021-09-23 20:43:45.923657,-19
2021-09-23 20:43:45.923662,-14
2021-09-23 20:43:46.193413,-9
2021-09-23 20:43:46.193434,16
2021-09-23 20:43:46.193442,101
2021-09-23 20:43:46.193448,343
2021-09-23 20:43:46.193455,788
2021-09-23 20:43:46.193461,1065
2021-09-23 20:43:46.193467,435
2021-09-23 20:43:46.193473,-543
2021-09-23 20:43:46.193479,-507
2021-09-23 20:43:46.193485,-55
2021-09-23 20:43:46.193492,-122
2021-09-23 20:43:46.193498,-187
2021-09-23 20:43:46.193504,-50
2021-09-23 20:43:46.193510,-50
2021-09-23 20:43:46.193516,-93
2021-09-23 20:43:46.193522,-48
2021-09-23 20:43:46.193528,-24
2021-09-23 20:43:46.193534,-45
2021-09-23 20:43:46.193540,-33
2021-09-23 20:43:46.193546,-4
2021-09-23 20:43:46.193552,-4
2021-09-23 20:43:46.193558,-16
2021-09-23 20:43:46.193564,-9
2021-09-23 20:43:46.193570,9
2021-09-23 20:43:46.193576,26
2021-09-23 20:43:46.193582,31
2021-09-23 20:43:46.193588,43
2021-09-23 20:43:46.193594,64
2021-09-23 20:43:46.193606,72
2021-09-23 20:43:46.193613,84
2021-09-23 20:43:46.463344,115
2021-09-23 20:43:46.463364,137
2021-09-23 20:43:46.463371,127
2021-09-23 20:43:46.463378,113
2021-09-23 20:43:46.463384,115
2021-09-23 20:43:46.463390,105
2021-09-23 20:43:46.463396,67
2021-09-23 20:43:46.463402,21
2021-09-23 20:43:46.463408,-28
2021-09-23 20:43:46.463414,-64
2021-09-23 20:43:46.463420,-79
2021-09-23 20:43:46.463426,-93
2021-09-23 20:43:46.463432,-108
2021-09-23 20:43:46.463438,-117
2021-09-23 20:43:46.463445,-132
2021-09-23 20:43:46.463451,-134
2021-09-23 20:43:46.463457,-125
2021-09-23 20:43:46.463463,-122
2021-09-23 20:43:46.463469,-115
2021-09-23 20:43:46.463475,-105
2021-09-23 20:43:46.463481,-108
2021-09-23 20:43:46.463486,-98
2021-09-23 20:43:46.463492,-81
2021-09-23 20:43:46.463498,-76
2021-09-23 20:43:46.463504,-69
2021-09-23 20:43:46.463510,-55
2021-09-23 20:43:46.463516,-50
2021-09-23 20:43:46.463522,-55
2021-09-23 20:43:46.463528,-48
2021-09-23 20:43:46.463534,-48
2021-09-23 20:43:46.688422,-52
2021-09-23 20:43:46.688447,-43
2021-09-23 20:43:46.688455,-38
2021-09-23 20:43:46.688462,-50
2021-09-23 20:43:46.688468,-45
2021-09-23 20:43:46.688474,-26
2021-09-23 20:43:46.688480,-28
2021-09-23 20:43:46.688486,-43
2021-09-23 20:43:46.688492,-45
2021-09-23 20:43:46.688498,-36
2021-09-23 20:43:46.688505,-14
2021-09-23 20:43:46.688511,-4
2021-09-23 20:43:46.688517,-36
2021-09-23 20:43:46.688524,-60
2021-09-23 20:43:46.688530,-36
2021-09-23 20:43:46.688536,-14
2021-09-23 20:43:46.688542,-12
2021-09-23 20:43:46.688548,7
2021-09-23 20:43:46.688563,19
2021-09-23 20:43:46.688570,0
2021-09-23 20:43:46.688576,-16
2021-09-23 20:43:46.688582,-14
2021-09-23 20:43:46.688588,-31
2021-09-23 20:43:46.688594,-55
2021-09-23 20:43:46.688600,-43
2021-09-23 20:43:46.688606,-16
2021-09-23 20:43:46.688612,19
2021-09-23 20:43:46.688619,182
2021-09-23 20:43:46.688625,567
2021-09-23 20:43:46.688631,966
2021-09-23 20:43:46.868450,682
2021-09-23 20:43:46.868474,-312
2021-09-23 20:43:46.868482,-651
2021-09-23 20:43:46.868489,-156
2021-09-23 20:43:46.868495,-24
2021-09-23 20:43:46.868502,-173
2021-09-23 20:43:46.868508,-84
2021-09-23 20:43:46.868514,-28
2021-09-23 20:43:46.868520,-84
2021-09-23 20:43:46.868526,-67
2021-09-23 20:43:46.868532,-31
2021-09-23 20:43:46.868538,-31
2021-09-23 20:43:46.868544,-19
2021-09-23 20:43:46.868550,0
2021-09-23 20:43:46.868556,0
2021-09-23 20:43:46.868562,7
2021-09-23 20:43:46.868568,33
2021-09-23 20:43:46.868574,50
2021-09-23 20:43:46.868586,48
2021-09-23 20:43:46.868593,48
2021-09-23 20:43:46.868599,64
2021-09-23 20:43:46.868606,86
2021-09-23 20:43:46.868612,101
2021-09-23 20:43:46.868618,110
2021-09-23 20:43:46.868624,122
2021-09-23 20:43:46.868630,132
2021-09-23 20:43:46.868636,149
2021-09-23 20:43:46.868642,156
2021-09-23 20:43:46.868648,144
2021-09-23 20:43:46.868654,129
2021-09-23 20:43:47.138419,91
2021-09-23 20:43:47.138440,31
2021-09-23 20:43:47.138448,-21
2021-09-23 20:43:47.138454,-72
2021-09-23 20:43:47.138460,-120
2021-09-23 20:43:47.138466,-134
2021-09-23 20:43:47.138472,-137
2021-09-23 20:43:47.138478,-144
2021-09-23 20:43:47.138491,-144
2021-09-23 20:43:47.138498,-141
2021-09-23 20:43:47.138504,-141
2021-09-23 20:43:47.138511,-146
2021-09-23 20:43:47.138517,-141
2021-09-23 20:43:47.138523,-127
2021-09-23 20:43:47.138529,-115
2021-09-23 20:43:47.138535,-108
2021-09-23 20:43:47.138541,-110
2021-09-23 20:43:47.138547,-105
2021-09-23 20:43:47.138553,-88
2021-09-23 20:43:47.138559,-72
2021-09-23 20:43:47.138565,-72
2021-09-23 20:43:47.138571,-72
2021-09-23 20:43:47.138577,-57
2021-09-23 20:43:47.138583,-43
2021-09-23 20:43:47.138588,-40
2021-09-23 20:43:47.138594,-38
2021-09-23 20:43:47.138600,-43
2021-09-23 20:43:47.138606,-55
2021-09-23 20:43:47.138612,-55
2021-09-23 20:43:47.138618,-57
2021-09-23 20:43:47.362080,-57
2021-09-23 20:43:47.362100,-48
2021-09-23 20:43:47.362108,-40
2021-09-23 20:43:47.362114,-36
2021-09-23 20:43:47.362120,-43
2021-09-23 20:43:47.362126,-52
2021-09-23 20:43:47.362132,-43
2021-09-23 20:43:47.362138,-26
2021-09-23 20:43:47.362144,-24
2021-09-23 20:43:47.362150,-19
2021-09-23 20:43:47.362156,-12
2021-09-23 20:43:47.362162,-36
2021-09-23 20:43:47.362168,-57
2021-09-23 20:43:47.362174,-38
2021-09-23 20:43:47.362180,-26
2021-09-23 20:43:47.362186,-33
2021-09-23 20:43:47.362192,-28
2021-09-23 20:43:47.362198,-14
2021-09-23 20:43:47.362205,64
2021-09-23 20:43:47.362211,331
2021-09-23 20:43:47.362217,786
2021-09-23 20:43:47.362223,1026
2021-09-23 20:43:47.362229,372
2021-09-23 20:43:47.362235,-567
2021-09-23 20:43:47.362241,-488
2021-09-23 20:43:47.362247,-24
2021-09-23 20:43:47.362253,-93
2021-09-23 20:43:47.362259,-170
2021-09-23 20:43:47.362273,-48
2021-09-23 20:43:47.362279,-45
2021-09-23 20:43:47.633432,-76
2021-09-23 20:43:47.633453,-28
2021-09-23 20:43:47.633460,-7
2021-09-23 20:43:47.633467,-14
2021-09-23 20:43:47.633473,-12
2021-09-23 20:43:47.633479,-12
2021-09-23 20:43:47.633485,0
2021-09-23 20:43:47.633491,9
2021-09-23 20:43:47.633497,0
2021-09-23 20:43:47.633503,7
2021-09-23 20:43:47.633510,28
2021-09-23 20:43:47.633516,36
2021-09-23 20:43:47.633522,43
2021-09-23 20:43:47.633528,67
2021-09-23 20:43:47.633534,91
2021-09-23 20:43:47.633540,101
2021-09-23 20:43:47.633546,113
2021-09-23 20:43:47.633552,137
2021-09-23 20:43:47.633558,141
2021-09-23 20:43:47.633565,129
2021-09-23 20:43:47.633571,120
2021-09-23 20:43:47.633577,101
2021-09-23 20:43:47.633583,60
2021-09-23 20:43:47.633589,14
2021-09-23 20:43:47.633595,-26
2021-09-23 20:43:47.633601,-62
2021-09-23 20:43:47.633607,-93
2021-09-23 20:43:47.633613,-115
2021-09-23 20:43:47.633619,-125
2021-09-23 20:43:47.633625,-127
2021-09-23 20:43:47.813292,-129
2021-09-23 20:43:47.813311,-132
2021-09-23 20:43:47.813318,-134
2021-09-23 20:43:47.813325,-139
2021-09-23 20:43:47.813331,-144
2021-09-23 20:43:47.813337,-132
2021-09-23 20:43:47.813344,-117
2021-09-23 20:43:47.813350,-115
2021-09-23 20:43:47.813356,-115
2021-09-23 20:43:47.813362,-108
2021-09-23 20:43:47.813368,-98
2021-09-23 20:43:47.813374,-86
2021-09-23 20:43:47.813380,-79
2021-09-23 20:43:47.813386,-69
2021-09-23 20:43:47.813392,-55
2021-09-23 20:43:47.813399,-60
2021-09-23 20:43:47.813405,-72
2021-09-23 20:43:47.813411,-69
2021-09-23 20:43:47.813417,-62
2021-09-23 20:43:47.813423,-67
2021-09-23 20:43:47.813430,-72
2021-09-23 20:43:47.813436,-67
2021-09-23 20:43:47.813442,-62
2021-09-23 20:43:47.813448,-52
2021-09-23 20:43:47.813460,-55
2021-09-23 20:43:47.813466,-60
2021-09-23 20:43:47.813473,-55
2021-09-23 20:43:47.813479,-57
2021-09-23 20:43:47.813485,-60
2021-09-23 20:43:47.813491,-60
2021-09-23 20:43:48.083647,-57
2021-09-23 20:43:48.083668,-48
2021-09-23 20:43:48.083676,-38
2021-09-23 20:43:48.083682,-31
2021-09-23 20:43:48.083688,-21
2021-09-23 20:43:48.083695,-14
2021-09-23 20:43:48.083701,-16
2021-09-23 20:43:48.083707,-21
2021-09-23 20:43:48.083713,-38
2021-09-23 20:43:48.083719,-50
2021-09-23 20:43:48.083725,-45
2021-09-23 20:43:48.083731,-40
2021-09-23 20:43:48.083737,-40
2021-09-23 20:43:48.083744,-19
2021-09-23 20:43:48.083750,55
2021-09-23 20:43:48.083756,269
2021-09-23 20:43:48.083763,687
2021-09-23 20:43:48.083769,1046
2021-09-23 20:43:48.083775,651
2021-09-23 20:43:48.083781,-303
2021-09-23 20:43:48.083787,-509
2021-09-23 20:43:48.083794,-96
2021-09-23 20:43:48.083800,-86
2021-09-23 20:43:48.083806,-206
2021-09-23 20:43:48.083812,-98
2021-09-23 20:43:48.083818,-64
2021-09-23 20:43:48.083823,-110
2021-09-23 20:43:48.083830,-67
2021-09-23 20:43:48.083836,-19
2021-09-23 20:43:48.083842,-36
2021-09-23 20:43:48.263357,-45
2021-09-23 20:43:48.263377,-26
2021-09-23 20:43:48.263385,-28
2021-09-23 20:43:48.263392,-31
2021-09-23 20:43:48.263398,-2
2021-09-23 20:43:48.263404,21
2021-09-23 20:43:48.263410,28
2021-09-23 20:43:48.263416,31
2021-09-23 20:43:48.263430,36
2021-09-23 20:43:48.263437,45
2021-09-23 20:43:48.263443,52
2021-09-23 20:43:48.263450,60
2021-09-23 20:43:48.263456,81
2021-09-23 20:43:48.263462,93
2021-09-23 20:43:48.263468,91
2021-09-23 20:43:48.263474,93
2021-09-23 20:43:48.263480,96
2021-09-23 20:43:48.263486,84
2021-09-23 20:43:48.263493,64
2021-09-23 20:43:48.263499,24
2021-09-23 20:43:48.263505,-33
2021-09-23 20:43:48.263511,-74
2021-09-23 20:43:48.263517,-96
2021-09-23 20:43:48.263523,-113
2021-09-23 20:43:48.263529,-115
2021-09-23 20:43:48.263535,-108
2021-09-23 20:43:48.263541,-115
2021-09-23 20:43:48.263547,-127
2021-09-23 20:43:48.263553,-120
2021-09-23 20:43:48.263559,-115
2021-09-23 20:43:48.488437,-127
2021-09-23 20:43:48.488459,-127
2021-09-23 20:43:48.488467,-120
2021-09-23 20:43:48.488474,-120
2021-09-23 20:43:48.488480,-110
2021-09-23 20:43:48.488486,-96
2021-09-23 20:43:48.488492,-105
2021-09-23 20:43:48.488498,-110
2021-09-23 20:43:48.488504,-103
2021-09-23 20:43:48.488510,-108
2021-09-23 20:43:48.488517,-105
2021-09-23 20:43:48.488523,-81
2021-09-23 20:43:48.488529,-69
2021-09-23 20:43:48.488535,-79
2021-09-23 20:43:48.488541,-84
2021-09-23 20:43:48.488547,-74
2021-09-23 20:43:48.488554,-69
2021-09-23 20:43:48.488560,-74
2021-09-23 20:43:48.488566,-64
2021-09-23 20:43:48.488572,-55
2021-09-23 20:43:48.488578,-67
2021-09-23 20:43:48.488584,-72
2021-09-23 20:43:48.488591,-64
2021-09-23 20:43:48.488597,-52
2021-09-23 20:43:48.488603,-48
2021-09-23 20:43:48.488609,-48
2021-09-23 20:43:48.488615,-52
2021-09-23 20:43:48.488621,-55
2021-09-23 20:43:48.488635,-48
2021-09-23 20:43:48.488641,-45
2021-09-23 20:43:48.803433,-33
2021-09-23 20:43:48.803454,-14
2021-09-23 20:43:48.803462,-14
2021-09-23 20:43:48.803468,-16
2021-09-23 20:43:48.803474,-14
2021-09-23 20:43:48.803480,-26
2021-09-23 20:43:48.803486,-48
2021-09-23 20:43:48.803492,-45
2021-09-23 20:43:48.803498,-33
2021-09-23 20:43:48.803504,-33
2021-09-23 20:43:48.803511,-21
2021-09-23 20:43:48.803517,14
2021-09-23 20:43:48.803523,125
2021-09-23 20:43:48.803529,428
2021-09-23 20:43:48.803535,882
2021-09-23 20:43:48.803541,868
2021-09-23 20:43:48.803547,-38
2021-09-23 20:43:48.803553,-697
2021-09-23 20:43:48.803559,-315
2021-09-23 20:43:48.803565,-16
2021-09-23 20:43:48.803571,-185
2021-09-23 20:43:48.803577,-149
2021-09-23 20:43:48.803583,-33
2021-09-23 20:43:48.803589,-86
2021-09-23 20:43:48.803595,-93
2021-09-23 20:43:48.803601,-31
2021-09-23 20:43:48.803607,-28
2021-09-23 20:43:48.803613,-48
2021-09-23 20:43:48.803619,-31
2021-09-23 20:43:48.803625,-9
2021-09-23 20:43:48.938487,2
2021-09-23 20:43:48.938510,14
2021-09-23 20:43:48.938518,12
2021-09-23 20:43:48.938524,7
2021-09-23 20:43:48.938530,31
2021-09-23 20:43:48.938536,60
2021-09-23 20:43:48.938542,64
2021-09-23 20:43:48.938548,67
2021-09-23 20:43:48.938554,98
2021-09-23 20:43:48.938560,129
2021-09-23 20:43:48.938566,132
2021-09-23 20:43:48.938572,129
2021-09-23 20:43:48.938578,144
2021-09-23 20:43:48.938584,149
2021-09-23 20:43:48.938590,120
2021-09-23 20:43:48.938596,88
2021-09-23 20:43:48.938602,64
2021-09-23 20:43:48.938608,14
2021-09-23 20:43:48.938614,-48
2021-09-23 20:43:48.938620,-76
2021-09-23 20:43:48.938626,-96
2021-09-23 20:43:48.938632,-129
2021-09-23 20:43:48.938638,-144
2021-09-23 20:43:48.938644,-139
2021-09-23 20:43:48.938650,-141
2021-09-23 20:43:48.938656,-134
2021-09-23 20:43:48.938662,-127
2021-09-23 20:43:48.938668,-129
2021-09-23 20:43:48.938674,-120
2021-09-23 20:43:48.938680,-108
2021-09-23 20:43:49.163455,-110
2021-09-23 20:43:49.163476,-108
2021-09-23 20:43:49.163483,-96
2021-09-23 20:43:49.163490,-98
2021-09-23 20:43:49.163497,-110
2021-09-23 20:43:49.163503,-115
2021-09-23 20:43:49.163509,-108
2021-09-23 20:43:49.163515,-84
2021-09-23 20:43:49.163521,-64
2021-09-23 20:43:49.163527,-67
2021-09-23 20:43:49.163533,-81
2021-09-23 20:43:49.163539,-81
2021-09-23 20:43:49.163545,-72
2021-09-23 20:43:49.163551,-64
2021-09-23 20:43:49.163557,-64
2021-09-23 20:43:49.163563,-67
2021-09-23 20:43:49.163569,-64
2021-09-23 20:43:49.163575,-64
2021-09-23 20:43:49.163581,-69
2021-09-23 20:43:49.163587,-67
2021-09-23 20:43:49.163593,-60
2021-09-23 20:43:49.163599,-74
2021-09-23 20:43:49.163604,-96
2021-09-23 20:43:49.163610,-91
2021-09-23 20:43:49.163616,-74
2021-09-23 20:43:49.163622,-72
2021-09-23 20:43:49.163628,-72
2021-09-23 20:43:49.163634,-50
2021-09-23 20:43:49.163640,-33
2021-09-23 20:43:49.163646,-40
2021-09-23 20:43:49.432112,-40
2021-09-23 20:43:49.432134,-31
2021-09-23 20:43:49.432141,-40
2021-09-23 20:43:49.432148,-50
2021-09-23 20:43:49.432154,-45
2021-09-23 20:43:49.432160,-48
2021-09-23 20:43:49.432166,-52
2021-09-23 20:43:49.432172,-33
2021-09-23 20:43:49.432187,31
2021-09-23 20:43:49.432194,218
2021-09-23 20:43:49.432200,601
2021-09-23 20:43:49.432207,973
2021-09-23 20:43:49.432213,666
2021-09-23 20:43:49.432219,-250
2021-09-23 20:43:49.432224,-507
2021-09-23 20:43:49.432230,-103
2021-09-23 20:43:49.432236,-67
2021-09-23 20:43:49.432242,-204
2021-09-23 20:43:49.432248,-98
2021-09-23 20:43:49.432254,-40
2021-09-23 20:43:49.432260,-91
2021-09-23 20:43:49.432266,-72
2021-09-23 20:43:49.432272,-38
2021-09-23 20:43:49.432277,-48
2021-09-23 20:43:49.432283,-45
2021-09-23 20:43:49.432289,-26
2021-09-23 20:43:49.432295,-19
2021-09-23 20:43:49.432301,-16
2021-09-23 20:43:49.432307,-16
2021-09-23 20:43:49.432313,-12
2021-09-23 20:43:49.613463,4
2021-09-23 20:43:49.613485,24
2021-09-23 20:43:49.613492,38
2021-09-23 20:43:49.613499,45
2021-09-23 20:43:49.613505,43
2021-09-23 20:43:49.613511,57
2021-09-23 20:43:49.613517,84
2021-09-23 20:43:49.613523,93
2021-09-23 20:43:49.613529,93
2021-09-23 20:43:49.613535,98
2021-09-23 20:43:49.613541,91
2021-09-23 20:43:49.613547,79
2021-09-23 20:43:49.613553,64
2021-09-23 20:43:49.613559,38
2021-09-23 20:43:49.613565,7
2021-09-23 20:43:49.613571,-28
2021-09-23 20:43:49.613578,-81
2021-09-23 20:43:49.613584,-115
2021-09-23 20:43:49.613590,-113
2021-09-23 20:43:49.613596,-103
2021-09-23 20:43:49.613602,-105
2021-09-23 20:43:49.613608,-108
2021-09-23 20:43:49.613614,-101
2021-09-23 20:43:49.613620,-88
2021-09-23 20:43:49.613626,-74
2021-09-23 20:43:49.613631,-88
2021-09-23 20:43:49.613637,-129
2021-09-23 20:43:49.613643,-141
2021-09-23 20:43:49.613656,-115
2021-09-23 20:43:49.613662,-98
2021-09-23 20:43:49.883522,-98
2021-09-23 20:43:49.883552,-86
2021-09-23 20:43:49.883560,-88
2021-09-23 20:43:49.883567,-103
2021-09-23 20:43:49.883573,-101
2021-09-23 20:43:49.883579,-93
2021-09-23 20:43:49.883585,-88
2021-09-23 20:43:49.883592,-74
2021-09-23 20:43:49.883598,-67
2021-09-23 20:43:49.883604,-72
2021-09-23 20:43:49.883610,-79
2021-09-23 20:43:49.883616,-74
2021-09-23 20:43:49.883622,-64
2021-09-23 20:43:49.883628,-60
2021-09-23 20:43:49.883635,-62
2021-09-23 20:43:49.883641,-64
2021-09-23 20:43:49.883647,-57
2021-09-23 20:43:49.883653,-45
2021-09-23 20:43:49.883660,-43
2021-09-23 20:43:49.883666,-50
2021-09-23 20:43:49.883672,-48
2021-09-23 20:43:49.883678,-40
2021-09-23 20:43:49.883684,-36
2021-09-23 20:43:49.883690,-36
2021-09-23 20:43:49.883696,-38
2021-09-23 20:43:49.883702,-36
2021-09-23 20:43:49.883708,-31
2021-09-23 20:43:49.883714,-36
2021-09-23 20:43:49.883720,-36
2021-09-23 20:43:49.883726,-19
2021-09-23 20:43:50.108458,0
2021-09-23 20:43:50.108480,-12
2021-09-23 20:43:50.108487,-31
2021-09-23 20:43:50.108494,-33
2021-09-23 20:43:50.108500,-19
2021-09-23 20:43:50.108505,-14
2021-09-23 20:43:50.108511,-16
2021-09-23 20:43:50.108517,-2
2021-09-23 20:43:50.108523,74
2021-09-23 20:43:50.108529,310
2021-09-23 20:43:50.108536,735
2021-09-23 20:43:50.108541,995
2021-09-23 20:43:50.108548,435
2021-09-23 20:43:50.108554,-437
2021-09-23 20:43:50.108560,-416
2021-09-23 20:43:50.108566,-21
2021-09-23 20:43:50.108572,-93
2021-09-23 20:43:50.108578,-170
2021-09-23 20:43:50.108591,-52
2021-09-23 20:43:50.108598,-40
2021-09-23 20:43:50.108604,-69
2021-09-23 20:43:50.108610,-40
2021-09-23 20:43:50.108616,-33
2021-09-23 20:43:50.108622,-36
2021-09-23 20:43:50.108628,-12
2021-09-23 20:43:50.108634,-7
2021-09-23 20:43:50.108640,-9
2021-09-23 20:43:50.108646,2
2021-09-23 20:43:50.108652,19
2021-09-23 20:43:50.108658,31
2021-09-23 20:43:50.378116,36
2021-09-23 20:43:50.378137,33
2021-09-23 20:43:50.378144,26
2021-09-23 20:43:50.378151,31
2021-09-23 20:43:50.378158,55
2021-09-23 20:43:50.378164,86
2021-09-23 20:43:50.378170,105
2021-09-23 20:43:50.378177,113
2021-09-23 20:43:50.378183,108
2021-09-23 20:43:50.378189,105
2021-09-23 20:43:50.378195,105
2021-09-23 20:43:50.378201,93
2021-09-23 20:43:50.378207,62
2021-09-23 20:43:50.378213,7
2021-09-23 20:43:50.378219,-40
2021-09-23 20:43:50.378226,-57
2021-09-23 20:43:50.378232,-72
2021-09-23 20:43:50.378238,-91
2021-09-23 20:43:50.378244,-101
2021-09-23 20:43:50.378250,-98
2021-09-23 20:43:50.378256,-103
2021-09-23 20:43:50.378262,-105
2021-09-23 20:43:50.378268,-103
2021-09-23 20:43:50.378275,-98
2021-09-23 20:43:50.378281,-86
2021-09-23 20:43:50.378287,-81
2021-09-23 20:43:50.378293,-86
2021-09-23 20:43:50.378299,-84
2021-09-23 20:43:50.378306,-79
2021-09-23 20:43:50.378312,-93
2021-09-23 20:43:50.558557,-108
2021-09-23 20:43:50.558577,-108
2021-09-23 20:43:50.558585,-98
2021-09-23 20:43:50.558591,-91
2021-09-23 20:43:50.558597,-72
2021-09-23 20:43:50.558604,-62
2021-09-23 20:43:50.558610,-60
2021-09-23 20:43:50.558616,-48
2021-09-23 20:43:50.558628,-38
2021-09-23 20:43:50.558635,-38
2021-09-23 20:43:50.558641,-45
2021-09-23 20:43:50.558648,-43
2021-09-23 20:43:50.558654,-38
2021-09-23 20:43:50.558660,-43
2021-09-23 20:43:50.558666,-38
2021-09-23 20:43:50.558672,-36
2021-09-23 20:43:50.558678,-45
2021-09-23 20:43:50.558684,-43
2021-09-23 20:43:50.558690,-36
2021-09-23 20:43:50.558696,-36
2021-09-23 20:43:50.558702,-31
2021-09-23 20:43:50.558708,-26
2021-09-23 20:43:50.558714,-26
2021-09-23 20:43:50.558720,-26
2021-09-23 20:43:50.558726,-26
2021-09-23 20:43:50.558731,-19
2021-09-23 20:43:50.558737,-4
2021-09-23 20:43:50.558743,2
2021-09-23 20:43:50.558749,0
2021-09-23 20:43:50.558756,-2
2021-09-23 20:43:50.828348,-9
2021-09-23 20:43:50.828368,-21
2021-09-23 20:43:50.828375,-24
2021-09-23 20:43:50.828382,-14
2021-09-23 20:43:50.828388,-4
2021-09-23 20:43:50.828394,-4
2021-09-23 20:43:50.828400,-4
2021-09-23 20:43:50.828406,50
2021-09-23 20:43:50.828412,264
2021-09-23 20:43:50.828418,656
2021-09-23 20:43:50.828425,935
2021-09-23 20:43:50.828431,435
2021-09-23 20:43:50.828437,-548
2021-09-23 20:43:50.828443,-618
2021-09-23 20:43:50.828449,-72
2021-09-23 20:43:50.828455,-52
2021-09-23 20:43:50.828461,-165
2021-09-23 20:43:50.828467,-33
2021-09-23 20:43:50.828474,-14
2021-09-23 20:43:50.828480,-72
2021-09-23 20:43:50.828486,-26
2021-09-23 20:43:50.828492,2
2021-09-23 20:43:50.828498,-14
2021-09-23 20:43:50.828504,9
2021-09-23 20:43:50.828510,31
2021-09-23 20:43:50.828516,21
2021-09-23 20:43:50.828522,24
2021-09-23 20:43:50.828528,45
2021-09-23 20:43:50.828539,55
2021-09-23 20:43:50.828546,57
2021-09-23 20:43:51.008468,74
2021-09-23 20:43:51.008491,96
2021-09-23 20:43:51.008498,113
2021-09-23 20:43:51.008505,117
2021-09-23 20:43:51.008511,117
2021-09-23 20:43:51.008518,144
2021-09-23 20:43:51.008524,170
2021-09-23 20:43:51.008530,161
2021-09-23 20:43:51.008536,151
2021-09-23 20:43:51.008542,146
2021-09-23 20:43:51.008548,122
2021-09-23 20:43:51.008554,86
2021-09-23 20:43:51.008560,48
2021-09-23 20:43:51.008566,-7
2021-09-23 20:43:51.008573,-62
2021-09-23 20:43:51.008579,-81
2021-09-23 20:43:51.008585,-88
2021-09-23 20:43:51.008591,-113
2021-09-23 20:43:51.008597,-125
2021-09-23 20:43:51.008603,-122
2021-09-23 20:43:51.008609,-134
2021-09-23 20:43:51.008615,-141
2021-09-23 20:43:51.008621,-127
2021-09-23 20:43:51.008627,-120
2021-09-23 20:43:51.008633,-115
2021-09-23 20:43:51.008639,-103
2021-09-23 20:43:51.008645,-91
2021-09-23 20:43:51.008651,-84
2021-09-23 20:43:51.008657,-74
2021-09-23 20:43:51.008662,-55
2021-09-23 20:43:51.278475,-48
2021-09-23 20:43:51.278497,-52
2021-09-23 20:43:51.278505,-57
2021-09-23 20:43:51.278511,-57
2021-09-23 20:43:51.278517,-55
2021-09-23 20:43:51.278523,-55
2021-09-23 20:43:51.278529,-43
2021-09-23 20:43:51.278535,-36
2021-09-23 20:43:51.278542,-50
2021-09-23 20:43:51.278548,-57
2021-09-23 20:43:51.278554,-52
2021-09-23 20:43:51.278560,-55
2021-09-23 20:43:51.278566,-48
2021-09-23 20:43:51.278571,-48
2021-09-23 20:43:51.278577,-69
2021-09-23 20:43:51.278583,-74
2021-09-23 20:43:51.278589,-69
2021-09-23 20:43:51.278595,-60
2021-09-23 20:43:51.278611,-28
2021-09-23 20:43:51.278618,-9
2021-09-23 20:43:51.278624,-19
2021-09-23 20:43:51.278630,-24
2021-09-23 20:43:51.278636,-28
2021-09-23 20:43:51.278642,-36
2021-09-23 20:43:51.278648,-36
2021-09-23 20:43:51.278654,-38
2021-09-23 20:43:51.278660,-38
2021-09-23 20:43:51.278666,-21
2021-09-23 20:43:51.278672,4
2021-09-23 20:43:51.278678,74
2021-09-23 20:43:51.502745,322
2021-09-23 20:43:51.502766,743
2021-09-23 20:43:51.502774,827
2021-09-23 20:43:51.502780,14
2021-09-23 20:43:51.502787,-759
2021-09-23 20:43:51.502793,-418
2021-09-23 20:43:51.502799,38
2021-09-23 20:43:51.502805,-91
2021-09-23 20:43:51.502811,-120
2021-09-23 20:43:51.502817,0
2021-09-23 20:43:51.502823,-28
2021-09-23 20:43:51.502829,-55
2021-09-23 20:43:51.502836,4
2021-09-23 20:43:51.502842,16
2021-09-23 20:43:51.502848,-9
2021-09-23 20:43:51.502854,0
2021-09-23 20:43:51.502860,21
2021-09-23 20:43:51.502866,26
2021-09-23 20:43:51.502872,28
2021-09-23 20:43:51.502878,38
2021-09-23 20:43:51.502884,60
2021-09-23 20:43:51.502890,81
2021-09-23 20:43:51.502896,84
2021-09-23 20:43:51.502902,93
2021-09-23 20:43:51.502908,120
2021-09-23 20:43:51.502914,151
2021-09-23 20:43:51.502920,173
2021-09-23 20:43:51.502926,170
2021-09-23 20:43:51.502932,165
2021-09-23 20:43:51.502938,163
2021-09-23 20:43:51.773469,151
2021-09-23 20:43:51.773489,139
2021-09-23 20:43:51.773497,113
2021-09-23 20:43:51.773503,43
2021-09-23 20:43:51.773509,-7
2021-09-23 20:43:51.773516,-38
2021-09-23 20:43:51.773522,-91
2021-09-23 20:43:51.773528,-117
2021-09-23 20:43:51.773540,-132
2021-09-23 20:43:51.773546,-156
2021-09-23 20:43:51.773553,-156
2021-09-23 20:43:51.773559,-137
2021-09-23 20:43:51.773565,-139
2021-09-23 20:43:51.773571,-149
2021-09-23 20:43:51.773577,-149
2021-09-23 20:43:51.773584,-149
2021-09-23 20:43:51.773590,-156
2021-09-23 20:43:51.773596,-153
2021-09-23 20:43:51.773605,-129
2021-09-23 20:43:51.773611,-122
2021-09-23 20:43:51.773617,-151
2021-09-23 20:43:51.773623,-151
2021-09-23 20:43:51.773629,-122
2021-09-23 20:43:51.773635,-115
2021-09-23 20:43:51.773641,-113
2021-09-23 20:43:51.773647,-110
2021-09-23 20:43:51.773653,-122
2021-09-23 20:43:51.773660,-113
2021-09-23 20:43:51.773666,-98
2021-09-23 20:43:51.773672,-113
2021-09-23 20:43:51.953415,-113
2021-09-23 20:43:51.953435,-103
2021-09-23 20:43:51.953442,-113
2021-09-23 20:43:51.953449,-125
2021-09-23 20:43:51.953455,-115
2021-09-23 20:43:51.953461,-79
2021-09-23 20:43:51.953467,-69
2021-09-23 20:43:51.953473,-103
2021-09-23 20:43:51.953479,-110
2021-09-23 20:43:51.953486,-103
2021-09-23 20:43:51.953492,-117
2021-09-23 20:43:51.953498,-122
2021-09-23 20:43:51.953504,-103
2021-09-23 20:43:51.953510,-93
2021-09-23 20:43:51.953516,-108
2021-09-23 20:43:51.953522,-108
2021-09-23 20:43:51.953528,-52
2021-09-23 20:43:51.953534,149
2021-09-23 20:43:51.953540,512
2021-09-23 20:43:51.953546,745
2021-09-23 20:43:51.953553,223
2021-09-23 20:43:51.953559,-673
2021-09-23 20:43:51.953565,-639
2021-09-23 20:43:51.953571,-101
2021-09-23 20:43:51.953577,-113
2021-09-23 20:43:51.953583,-211
2021-09-23 20:43:51.953589,-74
2021-09-23 20:43:51.953595,-62
2021-09-23 20:43:51.953607,-110
2021-09-23 20:43:51.953613,-69
2021-09-23 20:43:52.178505,-57
2021-09-23 20:43:52.178526,-64
2021-09-23 20:43:52.178534,-33
2021-09-23 20:43:52.178540,-19
2021-09-23 20:43:52.178547,-28
2021-09-23 20:43:52.178553,-21
2021-09-23 20:43:52.178559,0
2021-09-23 20:43:52.178565,4
2021-09-23 20:43:52.178571,2
2021-09-23 20:43:52.178577,19
2021-09-23 20:43:52.178583,45
2021-09-23 20:43:52.178589,64
2021-09-23 20:43:52.178595,86
2021-09-23 20:43:52.178601,103
2021-09-23 20:43:52.178608,115
2021-09-23 20:43:52.178614,132
2021-09-23 20:43:52.178619,134
2021-09-23 20:43:52.178625,115
2021-09-23 20:43:52.178631,96
2021-09-23 20:43:52.178637,74
2021-09-23 20:43:52.178643,24
2021-09-23 20:43:52.178649,-33
2021-09-23 20:43:52.178655,-72
2021-09-23 20:43:52.178661,-103
2021-09-23 20:43:52.178667,-139
2021-09-23 20:43:52.178673,-165
2021-09-23 20:43:52.178679,-177
2021-09-23 20:43:52.178685,-194
2021-09-23 20:43:52.178691,-197
2021-09-23 20:43:52.178697,-177
2021-09-23 20:43:52.403541,-170
2021-09-23 20:43:52.403567,-173
2021-09-23 20:43:52.403575,-165
2021-09-23 20:43:52.403581,-158
2021-09-23 20:43:52.403587,-146
2021-09-23 20:43:52.403593,-129
2021-09-23 20:43:52.403598,-120
2021-09-23 20:43:52.403604,-117
2021-09-23 20:43:52.403610,-105
2021-09-23 20:43:52.403616,-86
2021-09-23 20:43:52.403621,-79
2021-09-23 20:43:52.403626,-79
2021-09-23 20:43:52.403632,-81
2021-09-23 20:43:52.403638,-93
2021-09-23 20:43:52.403644,-96
2021-09-23 20:43:52.403649,-93
2021-09-23 20:43:52.403655,-93
2021-09-23 20:43:52.403661,-91
2021-09-23 20:43:52.403679,-93
2021-09-23 20:43:52.403686,-110
2021-09-23 20:43:52.403691,-108
2021-09-23 20:43:52.403697,-84
2021-09-23 20:43:52.403702,-64
2021-09-23 20:43:52.403707,-67
2021-09-23 20:43:52.403713,-69
2021-09-23 20:43:52.403718,-67
2021-09-23 20:43:52.403724,-74
2021-09-23 20:43:52.403729,-86
2021-09-23 20:43:52.403735,-84
2021-09-23 20:43:52.403740,-72
2021-09-23 20:43:52.628354,-72
2021-09-23 20:43:52.628376,-69
2021-09-23 20:43:52.628384,-50
2021-09-23 20:43:52.628390,40
2021-09-23 20:43:52.628397,324
2021-09-23 20:43:52.628403,798
2021-09-23 20:43:52.628409,969
2021-09-23 20:43:52.628416,247
2021-09-23 20:43:52.628422,-572
2021-09-23 20:43:52.628428,-401
2021-09-23 20:43:52.628434,-28
2021-09-23 20:43:52.628440,-153
2021-09-23 20:43:52.628446,-209
2021-09-23 20:43:52.628452,-93
2021-09-23 20:43:52.628458,-96
2021-09-23 20:43:52.628464,-117
2021-09-23 20:43:52.628470,-72
2021-09-23 20:43:52.628476,-62
2021-09-23 20:43:52.628482,-79
2021-09-23 20:43:52.628488,-60
2021-09-23 20:43:52.628495,-48
2021-09-23 20:43:52.628501,-50
2021-09-23 20:43:52.628507,-33
2021-09-23 20:43:52.628513,-16
2021-09-23 20:43:52.628525,-12
2021-09-23 20:43:52.628532,0
2021-09-23 20:43:52.628538,9
2021-09-23 20:43:52.628544,19
2021-09-23 20:43:52.628550,40
2021-09-23 20:43:52.628556,57
2021-09-23 20:43:52.854043,67
2021-09-23 20:43:52.854066,81
2021-09-23 20:43:52.854074,86
2021-09-23 20:43:52.854080,81
2021-09-23 20:43:52.854086,79
2021-09-23 20:43:52.854092,64
2021-09-23 20:43:52.854098,33
2021-09-23 20:43:52.854104,12
2021-09-23 20:43:52.854110,-16
2021-09-23 20:43:52.854116,-57
2021-09-23 20:43:52.854122,-86
2021-09-23 20:43:52.854128,-98
2021-09-23 20:43:52.854134,-110
2021-09-23 20:43:52.854140,-113
2021-09-23 20:43:52.854146,-108
2021-09-23 20:43:52.854151,-108
2021-09-23 20:43:52.854157,-105
2021-09-23 20:43:52.854163,-91
2021-09-23 20:43:52.854168,-74
2021-09-23 20:43:52.854174,-62
2021-09-23 20:43:52.854180,-57
2021-09-23 20:43:52.854185,-52
2021-09-23 20:43:52.854191,-45
2021-09-23 20:43:52.854197,-45
2021-09-23 20:43:52.854202,-57
2021-09-23 20:43:52.854208,-60
2021-09-23 20:43:52.854214,-57
2021-09-23 20:43:52.854220,-57
2021-09-23 20:43:52.854226,-50
2021-09-23 20:43:52.854238,-43
2021-09-23 20:43:53.078521,-43
2021-09-23 20:43:53.078542,-38
2021-09-23 20:43:53.078550,-33
2021-09-23 20:43:53.078556,-33
2021-09-23 20:43:53.078563,-38
2021-09-23 20:43:53.078569,-48
2021-09-23 20:43:53.078575,-48
2021-09-23 20:43:53.078581,-43
2021-09-23 20:43:53.078587,-40
2021-09-23 20:43:53.078593,-40
2021-09-23 20:43:53.078599,-40
2021-09-23 20:43:53.078605,-38
2021-09-23 20:43:53.078611,-26
2021-09-23 20:43:53.078617,-16
2021-09-23 20:43:53.078623,-24
2021-09-23 20:43:53.078630,-31
2021-09-23 20:43:53.078636,-28
2021-09-23 20:43:53.078642,-19
2021-09-23 20:43:53.078648,-9
2021-09-23 20:43:53.078654,-2
2021-09-23 20:43:53.078660,21
2021-09-23 20:43:53.078666,132
2021-09-23 20:43:53.078672,423
2021-09-23 20:43:53.078678,875
2021-09-23 20:43:53.078684,1017
2021-09-23 20:43:53.078690,281
2021-09-23 20:43:53.078696,-517
2021-09-23 20:43:53.078702,-324
2021-09-23 20:43:53.078715,31
2021-09-23 20:43:53.078721,-110
2021-09-23 20:43:53.348507,-141
2021-09-23 20:43:53.348527,-7
2021-09-23 20:43:53.348534,-24
2021-09-23 20:43:53.348541,-57
2021-09-23 20:43:53.348548,-19
2021-09-23 20:43:53.348554,-14
2021-09-23 20:43:53.348560,-24
2021-09-23 20:43:53.348566,-7
2021-09-23 20:43:53.348572,-4
2021-09-23 20:43:53.348578,-12
2021-09-23 20:43:53.348584,-4
2021-09-23 20:43:53.348590,4
2021-09-23 20:43:53.348597,19
2021-09-23 20:43:53.348603,36
2021-09-23 20:43:53.348608,45
2021-09-23 20:43:53.348615,52
2021-09-23 20:43:53.348620,62
2021-09-23 20:43:53.348626,76
2021-09-23 20:43:53.348632,93
2021-09-23 20:43:53.348638,113
2021-09-23 20:43:53.348644,132
2021-09-23 20:43:53.348650,139
2021-09-23 20:43:53.348656,129
2021-09-23 20:43:53.348662,115
2021-09-23 20:43:53.348668,101
2021-09-23 20:43:53.348674,69
2021-09-23 20:43:53.348680,14
2021-09-23 20:43:53.348686,-33
2021-09-23 20:43:53.348692,-57
2021-09-23 20:43:53.348698,-67
2021-09-23 20:43:53.617142,-76
2021-09-23 20:43:53.617163,-76
2021-09-23 20:43:53.617170,-74
2021-09-23 20:43:53.617177,-84
2021-09-23 20:43:53.617183,-96
2021-09-23 20:43:53.617189,-88
2021-09-23 20:43:53.617195,-81
2021-09-23 20:43:53.617201,-81
2021-09-23 20:43:53.617207,-72
2021-09-23 20:43:53.617213,-69
2021-09-23 20:43:53.617219,-79
2021-09-23 20:43:53.617225,-72
2021-09-23 20:43:53.617231,-57
2021-09-23 20:43:53.617237,-57
2021-09-23 20:43:53.617243,-62
2021-09-23 20:43:53.617249,-64
2021-09-23 20:43:53.617255,-60
2021-09-23 20:43:53.617261,-52
2021-09-23 20:43:53.617274,-48
2021-09-23 20:43:53.617280,-33
2021-09-23 20:43:53.617286,-24
2021-09-23 20:43:53.617292,-31
2021-09-23 20:43:53.617298,-33
2021-09-23 20:43:53.617304,-24
2021-09-23 20:43:53.617310,-24
2021-09-23 20:43:53.617316,-26
2021-09-23 20:43:53.617323,-33
2021-09-23 20:43:53.617329,-36
2021-09-23 20:43:53.617335,-36
2021-09-23 20:43:53.617341,-45
2021-09-23 20:43:53.798536,-48
2021-09-23 20:43:53.798559,-36
2021-09-23 20:43:53.798568,-33
2021-09-23 20:43:53.798575,-36
2021-09-23 20:43:53.798583,-26
2021-09-23 20:43:53.798591,-21
2021-09-23 20:43:53.798598,-24
2021-09-23 20:43:53.798605,-16
2021-09-23 20:43:53.798613,-16
2021-09-23 20:43:53.798620,-31
2021-09-23 20:43:53.798628,-31
2021-09-23 20:43:53.798636,-24
2021-09-23 20:43:53.798643,-16
2021-09-23 20:43:53.798650,-14
2021-09-23 20:43:53.798658,-33
2021-09-23 20:43:53.798665,-14
2021-09-23 20:43:53.798672,168
2021-09-23 20:43:53.798680,562
2021-09-23 20:43:53.798688,1031
2021-09-23 20:43:53.798695,945
2021-09-23 20:43:53.798702,-16
2021-09-23 20:43:53.798710,-615
2021-09-23 20:43:53.798717,-221
2021-09-23 20:43:53.798725,12
2021-09-23 20:43:53.798732,-170
2021-09-23 20:43:53.798739,-137
2021-09-23 20:43:53.798747,-48
2021-09-23 20:43:53.798754,-115
2021-09-23 20:43:53.798762,-113
2021-09-23 20:43:53.798769,-45
2021-09-23 20:43:54.023528,-38
2021-09-23 20:43:54.023550,-38
2021-09-23 20:43:54.023558,-19
2021-09-23 20:43:54.023565,-16
2021-09-23 20:43:54.023572,-7
2021-09-23 20:43:54.023578,14
2021-09-23 20:43:54.023585,16
2021-09-23 20:43:54.023591,12
2021-09-23 20:43:54.023598,16
2021-09-23 20:43:54.023604,31
2021-09-23 20:43:54.023610,48
2021-09-23 20:43:54.023616,62
2021-09-23 20:43:54.023623,79
2021-09-23 20:43:54.023629,86
2021-09-23 20:43:54.023635,81
2021-09-23 20:43:54.023641,79
2021-09-23 20:43:54.023647,81
2021-09-23 20:43:54.023653,84
2021-09-23 20:43:54.023660,86
2021-09-23 20:43:54.023665,76
2021-09-23 20:43:54.023672,50
2021-09-23 20:43:54.023678,9
2021-09-23 20:43:54.023684,-31
2021-09-23 20:43:54.023690,-64
2021-09-23 20:43:54.023696,-91
2021-09-23 20:43:54.023702,-110
2021-09-23 20:43:54.023708,-115
2021-09-23 20:43:54.023714,-103
2021-09-23 20:43:54.023721,-91
2021-09-23 20:43:54.023727,-91
2021-09-23 20:43:54.248531,-98
2021-09-23 20:43:54.248552,-101
2021-09-23 20:43:54.248560,-103
2021-09-23 20:43:54.248566,-113
2021-09-23 20:43:54.248572,-115
2021-09-23 20:43:54.248578,-101
2021-09-23 20:43:54.248584,-91
2021-09-23 20:43:54.248591,-101
2021-09-23 20:43:54.248597,-98
2021-09-23 20:43:54.248603,-79
2021-09-23 20:43:54.248609,-69
2021-09-23 20:43:54.248615,-69
2021-09-23 20:43:54.248621,-62
2021-09-23 20:43:54.248627,-60
2021-09-23 20:43:54.248633,-60
2021-09-23 20:43:54.248639,-50
2021-09-23 20:43:54.248645,-40
2021-09-23 20:43:54.248651,-36
2021-09-23 20:43:54.248657,-38
2021-09-23 20:43:54.248663,-43
2021-09-23 20:43:54.248669,-52
2021-09-23 20:43:54.248675,-50
2021-09-23 20:43:54.248681,-40
2021-09-23 20:43:54.248687,-50
2021-09-23 20:43:54.248693,-57
2021-09-23 20:43:54.248699,-40
2021-09-23 20:43:54.248705,-33
2021-09-23 20:43:54.248711,-38
2021-09-23 20:43:54.248723,-36
2021-09-23 20:43:54.248730,-28
2021-09-23 20:43:54.518532,-36
2021-09-23 20:43:54.518555,-38
2021-09-23 20:43:54.518562,-36
2021-09-23 20:43:54.518569,-38
2021-09-23 20:43:54.518575,-33
2021-09-23 20:43:54.518581,-16
2021-09-23 20:43:54.518587,-9
2021-09-23 20:43:54.518593,-16
2021-09-23 20:43:54.518599,-26
2021-09-23 20:43:54.518605,-36
2021-09-23 20:43:54.518611,-43
2021-09-23 20:43:54.518618,-50
2021-09-23 20:43:54.518624,-57
2021-09-23 20:43:54.518630,-50
2021-09-23 20:43:54.518636,-40
2021-09-23 20:43:54.518642,-28
2021-09-23 20:43:54.518648,55
2021-09-23 20:43:54.518654,312
2021-09-23 20:43:54.518660,738
2021-09-23 20:43:54.518665,985
2021-09-23 20:43:54.518671,358
2021-09-23 20:43:54.518677,-610
2021-09-23 20:43:54.518683,-541
2021-09-23 20:43:54.518689,-33
2021-09-23 20:43:54.518695,-101
2021-09-23 20:43:54.518701,-185
2021-09-23 20:43:54.518707,-45
2021-09-23 20:43:54.518713,-43
2021-09-23 20:43:54.518719,-79
2021-09-23 20:43:54.518725,-21
2021-09-23 20:43:54.698524,-4
2021-09-23 20:43:54.698546,-33
2021-09-23 20:43:54.698554,-19
2021-09-23 20:43:54.698561,7
2021-09-23 20:43:54.698567,12
2021-09-23 20:43:54.698573,14
2021-09-23 20:43:54.698585,16
2021-09-23 20:43:54.698592,19
2021-09-23 20:43:54.698599,28
2021-09-23 20:43:54.698605,36
2021-09-23 20:43:54.698611,52
2021-09-23 20:43:54.698617,72
2021-09-23 20:43:54.698623,88
2021-09-23 20:43:54.698629,108
2021-09-23 20:43:54.698635,127
2021-09-23 20:43:54.698642,132
2021-09-23 20:43:54.698648,122
2021-09-23 20:43:54.698654,115
2021-09-23 20:43:54.698663,110
2021-09-23 20:43:54.698669,96
2021-09-23 20:43:54.698675,69
2021-09-23 20:43:54.698681,28
2021-09-23 20:43:54.698688,-19
2021-09-23 20:43:54.698694,-55
2021-09-23 20:43:54.698700,-79
2021-09-23 20:43:54.698706,-93
2021-09-23 20:43:54.698712,-105
2021-09-23 20:43:54.698718,-120
2021-09-23 20:43:54.698724,-125
2021-09-23 20:43:54.698730,-115
2021-09-23 20:43:54.968516,-113
2021-09-23 20:43:54.968538,-105
2021-09-23 20:43:54.968546,-103
2021-09-23 20:43:54.968552,-101
2021-09-23 20:43:54.968558,-93
2021-09-23 20:43:54.968564,-86
2021-09-23 20:43:54.968570,-76
2021-09-23 20:43:54.968576,-60
2021-09-23 20:43:54.968583,-55
2021-09-23 20:43:54.968589,-60
2021-09-23 20:43:54.968595,-55
2021-09-23 20:43:54.968600,-50
2021-09-23 20:43:54.968606,-55
2021-09-23 20:43:54.968612,-52
2021-09-23 20:43:54.968618,-55
2021-09-23 20:43:54.968624,-64
2021-09-23 20:43:54.968631,-60
2021-09-23 20:43:54.968636,-50
2021-09-23 20:43:54.968643,-50
2021-09-23 20:43:54.968648,-52
2021-09-23 20:43:54.968655,-48
2021-09-23 20:43:54.968660,-48
2021-09-23 20:43:54.968667,-45
2021-09-23 20:43:54.968673,-31
2021-09-23 20:43:54.968679,-19
2021-09-23 20:43:54.968685,-16
2021-09-23 20:43:54.968691,-16
2021-09-23 20:43:54.968697,-24
2021-09-23 20:43:54.968703,-43
2021-09-23 20:43:54.968708,-55
2021-09-23 20:43:55.193519,-43
2021-09-23 20:43:55.193540,-33
2021-09-23 20:43:55.193548,-45
2021-09-23 20:43:55.193555,-48
2021-09-23 20:43:55.193561,-9
2021-09-23 20:43:55.193567,139
2021-09-23 20:43:55.193574,483
2021-09-23 20:43:55.193580,901
2021-09-23 20:43:55.193595,745
2021-09-23 20:43:55.193602,-230
2021-09-23 20:43:55.193608,-716
2021-09-23 20:43:55.193614,-228
2021-09-23 20:43:55.193620,0
2021-09-23 20:43:55.193626,-175
2021-09-23 20:43:55.193632,-117
2021-09-23 20:43:55.193638,-26
2021-09-23 20:43:55.193645,-84
2021-09-23 20:43:55.193651,-79
2021-09-23 20:43:55.193657,-24
2021-09-23 20:43:55.193663,-24
2021-09-23 20:43:55.193669,-24
2021-09-23 20:43:55.193675,-2
2021-09-23 20:43:55.193681,-2
2021-09-23 20:43:55.193686,-4
2021-09-23 20:43:55.193693,19
2021-09-23 20:43:55.193699,36
2021-09-23 20:43:55.193705,40
2021-09-23 20:43:55.193711,52
2021-09-23 20:43:55.193717,67
2021-09-23 20:43:55.193723,86
2021-09-23 20:43:55.463565,103
2021-09-23 20:43:55.463586,110
2021-09-23 20:43:55.463594,125
2021-09-23 20:43:55.463600,134
2021-09-23 20:43:55.463606,122
2021-09-23 20:43:55.463612,125
2021-09-23 20:43:55.463618,129
2021-09-23 20:43:55.463624,103
2021-09-23 20:43:55.463631,62
2021-09-23 20:43:55.463637,12
2021-09-23 20:43:55.463643,-38
2021-09-23 20:43:55.463649,-64
2021-09-23 20:43:55.463655,-88
2021-09-23 20:43:55.463661,-113
2021-09-23 20:43:55.463667,-127
2021-09-23 20:43:55.463673,-134
2021-09-23 20:43:55.463679,-141
2021-09-23 20:43:55.463685,-149
2021-09-23 20:43:55.463691,-139
2021-09-23 20:43:55.463697,-115
2021-09-23 20:43:55.463703,-113
2021-09-23 20:43:55.463709,-117
2021-09-23 20:43:55.463715,-110
2021-09-23 20:43:55.463721,-93
2021-09-23 20:43:55.463727,-74
2021-09-23 20:43:55.463733,-60
2021-09-23 20:43:55.463739,-60
2021-09-23 20:43:55.463745,-62
2021-09-23 20:43:55.463759,-48
2021-09-23 20:43:55.463766,-36
2021-09-23 20:43:55.687154,-38
2021-09-23 20:43:55.687174,-40
2021-09-23 20:43:55.687182,-48
2021-09-23 20:43:55.687188,-48
2021-09-23 20:43:55.687194,-38
2021-09-23 20:43:55.687200,-33
2021-09-23 20:43:55.687206,-31
2021-09-23 20:43:55.687213,-36
2021-09-23 20:43:55.687219,-40
2021-09-23 20:43:55.687225,-43
2021-09-23 20:43:55.687231,-40
2021-09-23 20:43:55.687237,-38
2021-09-23 20:43:55.687250,-40
2021-09-23 20:43:55.687257,-43
2021-09-23 20:43:55.687263,-33
2021-09-23 20:43:55.687269,-19
2021-09-23 20:43:55.687276,-19
2021-09-23 20:43:55.687281,-26
2021-09-23 20:43:55.687287,-21
2021-09-23 20:43:55.687293,-26
2021-09-23 20:43:55.687299,-48
2021-09-23 20:43:55.687305,-62
2021-09-23 20:43:55.687311,-52
2021-09-23 20:43:55.687317,-43
2021-09-23 20:43:55.687323,-36
2021-09-23 20:43:55.687329,-16
2021-09-23 20:43:55.687335,64
2021-09-23 20:43:55.687341,319
2021-09-23 20:43:55.687347,771
2021-09-23 20:43:55.687354,1058
2021-09-23 20:43:55.868504,476
2021-09-23 20:43:55.868525,-483
2021-09-23 20:43:55.868532,-485
2021-09-23 20:43:55.868538,-33
2021-09-23 20:43:55.868631,-98
2021-09-23 20:43:55.868638,-189
2021-09-23 20:43:55.868644,-64
2021-09-23 20:43:55.868649,-67
2021-09-23 20:43:55.868656,-122
2021-09-23 20:43:55.868661,-72
2021-09-23 20:43:55.868667,-43
2021-09-23 20:43:55.868673,-64
2021-09-23 20:43:55.868679,-45
2021-09-23 20:43:55.868685,-16
2021-09-23 20:43:55.868691,-26
2021-09-23 20:43:55.868696,-26
2021-09-23 20:43:55.868702,-7
2021-09-23 20:43:55.868771,-7
2021-09-23 20:43:55.868780,-2
2021-09-23 20:43:55.868786,19
2021-09-23 20:43:55.868793,36
2021-09-23 20:43:55.868799,45
2021-09-23 20:43:55.868806,62
2021-09-23 20:43:55.868812,84
2021-09-23 20:43:55.868818,105
2021-09-23 20:43:55.868824,117
2021-09-23 20:43:55.868831,113
2021-09-23 20:43:55.868837,105
2021-09-23 20:43:55.868843,101
2021-09-23 20:43:55.868849,91
2021-09-23 20:43:56.138545,64
2021-09-23 20:43:56.138566,24
2021-09-23 20:43:56.138574,-24
2021-09-23 20:43:56.138580,-57
2021-09-23 20:43:56.138586,-74
2021-09-23 20:43:56.138592,-81
2021-09-23 20:43:56.138598,-88
2021-09-23 20:43:56.138604,-96
2021-09-23 20:43:56.138610,-103
2021-09-23 20:43:56.138616,-101
2021-09-23 20:43:56.138622,-88
2021-09-23 20:43:56.138628,-81
2021-09-23 20:43:56.138634,-84
2021-09-23 20:43:56.138640,-91
2021-09-23 20:43:56.138646,-93
2021-09-23 20:43:56.138652,-79
2021-09-23 20:43:56.138658,-64
2021-09-23 20:43:56.138664,-64
2021-09-23 20:43:56.138670,-69
2021-09-23 20:43:56.138676,-72
2021-09-23 20:43:56.138682,-67
2021-09-23 20:43:56.138688,-52
2021-09-23 20:43:56.138694,-43
2021-09-23 20:43:56.138700,-45
2021-09-23 20:43:56.138706,-40
2021-09-23 20:43:56.138712,-38
2021-09-23 20:43:56.138718,-38
2021-09-23 20:43:56.138724,-26
2021-09-23 20:43:56.138730,-21
2021-09-23 20:43:56.138736,-28
2021-09-23 20:43:56.318516,-31
2021-09-23 20:43:56.318538,-24
2021-09-23 20:43:56.318545,-24
2021-09-23 20:43:56.318552,-31
2021-09-23 20:43:56.318558,-31
2021-09-23 20:43:56.318564,-26
2021-09-23 20:43:56.318570,-40
2021-09-23 20:43:56.318576,-57
2021-09-23 20:43:56.318589,-48
2021-09-23 20:43:56.318596,-36
2021-09-23 20:43:56.318602,-31
2021-09-23 20:43:56.318608,-28
2021-09-23 20:43:56.318615,-21
2021-09-23 20:43:56.318621,-16
2021-09-23 20:43:56.318627,-14
2021-09-23 20:43:56.318633,-26
2021-09-23 20:43:56.318639,-38
2021-09-23 20:43:56.318645,-33
2021-09-23 20:43:56.318651,-28
2021-09-23 20:43:56.318657,-36
2021-09-23 20:43:56.318664,-28
2021-09-23 20:43:56.318670,12
2021-09-23 20:43:56.318676,156
2021-09-23 20:43:56.318682,507
2021-09-23 20:43:56.318688,981
2021-09-23 20:43:56.318694,966
2021-09-23 20:43:56.318700,62
2021-09-23 20:43:56.318707,-598
2021-09-23 20:43:56.318713,-254
2021-09-23 20:43:56.318719,12
2021-09-23 20:43:56.543528,-173
2021-09-23 20:43:56.543549,-153
2021-09-23 20:43:56.543557,-26
2021-09-23 20:43:56.543564,-62
2021-09-23 20:43:56.543570,-76
2021-09-23 20:43:56.543576,-31
2021-09-23 20:43:56.543582,-31
2021-09-23 20:43:56.543588,-36
2021-09-23 20:43:56.543594,-12
2021-09-23 20:43:56.543601,-2
2021-09-23 20:43:56.543607,0
2021-09-23 20:43:56.543613,14
2021-09-23 20:43:56.543619,14
2021-09-23 20:43:56.543625,7
2021-09-23 20:43:56.543631,14
2021-09-23 20:43:56.543637,38
2021-09-23 20:43:56.543643,62
2021-09-23 20:43:56.543649,72
2021-09-23 20:43:56.543661,86
2021-09-23 20:43:56.543668,115
2021-09-23 20:43:56.543674,134
2021-09-23 20:43:56.543680,137
2021-09-23 20:43:56.543687,127
2021-09-23 20:43:56.543693,113
2021-09-23 20:43:56.543699,101
2021-09-23 20:43:56.543705,84
2021-09-23 20:43:56.543711,55
2021-09-23 20:43:56.543717,21
2021-09-23 20:43:56.543726,-14
2021-09-23 20:43:56.543733,-45
2021-09-23 20:43:56.768531,-60
2021-09-23 20:43:56.768551,-62
2021-09-23 20:43:56.768559,-69
2021-09-23 20:43:56.768565,-84
2021-09-23 20:43:56.768572,-93
2021-09-23 20:43:56.768578,-93
2021-09-23 20:43:56.768584,-93
2021-09-23 20:43:56.768590,-93
2021-09-23 20:43:56.768596,-91
2021-09-23 20:43:56.768602,-86
2021-09-23 20:43:56.768608,-84
2021-09-23 20:43:56.768614,-86
2021-09-23 20:43:56.768621,-84
2021-09-23 20:43:56.768627,-74
2021-09-23 20:43:56.768633,-72
2021-09-23 20:43:56.768639,-67
2021-09-23 20:43:56.768645,-60
2021-09-23 20:43:56.768651,-60
2021-09-23 20:43:56.768657,-60
2021-09-23 20:43:56.768663,-52
2021-09-23 20:43:56.768669,-43
2021-09-23 20:43:56.768675,-43
2021-09-23 20:43:56.768684,-50
2021-09-23 20:43:56.768690,-50
2021-09-23 20:43:56.768696,-48
2021-09-23 20:43:56.768702,-55
2021-09-23 20:43:56.768708,-60
2021-09-23 20:43:56.768714,-57
2021-09-23 20:43:56.768720,-52
2021-09-23 20:43:56.768726,-55
2021-09-23 20:43:56.993567,-50
2021-09-23 20:43:56.993588,-43
2021-09-23 20:43:56.993595,-40
2021-09-23 20:43:56.993602,-40
2021-09-23 20:43:56.993609,-40
2021-09-23 20:43:56.993615,-43
2021-09-23 20:43:56.993621,-43
2021-09-23 20:43:56.993627,-36
2021-09-23 20:43:56.993633,-36
2021-09-23 20:43:56.993639,-45
2021-09-23 20:43:56.993645,-52
2021-09-23 20:43:56.993651,-50
2021-09-23 20:43:56.993657,-38
2021-09-23 20:43:56.993663,-21
2021-09-23 20:43:56.993669,-7
2021-09-23 20:43:56.993675,4
2021-09-23 20:43:56.993681,9
2021-09-23 20:43:56.993687,-7
2021-09-23 20:43:56.993693,-28
2021-09-23 20:43:56.993699,-33
2021-09-23 20:43:56.993706,-21
2021-09-23 20:43:56.993712,-12
2021-09-23 20:43:56.993718,-7
2021-09-23 20:43:56.993724,19
2021-09-23 20:43:56.993730,101
2021-09-23 20:43:56.993736,334
2021-09-23 20:43:56.993742,786
2021-09-23 20:43:56.993748,1120
2021-09-23 20:43:56.993754,574
2021-09-23 20:43:56.993760,-452
2021-09-23 20:43:57.218410,-514
2021-09-23 20:43:57.218432,-24
2021-09-23 20:43:57.218439,-67
2021-09-23 20:43:57.218445,-189
2021-09-23 20:43:57.218452,-62
2021-09-23 20:43:57.218458,-36
2021-09-23 20:43:57.218464,-79
2021-09-23 20:43:57.218470,-36
2021-09-23 20:43:57.218476,-12
2021-09-23 20:43:57.218482,-38
2021-09-23 20:43:57.218489,-31
2021-09-23 20:43:57.218495,-2
2021-09-23 20:43:57.218501,4
2021-09-23 20:43:57.218507,9
2021-09-23 20:43:57.218513,21
2021-09-23 20:43:57.218519,26
2021-09-23 20:43:57.218526,36
2021-09-23 20:43:57.218532,55
2021-09-23 20:43:57.218538,67
2021-09-23 20:43:57.218544,76
2021-09-23 20:43:57.218550,98
2021-09-23 20:43:57.218556,110
2021-09-23 20:43:57.218562,122
2021-09-23 20:43:57.218568,134
2021-09-23 20:43:57.218575,122
2021-09-23 20:43:57.218581,108
2021-09-23 20:43:57.218587,110
2021-09-23 20:43:57.218593,93
2021-09-23 20:43:57.218599,67
2021-09-23 20:43:57.218605,45
2021-09-23 20:43:57.488568,0
2021-09-23 20:43:57.488589,-43
2021-09-23 20:43:57.488597,-62
2021-09-23 20:43:57.488603,-86
2021-09-23 20:43:57.488609,-103
2021-09-23 20:43:57.488616,-108
2021-09-23 20:43:57.488622,-108
2021-09-23 20:43:57.488628,-101
2021-09-23 20:43:57.488642,-105
2021-09-23 20:43:57.488648,-117
2021-09-23 20:43:57.488654,-105
2021-09-23 20:43:57.488660,-84
2021-09-23 20:43:57.488666,-76
2021-09-23 20:43:57.488672,-74
2021-09-23 20:43:57.488678,-74
2021-09-23 20:43:57.488684,-81
2021-09-23 20:43:57.488690,-76
2021-09-23 20:43:57.488696,-67
2021-09-23 20:43:57.488702,-64
2021-09-23 20:43:57.488708,-57
2021-09-23 20:43:57.488714,-48
2021-09-23 20:43:57.488720,-55
2021-09-23 20:43:57.488726,-62
2021-09-23 20:43:57.488732,-52
2021-09-23 20:43:57.488741,-36
2021-09-23 20:43:57.488748,-28
2021-09-23 20:43:57.488754,-36
2021-09-23 20:43:57.488760,-45
2021-09-23 20:43:57.488766,-43
2021-09-23 20:43:57.488772,-31
2021-09-23 20:43:57.757118,-31
2021-09-23 20:43:57.757137,-38
2021-09-23 20:43:57.757144,-48
2021-09-23 20:43:57.757151,-48
2021-09-23 20:43:57.757157,-36
2021-09-23 20:43:57.757163,-28
2021-09-23 20:43:57.757169,-31
2021-09-23 20:43:57.757175,-36
2021-09-23 20:43:57.757181,-38
2021-09-23 20:43:57.757187,-36
2021-09-23 20:43:57.757193,-31
2021-09-23 20:43:57.757199,-26
2021-09-23 20:43:57.757205,-24
2021-09-23 20:43:57.757211,-24
2021-09-23 20:43:57.757217,-28
2021-09-23 20:43:57.757224,-33
2021-09-23 20:43:57.757230,-31
2021-09-23 20:43:57.757236,-28
2021-09-23 20:43:57.757242,-19
2021-09-23 20:43:57.757248,-4
2021-09-23 20:43:57.757254,9
2021-09-23 20:43:57.757260,16
2021-09-23 20:43:57.757266,12
2021-09-23 20:43:57.757272,-4
2021-09-23 20:43:57.757278,-16
2021-09-23 20:43:57.757284,-9
2021-09-23 20:43:57.757290,-9
2021-09-23 20:43:57.757296,-9
2021-09-23 20:43:57.757309,9
2021-09-23 20:43:57.757315,55
2021-09-23 20:43:57.938644,216
2021-09-23 20:43:57.938666,596
2021-09-23 20:43:57.938674,1024
2021-09-23 20:43:57.938680,771
2021-09-23 20:43:57.938687,-264
2021-09-23 20:43:57.938693,-656
2021-09-23 20:43:57.938700,-161
2021-09-23 20:43:57.938706,-21
2021-09-23 20:43:57.938712,-185
2021-09-23 20:43:57.938718,-98
2021-09-23 20:43:57.938725,-26
2021-09-23 20:43:57.938731,-76
2021-09-23 20:43:57.938737,-52
2021-09-23 20:43:57.938743,-14
2021-09-23 20:43:57.938749,-33
2021-09-23 20:43:57.938755,-31
2021-09-23 20:43:57.938762,-4
2021-09-23 20:43:57.938768,-2
2021-09-23 20:43:57.938774,2
2021-09-23 20:43:57.938780,21
2021-09-23 20:43:57.938787,33
2021-09-23 20:43:57.938793,43
2021-09-23 20:43:57.938799,60
2021-09-23 20:43:57.938805,76
2021-09-23 20:43:57.938811,86
2021-09-23 20:43:57.938817,91
2021-09-23 20:43:57.938824,113
2021-09-23 20:43:57.938830,129
2021-09-23 20:43:57.938836,132
2021-09-23 20:43:57.938842,139
2021-09-23 20:43:58.208562,139
2021-09-23 20:43:58.208583,120
2021-09-23 20:43:58.208590,103
2021-09-23 20:43:58.208597,79
2021-09-23 20:43:58.208603,52
2021-09-23 20:43:58.208609,16
2021-09-23 20:43:58.208615,-33
2021-09-23 20:43:58.208621,-81
2021-09-23 20:43:58.208627,-98
2021-09-23 20:43:58.208633,-98
2021-09-23 20:43:58.208639,-110
2021-09-23 20:43:58.208645,-122
2021-09-23 20:43:58.208651,-115
2021-09-23 20:43:58.208657,-108
2021-09-23 20:43:58.208663,-113
2021-09-23 20:43:58.208669,-115
2021-09-23 20:43:58.208675,-110
2021-09-23 20:43:58.208681,-93
2021-09-23 20:43:58.208692,-91
2021-09-23 20:43:58.208699,-101
2021-09-23 20:43:58.208705,-96
2021-09-23 20:43:58.208711,-84
2021-09-23 20:43:58.208717,-74
2021-09-23 20:43:58.208724,-64
2021-09-23 20:43:58.208729,-57
2021-09-23 20:43:58.208735,-50
2021-09-23 20:43:58.208741,-48
2021-09-23 20:43:58.208747,-52
2021-09-23 20:43:58.208753,-48
2021-09-23 20:43:58.208759,-38
2021-09-23 20:43:58.388562,-45
2021-09-23 20:43:58.388582,-52
2021-09-23 20:43:58.388590,-40
2021-09-23 20:43:58.388597,-33
2021-09-23 20:43:58.388603,-36
2021-09-23 20:43:58.388609,-33
2021-09-23 20:43:58.388616,-45
2021-09-23 20:43:58.388622,-55
2021-09-23 20:43:58.388628,-50
2021-09-23 20:43:58.388634,-50
2021-09-23 20:43:58.388640,-50
2021-09-23 20:43:58.388647,-50
2021-09-23 20:43:58.388653,-55
2021-09-23 20:43:58.388659,-50
2021-09-23 20:43:58.388665,-45
2021-09-23 20:43:58.388671,-40
2021-09-23 20:43:58.388677,-28
2021-09-23 20:43:58.388682,-31
2021-09-23 20:43:58.388688,-43
2021-09-23 20:43:58.388694,-40
2021-09-23 20:43:58.388701,-43
2021-09-23 20:43:58.388707,-43
2021-09-23 20:43:58.388713,-16
2021-09-23 20:43:58.388719,4
2021-09-23 20:43:58.388725,-2
2021-09-23 20:43:58.388731,-4
2021-09-23 20:43:58.388737,0
2021-09-23 20:43:58.388744,-16
2021-09-23 20:43:58.388750,-31
2021-09-23 20:43:58.388756,-21
2021-09-23 20:43:58.658502,-14
2021-09-23 20:43:58.658521,-2
2021-09-23 20:43:58.658529,21
2021-09-23 20:43:58.658535,108
2021-09-23 20:43:58.658541,387
2021-09-23 20:43:58.658547,877
2021-09-23 20:43:58.658554,1144
2021-09-23 20:43:58.658560,442
2021-09-23 20:43:58.658569,-560
2021-09-23 20:43:58.658576,-478
2021-09-23 20:43:58.658582,-24
2021-09-23 20:43:58.658588,-129
2021-09-23 20:43:58.658597,-197
2021-09-23 20:43:58.658603,-50
2021-09-23 20:43:58.658609,-48
2021-09-23 20:43:58.658615,-93
2021-09-23 20:43:58.658621,-50
2021-09-23 20:43:58.658627,-28
2021-09-23 20:43:58.658633,-38
2021-09-23 20:43:58.658639,-26
2021-09-23 20:43:58.658645,-14
2021-09-23 20:43:58.658651,-14
2021-09-23 20:43:58.658657,-2
2021-09-23 20:43:58.658663,9
2021-09-23 20:43:58.658669,19
2021-09-23 20:43:58.658675,33
2021-09-23 20:43:58.658681,45
2021-09-23 20:43:58.658687,50
2021-09-23 20:43:58.658693,62
2021-09-23 20:43:58.658698,84
2021-09-23 20:43:58.838441,101
2021-09-23 20:43:58.838461,113
2021-09-23 20:43:58.838468,127
2021-09-23 20:43:58.838475,129
2021-09-23 20:43:58.838481,113
2021-09-23 20:43:58.838487,91
2021-09-23 20:43:58.838493,72
2021-09-23 20:43:58.838499,48
2021-09-23 20:43:58.838506,14
2021-09-23 20:43:58.838512,-21
2021-09-23 20:43:58.838518,-57
2021-09-23 20:43:58.838524,-98
2021-09-23 20:43:58.838530,-125
2021-09-23 20:43:58.838537,-122
2021-09-23 20:43:58.838543,-127
2021-09-23 20:43:58.838549,-139
2021-09-23 20:43:58.838555,-141
2021-09-23 20:43:58.838561,-139
2021-09-23 20:43:58.838567,-129
2021-09-23 20:43:58.838573,-115
2021-09-23 20:43:58.838579,-110
2021-09-23 20:43:58.838585,-108
2021-09-23 20:43:58.838591,-101
2021-09-23 20:43:58.838597,-93
2021-09-23 20:43:58.838603,-81
2021-09-23 20:43:58.838609,-72
2021-09-23 20:43:58.838615,-74
2021-09-23 20:43:58.838621,-69
2021-09-23 20:43:58.838635,-52
2021-09-23 20:43:58.838642,-43
2021-09-23 20:43:59.108582,-38
2021-09-23 20:43:59.108604,-36
2021-09-23 20:43:59.108612,-38
2021-09-23 20:43:59.108618,-45
2021-09-23 20:43:59.108625,-48
2021-09-23 20:43:59.108631,-43
2021-09-23 20:43:59.108637,-38
2021-09-23 20:43:59.108643,-38
2021-09-23 20:43:59.108650,-36
2021-09-23 20:43:59.108656,-33
2021-09-23 20:43:59.108662,-36
2021-09-23 20:43:59.108668,-33
2021-09-23 20:43:59.108674,-31
2021-09-23 20:43:59.108680,-33
2021-09-23 20:43:59.108686,-40
2021-09-23 20:43:59.108692,-48
2021-09-23 20:43:59.108698,-43
2021-09-23 20:43:59.108704,-28
2021-09-23 20:43:59.108710,-28
2021-09-23 20:43:59.108716,-28
2021-09-23 20:43:59.108721,-21
2021-09-23 20:43:59.108727,-16
2021-09-23 20:43:59.108733,-19
2021-09-23 20:43:59.108739,-19
2021-09-23 20:43:59.108745,-12
2021-09-23 20:43:59.108751,-7
2021-09-23 20:43:59.108757,-9
2021-09-23 20:43:59.108763,-19
2021-09-23 20:43:59.108769,-21
2021-09-23 20:43:59.108775,-12
2021-09-23 20:43:59.333588,-9
2021-09-23 20:43:59.333611,-4
2021-09-23 20:43:59.333619,7
2021-09-23 20:43:59.333625,14
2021-09-23 20:43:59.333631,24
2021-09-23 20:43:59.333637,31
2021-09-23 20:43:59.333644,14
2021-09-23 20:43:59.333650,-2
2021-09-23 20:43:59.333656,-4
2021-09-23 20:43:59.333662,-7
2021-09-23 20:43:59.333668,-9
2021-09-23 20:43:59.333674,-2
2021-09-23 20:43:59.333680,24
2021-09-23 20:43:59.333686,137
2021-09-23 20:43:59.333692,449
2021-09-23 20:43:59.333698,973
2021-09-23 20:43:59.333704,1156
2021-09-23 20:43:59.333710,305
2021-09-23 20:43:59.333722,-615
2021-09-23 20:43:59.333729,-399
2021-09-23 20:43:59.333735,-14
2021-09-23 20:43:59.333741,-168
2021-09-23 20:43:59.333747,-187
2021-09-23 20:43:59.333753,-50
2021-09-23 20:43:59.333759,-74
2021-09-23 20:43:59.333765,-93
2021-09-23 20:43:59.333771,-43
2021-09-23 20:43:59.333777,-43
2021-09-23 20:43:59.333783,-52
2021-09-23 20:43:59.333789,-36
2021-09-23 20:43:59.558589,-31
2021-09-23 20:43:59.558610,-24
2021-09-23 20:43:59.558617,-9
2021-09-23 20:43:59.558623,-4
2021-09-23 20:43:59.558629,0
2021-09-23 20:43:59.558635,14
2021-09-23 20:43:59.558649,31
2021-09-23 20:43:59.558656,40
2021-09-23 20:43:59.558662,50
2021-09-23 20:43:59.558668,64
2021-09-23 20:43:59.558674,76
2021-09-23 20:43:59.558680,86
2021-09-23 20:43:59.558687,98
2021-09-23 20:43:59.558693,108
2021-09-23 20:43:59.558699,96
2021-09-23 20:43:59.558705,72
2021-09-23 20:43:59.558711,57
2021-09-23 20:43:59.558717,43
2021-09-23 20:43:59.558723,12
2021-09-23 20:43:59.558729,-28
2021-09-23 20:43:59.558735,-62
2021-09-23 20:43:59.558741,-81
2021-09-23 20:43:59.558747,-96
2021-09-23 20:43:59.558753,-108
2021-09-23 20:43:59.558759,-110
2021-09-23 20:43:59.558765,-105
2021-09-23 20:43:59.558771,-105
2021-09-23 20:43:59.558777,-108
2021-09-23 20:43:59.558783,-103
2021-09-23 20:43:59.558789,-98
2021-09-23 20:43:59.827247,-88
2021-09-23 20:43:59.827270,-79
2021-09-23 20:43:59.827277,-79
2021-09-23 20:43:59.827283,-79
2021-09-23 20:43:59.827290,-74
2021-09-23 20:43:59.827296,-62
2021-09-23 20:43:59.827302,-57
2021-09-23 20:43:59.827308,-67
2021-09-23 20:43:59.827320,-67
2021-09-23 20:43:59.827327,-50
2021-09-23 20:43:59.827333,-38
2021-09-23 20:43:59.827339,-38
2021-09-23 20:43:59.827345,-45
2021-09-23 20:43:59.827351,-48
2021-09-23 20:43:59.827357,-45
2021-09-23 20:43:59.827363,-36
2021-09-23 20:43:59.827369,-31
2021-09-23 20:43:59.827375,-33
2021-09-23 20:43:59.827381,-31
2021-09-23 20:43:59.827387,-26
2021-09-23 20:43:59.827393,-33
2021-09-23 20:43:59.827399,-50
2021-09-23 20:43:59.827405,-55
2021-09-23 20:43:59.827411,-43
2021-09-23 20:43:59.827417,-38
2021-09-23 20:43:59.827423,-45
2021-09-23 20:43:59.827429,-45
2021-09-23 20:43:59.827435,-38
2021-09-23 20:43:59.827441,-31
2021-09-23 20:43:59.827447,-26
2021-09-23 20:44:00.008825,-31
2021-09-23 20:44:00.008846,-33
2021-09-23 20:44:00.008854,-24
2021-09-23 20:44:00.008860,-19
2021-09-23 20:44:00.008866,-24
2021-09-23 20:44:00.008872,-26
2021-09-23 20:44:00.008878,-31
2021-09-23 20:44:00.008884,-31
2021-09-23 20:44:00.008890,-24
2021-09-23 20:44:00.008895,-4
2021-09-23 20:44:00.008901,12
2021-09-23 20:44:00.008907,4
2021-09-23 20:44:00.008913,-24
2021-09-23 20:44:00.008919,-38
2021-09-23 20:44:00.008925,-33
2021-09-23 20:44:00.008931,-33
2021-09-23 20:44:00.008937,-24
2021-09-23 20:44:00.008943,-4
2021-09-23 20:44:00.008950,24
2021-09-23 20:44:00.008956,156
2021-09-23 20:44:00.008962,519
2021-09-23 20:44:00.008968,1036
2021-09-23 20:44:00.008974,1022
2021-09-23 20:44:00.008980,28
2021-09-23 20:44:00.008986,-682
2021-09-23 20:44:00.008992,-310
2021-09-23 20:44:00.008998,-33
2021-09-23 20:44:00.009004,-199
2021-09-23 20:44:00.009011,-153
2021-09-23 20:44:00.009017,-45
2021-09-23 20:44:00.233588,-98
2021-09-23 20:44:00.233609,-93
2021-09-23 20:44:00.233617,-33
2021-09-23 20:44:00.233624,-48
2021-09-23 20:44:00.233630,-64
2021-09-23 20:44:00.233636,-33
2021-09-23 20:44:00.233642,-28
2021-09-23 20:44:00.233648,-26
2021-09-23 20:44:00.233654,-2
2021-09-23 20:44:00.233661,2
2021-09-23 20:44:00.233667,4
2021-09-23 20:44:00.233673,28
2021-09-23 20:44:00.233679,38
2021-09-23 20:44:00.233685,36
2021-09-23 20:44:00.233691,52
2021-09-23 20:44:00.233697,79
2021-09-23 20:44:00.233703,96
2021-09-23 20:44:00.233709,101
2021-09-23 20:44:00.233715,105
2021-09-23 20:44:00.233721,117
2021-09-23 20:44:00.233727,120
2021-09-23 20:44:00.233733,93
2021-09-23 20:44:00.233738,69
2021-09-23 20:44:00.233744,55
2021-09-23 20:44:00.233750,19
2021-09-23 20:44:00.233756,-21
2021-09-23 20:44:00.233762,-48
2021-09-23 20:44:00.233768,-76
2021-09-23 20:44:00.233774,-108
2021-09-23 20:44:00.233780,-120
2021-09-23 20:44:00.502975,-117
2021-09-23 20:44:00.502996,-105
2021-09-23 20:44:00.503003,-96
2021-09-23 20:44:00.503010,-98
2021-09-23 20:44:00.503016,-110
2021-09-23 20:44:00.503022,-115
2021-09-23 20:44:00.503028,-96
2021-09-23 20:44:00.503034,-76
2021-09-23 20:44:00.503040,-81
2021-09-23 20:44:00.503046,-84
2021-09-23 20:44:00.503052,-67
2021-09-23 20:44:00.503059,-57
2021-09-23 20:44:00.503071,-48
2021-09-23 20:44:00.503078,-36
2021-09-23 20:44:00.503084,-48
2021-09-23 20:44:00.503090,-55
2021-09-23 20:44:00.503097,-33
2021-09-23 20:44:00.503103,-26
2021-09-23 20:44:00.503112,-36
2021-09-23 20:44:00.503118,-26
2021-09-23 20:44:00.503124,-24
2021-09-23 20:44:00.503130,-31
2021-09-23 20:44:00.503136,-26
2021-09-23 20:44:00.503142,-24
2021-09-23 20:44:00.503148,-24
2021-09-23 20:44:00.503154,-21
2021-09-23 20:44:00.503160,-33
2021-09-23 20:44:00.503167,-36
2021-09-23 20:44:00.503173,-26
2021-09-23 20:44:00.503179,-19
2021-09-23 20:44:00.728608,-19
2021-09-23 20:44:00.728637,-21
2021-09-23 20:44:00.728646,-16
2021-09-23 20:44:00.728652,-7
2021-09-23 20:44:00.728659,-9
2021-09-23 20:44:00.728665,-19
2021-09-23 20:44:00.728671,-19
2021-09-23 20:44:00.728677,-14
2021-09-23 20:44:00.728682,-19
2021-09-23 20:44:00.728688,-26
2021-09-23 20:44:00.728694,-28
2021-09-23 20:44:00.728700,-19
2021-09-23 20:44:00.728707,4
2021-09-23 20:44:00.728713,19
2021-09-23 20:44:00.728719,7
2021-09-23 20:44:00.728725,0
2021-09-23 20:44:00.728731,-2
2021-09-23 20:44:00.728737,-14
2021-09-23 20:44:00.728743,-19
2021-09-23 20:44:00.728748,-9
2021-09-23 20:44:00.728754,0
2021-09-23 20:44:00.728760,4
2021-09-23 20:44:00.728766,48
2021-09-23 20:44:00.728772,233
2021-09-23 20:44:00.728778,656
2021-09-23 20:44:00.728784,1154
2021-09-23 20:44:00.728790,904
2021-09-23 20:44:00.728796,-211
2021-09-23 20:44:00.728802,-646
2021-09-23 20:44:00.728808,-156
2021-09-23 20:44:00.908760,-36
2021-09-23 20:44:00.908783,-204
2021-09-23 20:44:00.908791,-108
2021-09-23 20:44:00.908798,-43
2021-09-23 20:44:00.908804,-105
2021-09-23 20:44:00.908811,-76
2021-09-23 20:44:00.908817,-26
2021-09-23 20:44:00.908823,-33
2021-09-23 20:44:00.908830,-31
2021-09-23 20:44:00.908836,-21
2021-09-23 20:44:00.908843,-31
2021-09-23 20:44:00.908849,-16
2021-09-23 20:44:00.908855,4
2021-09-23 20:44:00.908861,14
2021-09-23 20:44:00.908867,19
2021-09-23 20:44:00.908873,26
2021-09-23 20:44:00.908880,31
2021-09-23 20:44:00.908886,48
2021-09-23 20:44:00.908892,62
2021-09-23 20:44:00.908897,74
2021-09-23 20:44:00.908903,88
2021-09-23 20:44:00.908909,101
2021-09-23 20:44:00.908914,103
2021-09-23 20:44:00.908920,101
2021-09-23 20:44:00.908926,88
2021-09-23 20:44:00.908932,74
2021-09-23 20:44:00.908938,64
2021-09-23 20:44:00.908944,38
2021-09-23 20:44:00.908950,0
2021-09-23 20:44:00.908956,-24
2021-09-23 20:44:01.223623,-45
2021-09-23 20:44:01.223645,-72
2021-09-23 20:44:01.223653,-88
2021-09-23 20:44:01.223660,-96
2021-09-23 20:44:01.223666,-98
2021-09-23 20:44:01.223672,-98
2021-09-23 20:44:01.223679,-96
2021-09-23 20:44:01.223685,-98
2021-09-23 20:44:01.223691,-103
2021-09-23 20:44:01.223697,-105
2021-09-23 20:44:01.223703,-96
2021-09-23 20:44:01.223710,-79
2021-09-23 20:44:01.223716,-67
2021-09-23 20:44:01.223722,-62
2021-09-23 20:44:01.223728,-52
2021-09-23 20:44:01.223734,-40
2021-09-23 20:44:01.223740,-33
2021-09-23 20:44:01.223746,-24
2021-09-23 20:44:01.223753,-16
2021-09-23 20:44:01.223759,-12
2021-09-23 20:44:01.223765,-14
2021-09-23 20:44:01.223771,-21
2021-09-23 20:44:01.223777,-19
2021-09-23 20:44:01.223783,-4
2021-09-23 20:44:01.223789,-2
2021-09-23 20:44:01.223795,-12
2021-09-23 20:44:01.223801,-21
2021-09-23 20:44:01.223807,-19
2021-09-23 20:44:01.223819,-9
2021-09-23 20:44:01.223826,-7
2021-09-23 20:44:01.403613,-12
2021-09-23 20:44:01.403633,-7
2021-09-23 20:44:01.403641,-7
2021-09-23 20:44:01.403647,-21
2021-09-23 20:44:01.403653,-26
2021-09-23 20:44:01.403659,-16
2021-09-23 20:44:01.403665,-12
2021-09-23 20:44:01.403672,-19
2021-09-23 20:44:01.403678,-24
2021-09-23 20:44:01.403684,-9
2021-09-23 20:44:01.403690,9
2021-09-23 20:44:01.403696,16
2021-09-23 20:44:01.403702,7
2021-09-23 20:44:01.403708,-9
2021-09-23 20:44:01.403714,-28
2021-09-23 20:44:01.403720,-31
2021-09-23 20:44:01.403726,-24
2021-09-23 20:44:01.403732,-16
2021-09-23 20:44:01.403747,14
2021-09-23 20:44:01.403754,125
2021-09-23 20:44:01.403761,423
2021-09-23 20:44:01.403767,940
2021-09-23 20:44:01.403773,1098
2021-09-23 20:44:01.403779,283
2021-09-23 20:44:01.403785,-521
2021-09-23 20:44:01.403791,-295
2021-09-23 20:44:01.403797,12
2021-09-23 20:44:01.403803,-158
2021-09-23 20:44:01.403808,-173
2021-09-23 20:44:01.403814,-45
2021-09-23 20:44:01.763038,-72
2021-09-23 20:44:01.763059,-96
2021-09-23 20:44:01.763066,-52
2021-09-23 20:44:01.763073,-52
2021-09-23 20:44:01.763079,-67
2021-09-23 20:44:01.763085,-50
2021-09-23 20:44:01.763091,-40
2021-09-23 20:44:01.763097,-43
2021-09-23 20:44:01.763103,-40
2021-09-23 20:44:01.763109,-31
2021-09-23 20:44:01.763115,-16
2021-09-23 20:44:01.763121,0
2021-09-23 20:44:01.763128,12
2021-09-23 20:44:01.763134,7
2021-09-23 20:44:01.763140,14
2021-09-23 20:44:01.763146,36
2021-09-23 20:44:01.763152,55
2021-09-23 20:44:01.763158,69
2021-09-23 20:44:01.763170,84
2021-09-23 20:44:01.763176,86
2021-09-23 20:44:01.763182,79
2021-09-23 20:44:01.763188,67
2021-09-23 20:44:01.763194,52
2021-09-23 20:44:01.763200,38
2021-09-23 20:44:01.763206,7
2021-09-23 20:44:01.763212,-33
2021-09-23 20:44:01.763218,-64
2021-09-23 20:44:01.763224,-74
2021-09-23 20:44:01.763231,-79
2021-09-23 20:44:01.763237,-88
2021-09-23 20:44:01.942378,-91
2021-09-23 20:44:01.942400,-91
2021-09-23 20:44:01.942408,-88
2021-09-23 20:44:01.942415,-91
2021-09-23 20:44:01.942421,-93
2021-09-23 20:44:01.942428,-88
2021-09-23 20:44:01.942434,-91
2021-09-23 20:44:01.942440,-98
2021-09-23 20:44:01.942447,-93
2021-09-23 20:44:01.942453,-81
2021-09-23 20:44:01.942459,-69
2021-09-23 20:44:01.942465,-57
2021-09-23 20:44:01.942471,-50
2021-09-23 20:44:01.942477,-55
2021-09-23 20:44:01.942484,-57
2021-09-23 20:44:01.942490,-43
2021-09-23 20:44:01.942496,-33
2021-09-23 20:44:01.942502,-38
2021-09-23 20:44:01.942509,-40
2021-09-23 20:44:01.942515,-38
2021-09-23 20:44:01.942521,-36
2021-09-23 20:44:01.942527,-31
2021-09-23 20:44:01.942533,-26
2021-09-23 20:44:01.942540,-24
2021-09-23 20:44:01.942546,-26
2021-09-23 20:44:01.942552,-33
2021-09-23 20:44:01.942558,-31
2021-09-23 20:44:01.942564,-19
2021-09-23 20:44:01.942571,-14
2021-09-23 20:44:01.942577,-14
2021-09-23 20:44:02.078618,-16
2021-09-23 20:44:02.078639,-16
2021-09-23 20:44:02.078647,-19
2021-09-23 20:44:02.078654,-16
2021-09-23 20:44:02.078660,-9
2021-09-23 20:44:02.078666,-9
2021-09-23 20:44:02.078672,-12
2021-09-23 20:44:02.078679,-12
2021-09-23 20:44:02.078691,-9
2021-09-23 20:44:02.078698,-14
2021-09-23 20:44:02.078704,-19
2021-09-23 20:44:02.078710,-26
2021-09-23 20:44:02.078716,-28
2021-09-23 20:44:02.078722,-12
2021-09-23 20:44:02.078728,12
2021-09-23 20:44:02.078735,21
2021-09-23 20:44:02.078741,16
2021-09-23 20:44:02.078746,-4
2021-09-23 20:44:02.078753,-31
2021-09-23 20:44:02.078759,-31
2021-09-23 20:44:02.078765,-14
2021-09-23 20:44:02.078770,-9
2021-09-23 20:44:02.078776,-7
2021-09-23 20:44:02.078782,19
2021-09-23 20:44:02.078788,127
2021-09-23 20:44:02.078794,435
2021-09-23 20:44:02.078800,957
2021-09-23 20:44:02.078806,1130
2021-09-23 20:44:02.078812,307
2021-09-23 20:44:02.078818,-548
2021-09-23 20:44:02.303630,-324
2021-09-23 20:44:02.303652,24
2021-09-23 20:44:02.303660,-149
2021-09-23 20:44:02.303666,-185
2021-09-23 20:44:02.303673,-52
2021-09-23 20:44:02.303679,-74
2021-09-23 20:44:02.303685,-110
2021-09-23 20:44:02.303691,-64
2021-09-23 20:44:02.303698,-48
2021-09-23 20:44:02.303704,-57
2021-09-23 20:44:02.303710,-45
2021-09-23 20:44:02.303716,-43
2021-09-23 20:44:02.303722,-50
2021-09-23 20:44:02.303728,-38
2021-09-23 20:44:02.303734,-19
2021-09-23 20:44:02.303740,-7
2021-09-23 20:44:02.303746,-2
2021-09-23 20:44:02.303752,0
2021-09-23 20:44:02.303758,12
2021-09-23 20:44:02.303764,19
2021-09-23 20:44:02.303770,21
2021-09-23 20:44:02.303776,36
2021-09-23 20:44:02.303782,43
2021-09-23 20:44:02.303788,45
2021-09-23 20:44:02.303801,52
2021-09-23 20:44:02.303808,52
2021-09-23 20:44:02.303814,36
2021-09-23 20:44:02.303820,24
2021-09-23 20:44:02.303830,21
2021-09-23 20:44:02.303836,2
2021-09-23 20:44:02.528619,-28
2021-09-23 20:44:02.528640,-55
2021-09-23 20:44:02.528648,-67
2021-09-23 20:44:02.528654,-84
2021-09-23 20:44:02.528660,-101
2021-09-23 20:44:02.528666,-110
2021-09-23 20:44:02.528672,-108
2021-09-23 20:44:02.528679,-101
2021-09-23 20:44:02.528685,-101
2021-09-23 20:44:02.528691,-110
2021-09-23 20:44:02.528697,-113
2021-09-23 20:44:02.528703,-105
2021-09-23 20:44:02.528709,-101
2021-09-23 20:44:02.528715,-93
2021-09-23 20:44:02.528721,-86
2021-09-23 20:44:02.528727,-91
2021-09-23 20:44:02.528733,-96
2021-09-23 20:44:02.528739,-88
2021-09-23 20:44:02.528745,-74
2021-09-23 20:44:02.528751,-62
2021-09-23 20:44:02.528757,-62
2021-09-23 20:44:02.528763,-60
2021-09-23 20:44:02.528769,-50
2021-09-23 20:44:02.528775,-43
2021-09-23 20:44:02.528781,-45
2021-09-23 20:44:02.528787,-43
2021-09-23 20:44:02.528793,-43
2021-09-23 20:44:02.528799,-45
2021-09-23 20:44:02.528805,-45
2021-09-23 20:44:02.528810,-43
2021-09-23 20:44:02.753623,-36
2021-09-23 20:44:02.753644,-28
2021-09-23 20:44:02.753652,-31
2021-09-23 20:44:02.753659,-40
2021-09-23 20:44:02.753665,-43
2021-09-23 20:44:02.753671,-38
2021-09-23 20:44:02.753677,-28
2021-09-23 20:44:02.753683,-26
2021-09-23 20:44:02.753689,-28
2021-09-23 20:44:02.753695,-38
2021-09-23 20:44:02.753702,-43
2021-09-23 20:44:02.753708,-36
2021-09-23 20:44:02.753714,-21
2021-09-23 20:44:02.753720,-19
2021-09-23 20:44:02.753726,-24
2021-09-23 20:44:02.753732,-33
2021-09-23 20:44:02.753738,-50
2021-09-23 20:44:02.753744,-50
2021-09-23 20:44:02.753756,-24
2021-09-23 20:44:02.753763,0
2021-09-23 20:44:02.753769,9
2021-09-23 20:44:02.753775,9
2021-09-23 20:44:02.753782,-4
2021-09-23 20:44:02.753788,-19
2021-09-23 20:44:02.753794,-31
2021-09-23 20:44:02.753800,-33
2021-09-23 20:44:02.753806,-24
2021-09-23 20:44:02.753813,-24
2021-09-23 20:44:02.753819,-19
2021-09-23 20:44:02.753825,52
2021-09-23 20:44:03.023622,290
2021-09-23 20:44:03.023644,767
2021-09-23 20:44:03.023652,1130
2021-09-23 20:44:03.023659,497
2021-09-23 20:44:03.023666,-620
2021-09-23 20:44:03.023672,-598
2021-09-23 20:44:03.023679,-33
2021-09-23 20:44:03.023686,-101
2021-09-23 20:44:03.023692,-209
2021-09-23 20:44:03.023699,-62
2021-09-23 20:44:03.023705,-55
2021-09-23 20:44:03.023712,-101
2021-09-23 20:44:03.023718,-48
2021-09-23 20:44:03.023725,-21
2021-09-23 20:44:03.023732,-38
2021-09-23 20:44:03.023738,-40
2021-09-23 20:44:03.023745,-36
2021-09-23 20:44:03.023752,-26
2021-09-23 20:44:03.023758,-12
2021-09-23 20:44:03.023765,0
2021-09-23 20:44:03.023771,9
2021-09-23 20:44:03.023778,24
2021-09-23 20:44:03.023784,38
2021-09-23 20:44:03.023791,40
2021-09-23 20:44:03.023797,50
2021-09-23 20:44:03.023804,67
2021-09-23 20:44:03.023810,74
2021-09-23 20:44:03.023817,84
2021-09-23 20:44:03.023824,96
2021-09-23 20:44:03.023830,93
2021-09-23 20:44:03.248655,84
2021-09-23 20:44:03.248678,76
2021-09-23 20:44:03.248685,45
2021-09-23 20:44:03.248692,14
2021-09-23 20:44:03.248698,9
2021-09-23 20:44:03.248704,-12
2021-09-23 20:44:03.248710,-55
2021-09-23 20:44:03.248717,-72
2021-09-23 20:44:03.248729,-79
2021-09-23 20:44:03.248736,-98
2021-09-23 20:44:03.248742,-103
2021-09-23 20:44:03.248748,-108
2021-09-23 20:44:03.248754,-117
2021-09-23 20:44:03.248760,-108
2021-09-23 20:44:03.248766,-98
2021-09-23 20:44:03.248772,-96
2021-09-23 20:44:03.248778,-81
2021-09-23 20:44:03.248784,-69
2021-09-23 20:44:03.248790,-72
2021-09-23 20:44:03.248796,-74
2021-09-23 20:44:03.248802,-64
2021-09-23 20:44:03.248808,-62
2021-09-23 20:44:03.248814,-57
2021-09-23 20:44:03.248820,-38
2021-09-23 20:44:03.248826,-24
2021-09-23 20:44:03.248832,-26
2021-09-23 20:44:03.248838,-33
2021-09-23 20:44:03.248844,-43
2021-09-23 20:44:03.248850,-45
2021-09-23 20:44:03.248856,-38
2021-09-23 20:44:03.473649,-43
2021-09-23 20:44:03.473670,-57
2021-09-23 20:44:03.473678,-62
2021-09-23 20:44:03.473684,-55
2021-09-23 20:44:03.473691,-45
2021-09-23 20:44:03.473697,-38
2021-09-23 20:44:03.473703,-40
2021-09-23 20:44:03.473709,-55
2021-09-23 20:44:03.473716,-64
2021-09-23 20:44:03.473722,-52
2021-09-23 20:44:03.473728,-36
2021-09-23 20:44:03.473734,-28
2021-09-23 20:44:03.473740,-19
2021-09-23 20:44:03.473746,-7
2021-09-23 20:44:03.473752,-16
2021-09-23 20:44:03.473758,-33
2021-09-23 20:44:03.473764,-38
2021-09-23 20:44:03.473770,-43
2021-09-23 20:44:03.473776,-36
2021-09-23 20:44:03.473782,-26
2021-09-23 20:44:03.473788,-31
2021-09-23 20:44:03.473794,-28
2021-09-23 20:44:03.473800,21
2021-09-23 20:44:03.473806,202
2021-09-23 20:44:03.473812,606
2021-09-23 20:44:03.473818,1079
2021-09-23 20:44:03.473824,793
2021-09-23 20:44:03.473830,-363
2021-09-23 20:44:03.473840,-759
2021-09-23 20:44:03.473846,-161
2021-09-23 20:44:03.743655,-4
2021-09-23 20:44:03.743677,-189
2021-09-23 20:44:03.743684,-81
2021-09-23 20:44:03.743691,-9
2021-09-23 20:44:03.743697,-76
2021-09-23 20:44:03.743703,-50
2021-09-23 20:44:03.743709,-7
2021-09-23 20:44:03.743716,-28
2021-09-23 20:44:03.743722,-24
2021-09-23 20:44:03.743728,4
2021-09-23 20:44:03.743734,9
2021-09-23 20:44:03.743740,12
2021-09-23 20:44:03.743746,26
2021-09-23 20:44:03.743752,31
2021-09-23 20:44:03.743759,31
2021-09-23 20:44:03.743765,50
2021-09-23 20:44:03.743771,74
2021-09-23 20:44:03.743777,84
2021-09-23 20:44:03.743783,86
2021-09-23 20:44:03.743789,96
2021-09-23 20:44:03.743795,110
2021-09-23 20:44:03.743801,115
2021-09-23 20:44:03.743807,103
2021-09-23 20:44:03.743813,84
2021-09-23 20:44:03.743819,60
2021-09-23 20:44:03.743825,45
2021-09-23 20:44:03.743831,31
2021-09-23 20:44:03.743837,0
2021-09-23 20:44:03.743843,-33
2021-09-23 20:44:03.743849,-57
2021-09-23 20:44:03.967220,-84
2021-09-23 20:44:03.967236,-98
2021-09-23 20:44:03.967240,-110
2021-09-23 20:44:03.967243,-122
2021-09-23 20:44:03.967247,-122
2021-09-23 20:44:03.967250,-115
2021-09-23 20:44:03.967253,-120
2021-09-23 20:44:03.967256,-127
2021-09-23 20:44:03.967259,-113
2021-09-23 20:44:03.967263,-91
2021-09-23 20:44:03.967266,-81
2021-09-23 20:44:03.967269,-72
2021-09-23 20:44:03.967272,-64
2021-09-23 20:44:03.967275,-64
2021-09-23 20:44:03.967279,-57
2021-09-23 20:44:03.967282,-45
2021-09-23 20:44:03.967285,-38
2021-09-23 20:44:03.967288,-40
2021-09-23 20:44:03.967292,-45
2021-09-23 20:44:03.967295,-43
2021-09-23 20:44:03.967298,-38
2021-09-23 20:44:03.967301,-43
2021-09-23 20:44:03.967304,-45
2021-09-23 20:44:03.967308,-40
2021-09-23 20:44:03.967311,-40
2021-09-23 20:44:03.967314,-50
2021-09-23 20:44:03.967317,-45
2021-09-23 20:44:03.967321,-33
2021-09-23 20:44:03.967324,-33
2021-09-23 20:44:03.967327,-33
2021-09-23 20:44:04.148582,-28
2021-09-23 20:44:04.148603,-24
2021-09-23 20:44:04.148611,-26
2021-09-23 20:44:04.148618,-21
2021-09-23 20:44:04.148624,-14
2021-09-23 20:44:04.148657,-26
2021-09-23 20:44:04.148665,-43
2021-09-23 20:44:04.148670,-38
2021-09-23 20:44:04.148675,-28
2021-09-23 20:44:04.148680,-14
2021-09-23 20:44:04.148686,7
2021-09-23 20:44:04.148692,9
2021-09-23 20:44:04.148698,4
2021-09-23 20:44:04.148703,2
2021-09-23 20:44:04.148708,-9
2021-09-23 20:44:04.148714,-16
2021-09-23 20:44:04.148720,-12
2021-09-23 20:44:04.148726,-7
2021-09-23 20:44:04.148732,-2
2021-09-23 20:44:04.148738,21
2021-09-23 20:44:04.148744,115
2021-09-23 20:44:04.148750,382
2021-09-23 20:44:04.148756,887
2021-09-23 20:44:04.148762,1228
2021-09-23 20:44:04.148768,567
2021-09-23 20:44:04.148774,-514
2021-09-23 20:44:04.148780,-497
2021-09-23 20:44:04.148787,-2
2021-09-23 20:44:04.148793,-88
2021-09-23 20:44:04.148799,-189
2021-09-23 20:44:04.373638,-48
2021-09-23 20:44:04.373659,-40
2021-09-23 20:44:04.373666,-84
2021-09-23 20:44:04.373673,-31
2021-09-23 20:44:04.373679,-7
2021-09-23 20:44:04.373685,-31
2021-09-23 20:44:04.373697,-21
2021-09-23 20:44:04.373704,-9
2021-09-23 20:44:04.373713,-14
2021-09-23 20:44:04.373720,-9
2021-09-23 20:44:04.373726,7
2021-09-23 20:44:04.373732,9
2021-09-23 20:44:04.373738,9
2021-09-23 20:44:04.373744,14
2021-09-23 20:44:04.373750,28
2021-09-23 20:44:04.373756,43
2021-09-23 20:44:04.373762,48
2021-09-23 20:44:04.373768,52
2021-09-23 20:44:04.373774,64
2021-09-23 20:44:04.373780,74
2021-09-23 20:44:04.373786,69
2021-09-23 20:44:04.373792,67
2021-09-23 20:44:04.373798,55
2021-09-23 20:44:04.373804,33
2021-09-23 20:44:04.373810,16
2021-09-23 20:44:04.373816,-2
2021-09-23 20:44:04.373822,-31
2021-09-23 20:44:04.373828,-57
2021-09-23 20:44:04.373834,-81
2021-09-23 20:44:04.373840,-98
2021-09-23 20:44:04.643026,-96
2021-09-23 20:44:04.643047,-91
2021-09-23 20:44:04.643055,-93
2021-09-23 20:44:04.643061,-93
2021-09-23 20:44:04.643068,-96
2021-09-23 20:44:04.643074,-103
2021-09-23 20:44:04.643080,-101
2021-09-23 20:44:04.643086,-91
2021-09-23 20:44:04.643092,-88
2021-09-23 20:44:04.643099,-91
2021-09-23 20:44:04.643105,-81
2021-09-23 20:44:04.643111,-74
2021-09-23 20:44:04.643117,-69
2021-09-23 20:44:04.643123,-60
2021-09-23 20:44:04.643130,-50
2021-09-23 20:44:04.643136,-50
2021-09-23 20:44:04.643142,-52
2021-09-23 20:44:04.643148,-45
2021-09-23 20:44:04.643154,-40
2021-09-23 20:44:04.643160,-38
2021-09-23 20:44:04.643166,-33
2021-09-23 20:44:04.643172,-33
2021-09-23 20:44:04.643179,-36
2021-09-23 20:44:04.643185,-33
2021-09-23 20:44:04.643191,-26
2021-09-23 20:44:04.643197,-21
2021-09-23 20:44:04.643203,-19
2021-09-23 20:44:04.643209,-21
2021-09-23 20:44:04.643221,-19
2021-09-23 20:44:04.643227,-14
2021-09-23 20:44:04.868547,-16
2021-09-23 20:44:04.868568,-21
2021-09-23 20:44:04.868575,-24
2021-09-23 20:44:04.868582,-31
2021-09-23 20:44:04.868588,-50
2021-09-23 20:44:04.868595,-43
2021-09-23 20:44:04.868601,-24
2021-09-23 20:44:04.868607,-14
2021-09-23 20:44:04.868613,0
2021-09-23 20:44:04.868619,7
2021-09-23 20:44:04.868625,4
2021-09-23 20:44:04.868631,-7
2021-09-23 20:44:04.868637,-21
2021-09-23 20:44:04.868643,-19
2021-09-23 20:44:04.868650,-7
2021-09-23 20:44:04.868656,-12
2021-09-23 20:44:04.868662,-12
2021-09-23 20:44:04.868668,4
2021-09-23 20:44:04.868674,96
2021-09-23 20:44:04.868680,394
2021-09-23 20:44:04.868686,906
2021-09-23 20:44:04.868692,1151
2021-09-23 20:44:04.868698,399
2021-09-23 20:44:04.868704,-596
2021-09-23 20:44:04.868710,-456
2021-09-23 20:44:04.868716,19
2021-09-23 20:44:04.868723,-108
2021-09-23 20:44:04.868729,-187
2021-09-23 20:44:04.868735,-40
2021-09-23 20:44:04.868741,-40
2021-09-23 20:44:05.093648,-76
2021-09-23 20:44:05.093670,-31
2021-09-23 20:44:05.093677,-16
2021-09-23 20:44:05.093684,-40
2021-09-23 20:44:05.093690,-26
2021-09-23 20:44:05.093696,-2
2021-09-23 20:44:05.093702,7
2021-09-23 20:44:05.093709,9
2021-09-23 20:44:05.093715,14
2021-09-23 20:44:05.093721,14
2021-09-23 20:44:05.093727,21
2021-09-23 20:44:05.093733,43
2021-09-23 20:44:05.093739,57
2021-09-23 20:44:05.093745,62
2021-09-23 20:44:05.093751,64
2021-09-23 20:44:05.093757,69
2021-09-23 20:44:05.093764,79
2021-09-23 20:44:05.093770,88
2021-09-23 20:44:05.093783,79
2021-09-23 20:44:05.093789,60
2021-09-23 20:44:05.093795,43
2021-09-23 20:44:05.093801,21
2021-09-23 20:44:05.093807,-2
2021-09-23 20:44:05.093813,-21
2021-09-23 20:44:05.093820,-38
2021-09-23 20:44:05.093826,-60
2021-09-23 20:44:05.093832,-81
2021-09-23 20:44:05.093838,-93
2021-09-23 20:44:05.093844,-101
2021-09-23 20:44:05.093850,-103
2021-09-23 20:44:05.363662,-103
2021-09-23 20:44:05.363684,-103
2021-09-23 20:44:05.363692,-103
2021-09-23 20:44:05.363698,-98
2021-09-23 20:44:05.363705,-96
2021-09-23 20:44:05.363711,-98
2021-09-23 20:44:05.363717,-93
2021-09-23 20:44:05.363723,-91
2021-09-23 20:44:05.363730,-96
2021-09-23 20:44:05.363736,-93
2021-09-23 20:44:05.363742,-79
2021-09-23 20:44:05.363748,-72
2021-09-23 20:44:05.363762,-64
2021-09-23 20:44:05.363769,-60
2021-09-23 20:44:05.363775,-62
2021-09-23 20:44:05.363781,-67
2021-09-23 20:44:05.363787,-67
2021-09-23 20:44:05.363793,-64
2021-09-23 20:44:05.363799,-62
2021-09-23 20:44:05.363805,-57
2021-09-23 20:44:05.363811,-57
2021-09-23 20:44:05.363817,-64
2021-09-23 20:44:05.363823,-64
2021-09-23 20:44:05.363829,-62
2021-09-23 20:44:05.363836,-64
2021-09-23 20:44:05.363842,-64
2021-09-23 20:44:05.363848,-64
2021-09-23 20:44:05.363854,-67
2021-09-23 20:44:05.363860,-62
2021-09-23 20:44:05.363866,-52
2021-09-23 20:44:05.543727,-48
2021-09-23 20:44:05.543749,-45
2021-09-23 20:44:05.543757,-40
2021-09-23 20:44:05.543763,-45
2021-09-23 20:44:05.543770,-48
2021-09-23 20:44:05.543776,-43
2021-09-23 20:44:05.543782,-45
2021-09-23 20:44:05.543788,-48
2021-09-23 20:44:05.543808,-31
2021-09-23 20:44:05.543817,-16
2021-09-23 20:44:05.543823,-12
2021-09-23 20:44:05.543829,0
2021-09-23 20:44:05.543835,-2
2021-09-23 20:44:05.543841,-33
2021-09-23 20:44:05.543847,-50
2021-09-23 20:44:05.543853,-36
2021-09-23 20:44:05.543860,-24
2021-09-23 20:44:05.543865,-16
2021-09-23 20:44:05.543871,-7
2021-09-23 20:44:05.543877,48
2021-09-23 20:44:05.543883,266
2021-09-23 20:44:05.543889,719
2021-09-23 20:44:05.543895,1125
2021-09-23 20:44:05.543901,642
2021-09-23 20:44:05.543907,-517
2021-09-23 20:44:05.543913,-690
2021-09-23 20:44:05.543919,-79
2021-09-23 20:44:05.543925,-38
2021-09-23 20:44:05.543931,-199
2021-09-23 20:44:05.543937,-64
2021-09-23 20:44:05.813696,-7
2021-09-23 20:44:05.813718,-69
2021-09-23 20:44:05.813725,-52
2021-09-23 20:44:05.813731,-14
2021-09-23 20:44:05.813738,-9
2021-09-23 20:44:05.813744,0
2021-09-23 20:44:05.813750,2
2021-09-23 20:44:05.813756,-2
2021-09-23 20:44:05.813762,19
2021-09-23 20:44:05.813768,26
2021-09-23 20:44:05.813774,12
2021-09-23 20:44:05.813781,26
2021-09-23 20:44:05.813787,48
2021-09-23 20:44:05.813793,50
2021-09-23 20:44:05.813798,60
2021-09-23 20:44:05.813804,69
2021-09-23 20:44:05.813810,84
2021-09-23 20:44:05.813816,93
2021-09-23 20:44:05.813822,93
2021-09-23 20:44:05.813828,86
2021-09-23 20:44:05.813834,74
2021-09-23 20:44:05.813840,60
2021-09-23 20:44:05.813846,52
2021-09-23 20:44:05.813852,33
2021-09-23 20:44:05.813858,0
2021-09-23 20:44:05.813865,-24
2021-09-23 20:44:05.813870,-45
2021-09-23 20:44:05.813877,-72
2021-09-23 20:44:05.813890,-91
2021-09-23 20:44:05.813897,-103
2021-09-23 20:44:06.082315,-117
2021-09-23 20:44:06.082338,-127
2021-09-23 20:44:06.082346,-120
2021-09-23 20:44:06.082352,-110
2021-09-23 20:44:06.082359,-103
2021-09-23 20:44:06.082365,-98
2021-09-23 20:44:06.082371,-88
2021-09-23 20:44:06.082378,-72
2021-09-23 20:44:06.082384,-69
2021-09-23 20:44:06.082391,-67
2021-09-23 20:44:06.082397,-48
2021-09-23 20:44:06.082404,-38
2021-09-23 20:44:06.082410,-36
2021-09-23 20:44:06.082416,-36
2021-09-23 20:44:06.082422,-40
2021-09-23 20:44:06.082428,-40
2021-09-23 20:44:06.082435,-33
2021-09-23 20:44:06.082441,-36
2021-09-23 20:44:06.082447,-40
2021-09-23 20:44:06.082453,-33
2021-09-23 20:44:06.082460,-36
2021-09-23 20:44:06.082466,-43
2021-09-23 20:44:06.082472,-36
2021-09-23 20:44:06.082478,-31
2021-09-23 20:44:06.082485,-36
2021-09-23 20:44:06.082491,-36
2021-09-23 20:44:06.082497,-28
2021-09-23 20:44:06.082503,-16
2021-09-23 20:44:06.082509,-4
2021-09-23 20:44:06.082515,2
2021-09-23 20:44:06.308781,2
2021-09-23 20:44:06.308804,-9
2021-09-23 20:44:06.308810,-28
2021-09-23 20:44:06.308815,-33
2021-09-23 20:44:06.308820,-19
2021-09-23 20:44:06.308825,-12
2021-09-23 20:44:06.308831,-14
2021-09-23 20:44:06.308835,9
2021-09-23 20:44:06.308840,84
2021-09-23 20:44:06.308845,298
2021-09-23 20:44:06.308850,694
2021-09-23 20:44:06.308855,957
2021-09-23 20:44:06.308860,384
2021-09-23 20:44:06.308865,-627
2021-09-23 20:44:06.308870,-601
2021-09-23 20:44:06.308875,7
2021-09-23 20:44:06.308880,-9
2021-09-23 20:44:06.308885,-137
2021-09-23 20:44:06.308900,7
2021-09-23 20:44:06.308906,26
2021-09-23 20:44:06.308911,-33
2021-09-23 20:44:06.308916,14
2021-09-23 20:44:06.308921,50
2021-09-23 20:44:06.308926,26
2021-09-23 20:44:06.308931,26
2021-09-23 20:44:06.308936,57
2021-09-23 20:44:06.308940,72
2021-09-23 20:44:06.308945,60
2021-09-23 20:44:06.308951,52
2021-09-23 20:44:06.308956,57
2021-09-23 20:44:06.533672,57
2021-09-23 20:44:06.533692,67
2021-09-23 20:44:06.533700,88
2021-09-23 20:44:06.533706,108
2021-09-23 20:44:06.533712,122
2021-09-23 20:44:06.533718,129
2021-09-23 20:44:06.533724,129
2021-09-23 20:44:06.533730,139
2021-09-23 20:44:06.533736,137
2021-09-23 20:44:06.533742,108
2021-09-23 20:44:06.533748,81
2021-09-23 20:44:06.533754,60
2021-09-23 20:44:06.533761,26
2021-09-23 20:44:06.533767,-14
2021-09-23 20:44:06.533773,-60
2021-09-23 20:44:06.533779,-103
2021-09-23 20:44:06.533785,-127
2021-09-23 20:44:06.533791,-139
2021-09-23 20:44:06.533797,-146
2021-09-23 20:44:06.533803,-146
2021-09-23 20:44:06.533809,-156
2021-09-23 20:44:06.533815,-170
2021-09-23 20:44:06.533821,-165
2021-09-23 20:44:06.533827,-146
2021-09-23 20:44:06.533833,-125
2021-09-23 20:44:06.533839,-108
2021-09-23 20:44:06.533845,-101
2021-09-23 20:44:06.533851,-93
2021-09-23 20:44:06.533857,-84
2021-09-23 20:44:06.533863,-72
2021-09-23 20:44:06.668584,-57
2021-09-23 20:44:06.668604,-57
2021-09-23 20:44:06.668611,-67
2021-09-23 20:44:06.668617,-74
2021-09-23 20:44:06.668624,-76
2021-09-23 20:44:06.668630,-67
2021-09-23 20:44:06.668636,-64
2021-09-23 20:44:06.668642,-64
2021-09-23 20:44:06.668654,-64
2021-09-23 20:44:06.668660,-69
2021-09-23 20:44:06.668666,-79
2021-09-23 20:44:06.668672,-81
2021-09-23 20:44:06.668679,-72
2021-09-23 20:44:06.668685,-52
2021-09-23 20:44:06.668691,-45
2021-09-23 20:44:06.668697,-48
2021-09-23 20:44:06.668703,-55
2021-09-23 20:44:06.668709,-62
2021-09-23 20:44:06.668715,-72
2021-09-23 20:44:06.668721,-76
2021-09-23 20:44:06.668727,-76
2021-09-23 20:44:06.668733,-74
2021-09-23 20:44:06.668775,-64
2021-09-23 20:44:06.668781,-50
2021-09-23 20:44:06.668787,-2
2021-09-23 20:44:06.668794,185
2021-09-23 20:44:06.668800,581
2021-09-23 20:44:06.668806,964
2021-09-23 20:44:06.668812,622
2021-09-23 20:44:06.668818,-418
2021-09-23 20:44:06.939216,-704
2021-09-23 20:44:06.939258,-144
2021-09-23 20:44:06.939266,-36
2021-09-23 20:44:06.939273,-216
2021-09-23 20:44:06.939279,-108
2021-09-23 20:44:06.939285,-36
2021-09-23 20:44:06.939292,-98
2021-09-23 20:44:06.939298,-72
2021-09-23 20:44:06.939304,-26
2021-09-23 20:44:06.939310,-52
2021-09-23 20:44:06.939316,-55
2021-09-23 20:44:06.939322,-26
2021-09-23 20:44:06.939328,-24
2021-09-23 20:44:06.939334,-21
2021-09-23 20:44:06.939340,-4
2021-09-23 20:44:06.939346,-2
2021-09-23 20:44:06.939352,7
2021-09-23 20:44:06.939358,31
2021-09-23 20:44:06.939364,45
2021-09-23 20:44:06.939370,48
2021-09-23 20:44:06.939376,52
2021-09-23 20:44:06.939382,62
2021-09-23 20:44:06.939388,79
2021-09-23 20:44:06.939394,98
2021-09-23 20:44:06.939400,101
2021-09-23 20:44:06.939406,84
2021-09-23 20:44:06.939412,67
2021-09-23 20:44:06.939418,52
2021-09-23 20:44:06.939431,31
2021-09-23 20:44:06.939437,7
2021-09-23 20:44:07.208689,-19
2021-09-23 20:44:07.208711,-60
2021-09-23 20:44:07.208719,-93
2021-09-23 20:44:07.208725,-108
2021-09-23 20:44:07.208731,-110
2021-09-23 20:44:07.208737,-105
2021-09-23 20:44:07.208743,-103
2021-09-23 20:44:07.208749,-120
2021-09-23 20:44:07.208755,-146
2021-09-23 20:44:07.208761,-141
2021-09-23 20:44:07.208767,-115
2021-09-23 20:44:07.208773,-103
2021-09-23 20:44:07.208779,-96
2021-09-23 20:44:07.208785,-86
2021-09-23 20:44:07.208791,-84
2021-09-23 20:44:07.208797,-76
2021-09-23 20:44:07.208803,-57
2021-09-23 20:44:07.208809,-43
2021-09-23 20:44:07.208815,-45
2021-09-23 20:44:07.208821,-48
2021-09-23 20:44:07.208827,-45
2021-09-23 20:44:07.208833,-57
2021-09-23 20:44:07.208839,-69
2021-09-23 20:44:07.208845,-64
2021-09-23 20:44:07.208857,-55
2021-09-23 20:44:07.208864,-62
2021-09-23 20:44:07.208870,-74
2021-09-23 20:44:07.208876,-79
2021-09-23 20:44:07.208882,-72
2021-09-23 20:44:07.208888,-57
2021-09-23 20:44:07.388680,-45
2021-09-23 20:44:07.388701,-45
2021-09-23 20:44:07.388709,-45
2021-09-23 20:44:07.388715,-38
2021-09-23 20:44:07.388722,-40
2021-09-23 20:44:07.388728,-55
2021-09-23 20:44:07.388734,-57
2021-09-23 20:44:07.388740,-60
2021-09-23 20:44:07.388747,-69
2021-09-23 20:44:07.388753,-57
2021-09-23 20:44:07.388759,-28
2021-09-23 20:44:07.388765,48
2021-09-23 20:44:07.388771,298
2021-09-23 20:44:07.388777,769
2021-09-23 20:44:07.388783,1082
2021-09-23 20:44:07.388790,483
2021-09-23 20:44:07.388796,-536
2021-09-23 20:44:07.388802,-553
2021-09-23 20:44:07.388815,-64
2021-09-23 20:44:07.388821,-122
2021-09-23 20:44:07.388828,-228
2021-09-23 20:44:07.388834,-91
2021-09-23 20:44:07.388840,-69
2021-09-23 20:44:07.388846,-120
2021-09-23 20:44:07.388852,-93
2021-09-23 20:44:07.388858,-64
2021-09-23 20:44:07.388864,-64
2021-09-23 20:44:07.388870,-52
2021-09-23 20:44:07.388877,-36
2021-09-23 20:44:07.388883,-26
2021-09-23 20:44:07.613797,-16
2021-09-23 20:44:07.613819,-9
2021-09-23 20:44:07.613827,7
2021-09-23 20:44:07.613833,21
2021-09-23 20:44:07.613839,28
2021-09-23 20:44:07.613846,36
2021-09-23 20:44:07.613851,43
2021-09-23 20:44:07.613857,55
2021-09-23 20:44:07.613863,69
2021-09-23 20:44:07.613869,79
2021-09-23 20:44:07.613876,88
2021-09-23 20:44:07.613882,86
2021-09-23 20:44:07.613887,69
2021-09-23 20:44:07.613893,55
2021-09-23 20:44:07.613899,40
2021-09-23 20:44:07.613905,16
2021-09-23 20:44:07.613911,-14
2021-09-23 20:44:07.613917,-40
2021-09-23 20:44:07.613923,-67
2021-09-23 20:44:07.613929,-86
2021-09-23 20:44:07.613935,-91
2021-09-23 20:44:07.613941,-93
2021-09-23 20:44:07.613947,-93
2021-09-23 20:44:07.613953,-86
2021-09-23 20:44:07.613959,-88
2021-09-23 20:44:07.613965,-101
2021-09-23 20:44:07.613971,-103
2021-09-23 20:44:07.613977,-93
2021-09-23 20:44:07.613983,-84
2021-09-23 20:44:07.613989,-76
2021-09-23 20:44:07.882994,-69
2021-09-23 20:44:07.883015,-57
2021-09-23 20:44:07.883023,-50
2021-09-23 20:44:07.883030,-50
2021-09-23 20:44:07.883036,-50
2021-09-23 20:44:07.883043,-50
2021-09-23 20:44:07.883049,-55
2021-09-23 20:44:07.883055,-45
2021-09-23 20:44:07.883061,-36
2021-09-23 20:44:07.883067,-38
2021-09-23 20:44:07.883074,-36
2021-09-23 20:44:07.883080,-33
2021-09-23 20:44:07.883086,-43
2021-09-23 20:44:07.883092,-48
2021-09-23 20:44:07.883098,-50
2021-09-23 20:44:07.883104,-52
2021-09-23 20:44:07.883110,-43
2021-09-23 20:44:07.883116,-21
2021-09-23 20:44:07.883122,-16
2021-09-23 20:44:07.883128,-12
2021-09-23 20:44:07.883134,-7
2021-09-23 20:44:07.883140,-26
2021-09-23 20:44:07.883146,-52
2021-09-23 20:44:07.883152,-60
2021-09-23 20:44:07.883158,-50
2021-09-23 20:44:07.883164,-40
2021-09-23 20:44:07.883170,-43
2021-09-23 20:44:07.883176,-33
2021-09-23 20:44:07.883182,43
2021-09-23 20:44:07.883188,288
2021-09-23 20:44:08.107356,743
2021-09-23 20:44:08.107378,1065
2021-09-23 20:44:08.107386,507
2021-09-23 20:44:08.107393,-488
2021-09-23 20:44:08.107399,-517
2021-09-23 20:44:08.107406,-45
2021-09-23 20:44:08.107412,-105
2021-09-23 20:44:08.107418,-211
2021-09-23 20:44:08.107424,-74
2021-09-23 20:44:08.107430,-50
2021-09-23 20:44:08.107436,-98
2021-09-23 20:44:08.107443,-64
2021-09-23 20:44:08.107449,-40
2021-09-23 20:44:08.107455,-52
2021-09-23 20:44:08.107461,-36
2021-09-23 20:44:08.107467,-9
2021-09-23 20:44:08.107473,-12
2021-09-23 20:44:08.107479,-14
2021-09-23 20:44:08.107486,2
2021-09-23 20:44:08.107492,21
2021-09-23 20:44:08.107498,26
2021-09-23 20:44:08.107504,36
2021-09-23 20:44:08.107510,52
2021-09-23 20:44:08.107516,62
2021-09-23 20:44:08.107522,69
2021-09-23 20:44:08.107528,88
2021-09-23 20:44:08.107534,105
2021-09-23 20:44:08.107540,108
2021-09-23 20:44:08.107552,103
2021-09-23 20:44:08.107559,93
2021-09-23 20:44:08.288704,79
2021-09-23 20:44:08.288725,64
2021-09-23 20:44:08.288732,40
2021-09-23 20:44:08.288739,-2
2021-09-23 20:44:08.288745,-43
2021-09-23 20:44:08.288751,-69
2021-09-23 20:44:08.288757,-84
2021-09-23 20:44:08.288763,-93
2021-09-23 20:44:08.288769,-103
2021-09-23 20:44:08.288775,-103
2021-09-23 20:44:08.288781,-101
2021-09-23 20:44:08.288787,-98
2021-09-23 20:44:08.288793,-93
2021-09-23 20:44:08.288799,-86
2021-09-23 20:44:08.288805,-91
2021-09-23 20:44:08.288811,-91
2021-09-23 20:44:08.288817,-81
2021-09-23 20:44:08.288823,-67
2021-09-23 20:44:08.288829,-60
2021-09-23 20:44:08.288835,-50
2021-09-23 20:44:08.288841,-43
2021-09-23 20:44:08.288847,-43
2021-09-23 20:44:08.288853,-40
2021-09-23 20:44:08.288859,-36
2021-09-23 20:44:08.288865,-33
2021-09-23 20:44:08.288871,-21
2021-09-23 20:44:08.288877,-14
2021-09-23 20:44:08.288883,-19
2021-09-23 20:44:08.288889,-33
2021-09-23 20:44:08.288895,-31
2021-09-23 20:44:08.558692,-21
2021-09-23 20:44:08.558713,-26
2021-09-23 20:44:08.558721,-38
2021-09-23 20:44:08.558727,-45
2021-09-23 20:44:08.558734,-55
2021-09-23 20:44:08.558740,-52
2021-09-23 20:44:08.558746,-43
2021-09-23 20:44:08.558752,-45
2021-09-23 20:44:08.558758,-48
2021-09-23 20:44:08.558764,-43
2021-09-23 20:44:08.558770,-45
2021-09-23 20:44:08.558776,-33
2021-09-23 20:44:08.558782,-4
2021-09-23 20:44:08.558789,-2
2021-09-23 20:44:08.558795,-26
2021-09-23 20:44:08.558801,-38
2021-09-23 20:44:08.558807,-33
2021-09-23 20:44:08.558813,-26
2021-09-23 20:44:08.558827,-21
2021-09-23 20:44:08.558834,-12
2021-09-23 20:44:08.558840,28
2021-09-23 20:44:08.558846,185
2021-09-23 20:44:08.558852,553
2021-09-23 20:44:08.558858,1019
2021-09-23 20:44:08.558865,889
2021-09-23 20:44:08.558871,-117
2021-09-23 20:44:08.558877,-656
2021-09-23 20:44:08.558883,-199
2021-09-23 20:44:08.558889,19
2021-09-23 20:44:08.558895,-165
2021-09-23 20:44:08.783693,-113
2021-09-23 20:44:08.783713,-16
2021-09-23 20:44:08.783720,-64
2021-09-23 20:44:08.783727,-62
2021-09-23 20:44:08.783733,-19
2021-09-23 20:44:08.783740,-19
2021-09-23 20:44:08.783746,-12
2021-09-23 20:44:08.783752,4
2021-09-23 20:44:08.783758,-2
2021-09-23 20:44:08.783764,-7
2021-09-23 20:44:08.783771,12
2021-09-23 20:44:08.783777,28
2021-09-23 20:44:08.783783,33
2021-09-23 20:44:08.783789,45
2021-09-23 20:44:08.783795,57
2021-09-23 20:44:08.783801,62
2021-09-23 20:44:08.783807,79
2021-09-23 20:44:08.783813,101
2021-09-23 20:44:08.783819,113
2021-09-23 20:44:08.783825,113
2021-09-23 20:44:08.783831,105
2021-09-23 20:44:08.783837,96
2021-09-23 20:44:08.783843,91
2021-09-23 20:44:08.783849,86
2021-09-23 20:44:08.783855,69
2021-09-23 20:44:08.783861,38
2021-09-23 20:44:08.783867,2
2021-09-23 20:44:08.783873,-31
2021-09-23 20:44:08.783879,-55
2021-09-23 20:44:08.783885,-72
2021-09-23 20:44:09.098135,-86
2021-09-23 20:44:09.098157,-96
2021-09-23 20:44:09.098165,-103
2021-09-23 20:44:09.098171,-120
2021-09-23 20:44:09.098177,-129
2021-09-23 20:44:09.098184,-122
2021-09-23 20:44:09.098190,-117
2021-09-23 20:44:09.098196,-120
2021-09-23 20:44:09.098203,-120
2021-09-23 20:44:09.098209,-113
2021-09-23 20:44:09.098215,-108
2021-09-23 20:44:09.098221,-101
2021-09-23 20:44:09.098227,-86
2021-09-23 20:44:09.098234,-74
2021-09-23 20:44:09.098240,-74
2021-09-23 20:44:09.098246,-69
2021-09-23 20:44:09.098252,-57
2021-09-23 20:44:09.098258,-48
2021-09-23 20:44:09.098265,-45
2021-09-23 20:44:09.098271,-43
2021-09-23 20:44:09.098277,-36
2021-09-23 20:44:09.098283,-43
2021-09-23 20:44:09.098290,-55
2021-09-23 20:44:09.098296,-48
2021-09-23 20:44:09.098302,-28
2021-09-23 20:44:09.098308,-33
2021-09-23 20:44:09.098314,-43
2021-09-23 20:44:09.098320,-36
2021-09-23 20:44:09.098326,-24
2021-09-23 20:44:09.098332,-21
2021-09-23 20:44:09.233797,-24
2021-09-23 20:44:09.233820,-21
2021-09-23 20:44:09.233828,-26
2021-09-23 20:44:09.233835,-38
2021-09-23 20:44:09.233841,-45
2021-09-23 20:44:09.233847,-48
2021-09-23 20:44:09.233859,-45
2021-09-23 20:44:09.233866,-33
2021-09-23 20:44:09.233872,-14
2021-09-23 20:44:09.233879,-9
2021-09-23 20:44:09.233885,-7
2021-09-23 20:44:09.233891,-4
2021-09-23 20:44:09.233897,-9
2021-09-23 20:44:09.233903,-28
2021-09-23 20:44:09.233909,-43
2021-09-23 20:44:09.233945,-38
2021-09-23 20:44:09.233951,-26
2021-09-23 20:44:09.233957,-12
2021-09-23 20:44:09.233964,7
2021-09-23 20:44:09.233970,91
2021-09-23 20:44:09.233975,367
2021-09-23 20:44:09.233981,868
2021-09-23 20:44:09.233987,1125
2021-09-23 20:44:09.233993,348
2021-09-23 20:44:09.233999,-711
2021-09-23 20:44:09.234005,-555
2021-09-23 20:44:09.234012,-12
2021-09-23 20:44:09.234018,-127
2021-09-23 20:44:09.234027,-204
2021-09-23 20:44:09.234034,-45
2021-09-23 20:44:09.503736,-52
2021-09-23 20:44:09.503758,-98
2021-09-23 20:44:09.503766,-40
2021-09-23 20:44:09.503772,-24
2021-09-23 20:44:09.503778,-43
2021-09-23 20:44:09.503784,-19
2021-09-23 20:44:09.503791,0
2021-09-23 20:44:09.503797,-7
2021-09-23 20:44:09.503803,-7
2021-09-23 20:44:09.503809,-2
2021-09-23 20:44:09.503815,-4
2021-09-23 20:44:09.503821,7
2021-09-23 20:44:09.503827,21
2021-09-23 20:44:09.503833,33
2021-09-23 20:44:09.503839,43
2021-09-23 20:44:09.503845,52
2021-09-23 20:44:09.503851,69
2021-09-23 20:44:09.503857,91
2021-09-23 20:44:09.503863,98
2021-09-23 20:44:09.503869,93
2021-09-23 20:44:09.503875,76
2021-09-23 20:44:09.503881,57
2021-09-23 20:44:09.503887,52
2021-09-23 20:44:09.503893,38
2021-09-23 20:44:09.503898,2
2021-09-23 20:44:09.503904,-28
2021-09-23 20:44:09.503910,-52
2021-09-23 20:44:09.503917,-72
2021-09-23 20:44:09.503923,-88
2021-09-23 20:44:09.503928,-101
2021-09-23 20:44:09.683712,-113
2021-09-23 20:44:09.683733,-117
2021-09-23 20:44:09.683740,-113
2021-09-23 20:44:09.683746,-115
2021-09-23 20:44:09.683753,-108
2021-09-23 20:44:09.683759,-91
2021-09-23 20:44:09.683765,-84
2021-09-23 20:44:09.683771,-84
2021-09-23 20:44:09.683778,-72
2021-09-23 20:44:09.683784,-62
2021-09-23 20:44:09.683790,-55
2021-09-23 20:44:09.683796,-40
2021-09-23 20:44:09.683802,-33
2021-09-23 20:44:09.683808,-40
2021-09-23 20:44:09.683814,-48
2021-09-23 20:44:09.683821,-43
2021-09-23 20:44:09.683827,-38
2021-09-23 20:44:09.683833,-40
2021-09-23 20:44:09.683848,-43
2021-09-23 20:44:09.683855,-40
2021-09-23 20:44:09.683862,-40
2021-09-23 20:44:09.683868,-36
2021-09-23 20:44:09.683874,-31
2021-09-23 20:44:09.683880,-40
2021-09-23 20:44:09.683886,-48
2021-09-23 20:44:09.683892,-38
2021-09-23 20:44:09.683898,-36
2021-09-23 20:44:09.683904,-45
2021-09-23 20:44:09.683910,-43
2021-09-23 20:44:09.683916,-43
2021-09-23 20:44:09.909159,-45
2021-09-23 20:44:09.909193,-26
2021-09-23 20:44:09.909202,-4
2021-09-23 20:44:09.909208,7
2021-09-23 20:44:09.909214,7
2021-09-23 20:44:09.909220,-19
2021-09-23 20:44:09.909225,-50
2021-09-23 20:44:09.909229,-45
2021-09-23 20:44:09.909234,-26
2021-09-23 20:44:09.909239,-28
2021-09-23 20:44:09.909244,-38
2021-09-23 20:44:09.909249,-19
2021-09-23 20:44:09.909254,69
2021-09-23 20:44:09.909260,336
2021-09-23 20:44:09.909265,795
2021-09-23 20:44:09.909271,995
2021-09-23 20:44:09.909277,216
2021-09-23 20:44:09.909282,-781
2021-09-23 20:44:09.909288,-569
2021-09-23 20:44:09.909293,-14
2021-09-23 20:44:09.909299,-120
2021-09-23 20:44:09.909303,-187
2021-09-23 20:44:09.909309,-38
2021-09-23 20:44:09.909313,-52
2021-09-23 20:44:09.909318,-91
2021-09-23 20:44:09.909322,-26
2021-09-23 20:44:09.909327,0
2021-09-23 20:44:09.909332,-19
2021-09-23 20:44:09.909337,-4
2021-09-23 20:44:09.909342,14
2021-09-23 20:44:10.177390,16
2021-09-23 20:44:10.177412,26
2021-09-23 20:44:10.177420,40
2021-09-23 20:44:10.177426,48
2021-09-23 20:44:10.177432,57
2021-09-23 20:44:10.177438,79
2021-09-23 20:44:10.177444,93
2021-09-23 20:44:10.177450,103
2021-09-23 20:44:10.177462,117
2021-09-23 20:44:10.177469,127
2021-09-23 20:44:10.177475,132
2021-09-23 20:44:10.177481,139
2021-09-23 20:44:10.177490,144
2021-09-23 20:44:10.177496,141
2021-09-23 20:44:10.177502,125
2021-09-23 20:44:10.177509,96
2021-09-23 20:44:10.177515,50
2021-09-23 20:44:10.177521,2
2021-09-23 20:44:10.177527,-36
2021-09-23 20:44:10.177533,-72
2021-09-23 20:44:10.177539,-101
2021-09-23 20:44:10.177545,-108
2021-09-23 20:44:10.177554,-108
2021-09-23 20:44:10.177560,-122
2021-09-23 20:44:10.177566,-132
2021-09-23 20:44:10.177572,-125
2021-09-23 20:44:10.177578,-117
2021-09-23 20:44:10.177584,-120
2021-09-23 20:44:10.177590,-115
2021-09-23 20:44:10.177596,-93
2021-09-23 20:44:10.358739,-79
2021-09-23 20:44:10.358760,-62
2021-09-23 20:44:10.358768,-50
2021-09-23 20:44:10.358774,-50
2021-09-23 20:44:10.358780,-57
2021-09-23 20:44:10.358787,-45
2021-09-23 20:44:10.358793,-28
2021-09-23 20:44:10.358799,-16
2021-09-23 20:44:10.358805,-19
2021-09-23 20:44:10.358811,-38
2021-09-23 20:44:10.358817,-55
2021-09-23 20:44:10.358823,-48
2021-09-23 20:44:10.358829,-43
2021-09-23 20:44:10.358835,-50
2021-09-23 20:44:10.358841,-45
2021-09-23 20:44:10.358847,-45
2021-09-23 20:44:10.358853,-57
2021-09-23 20:44:10.358859,-50
2021-09-23 20:44:10.358865,-26
2021-09-23 20:44:10.358870,-14
2021-09-23 20:44:10.358876,-21
2021-09-23 20:44:10.358882,-36
2021-09-23 20:44:10.358888,-48
2021-09-23 20:44:10.358894,-60
2021-09-23 20:44:10.358900,-67
2021-09-23 20:44:10.358906,-67
2021-09-23 20:44:10.358912,-60
2021-09-23 20:44:10.358918,-52
2021-09-23 20:44:10.358933,-36
2021-09-23 20:44:10.358940,48
2021-09-23 20:44:10.673131,290
2021-09-23 20:44:10.673153,721
2021-09-23 20:44:10.673160,961
2021-09-23 20:44:10.673167,286
2021-09-23 20:44:10.673173,-697
2021-09-23 20:44:10.673179,-569
2021-09-23 20:44:10.673185,-33
2021-09-23 20:44:10.673191,-105
2021-09-23 20:44:10.673197,-185
2021-09-23 20:44:10.673203,-52
2021-09-23 20:44:10.673209,-48
2021-09-23 20:44:10.673215,-84
2021-09-23 20:44:10.673221,-43
2021-09-23 20:44:10.673227,-16
2021-09-23 20:44:10.673233,-19
2021-09-23 20:44:10.673238,-9
2021-09-23 20:44:10.673244,-2
2021-09-23 20:44:10.673251,0
2021-09-23 20:44:10.673257,12
2021-09-23 20:44:10.673262,28
2021-09-23 20:44:10.673268,40
2021-09-23 20:44:10.673274,50
2021-09-23 20:44:10.673280,64
2021-09-23 20:44:10.673286,88
2021-09-23 20:44:10.673292,110
2021-09-23 20:44:10.673298,125
2021-09-23 20:44:10.673304,144
2021-09-23 20:44:10.673310,158
2021-09-23 20:44:10.673316,161
2021-09-23 20:44:10.673322,170
2021-09-23 20:44:10.853866,173
2021-09-23 20:44:10.853885,149
2021-09-23 20:44:10.853893,96
2021-09-23 20:44:10.853899,38
2021-09-23 20:44:10.853906,4
2021-09-23 20:44:10.853912,-21
2021-09-23 20:44:10.853918,-57
2021-09-23 20:44:10.853924,-93
2021-09-23 20:44:10.853930,-110
2021-09-23 20:44:10.853936,-122
2021-09-23 20:44:10.853942,-120
2021-09-23 20:44:10.853948,-103
2021-09-23 20:44:10.853954,-101
2021-09-23 20:44:10.853960,-108
2021-09-23 20:44:10.853966,-117
2021-09-23 20:44:10.853972,-115
2021-09-23 20:44:10.853978,-105
2021-09-23 20:44:10.853983,-101
2021-09-23 20:44:10.853996,-93
2021-09-23 20:44:10.854003,-79
2021-09-23 20:44:10.854009,-57
2021-09-23 20:44:10.854015,-50
2021-09-23 20:44:10.854021,-60
2021-09-23 20:44:10.854027,-57
2021-09-23 20:44:10.854033,-31
2021-09-23 20:44:10.854039,-26
2021-09-23 20:44:10.854045,-50
2021-09-23 20:44:10.854051,-69
2021-09-23 20:44:10.854057,-64
2021-09-23 20:44:10.854063,-55
2021-09-23 20:44:11.123786,-62
2021-09-23 20:44:11.123809,-67
2021-09-23 20:44:11.123817,-57
2021-09-23 20:44:11.123823,-38
2021-09-23 20:44:11.123830,-14
2021-09-23 20:44:11.123836,-12
2021-09-23 20:44:11.123842,-24
2021-09-23 20:44:11.123848,-40
2021-09-23 20:44:11.123854,-57
2021-09-23 20:44:11.123860,-60
2021-09-23 20:44:11.123866,-48
2021-09-23 20:44:11.123872,-50
2021-09-23 20:44:11.123878,-45
2021-09-23 20:44:11.123884,-31
2021-09-23 20:44:11.123890,43
2021-09-23 20:44:11.123896,324
2021-09-23 20:44:11.123903,793
2021-09-23 20:44:11.123909,935
2021-09-23 20:44:11.123931,165
2021-09-23 20:44:11.123939,-673
2021-09-23 20:44:11.123945,-444
2021-09-23 20:44:11.123952,-24
2021-09-23 20:44:11.123958,-149
2021-09-23 20:44:11.123964,-177
2021-09-23 20:44:11.123970,-43
2021-09-23 20:44:11.123976,-67
2021-09-23 20:44:11.123982,-98
2021-09-23 20:44:11.123988,-43
2021-09-23 20:44:11.123994,-33
2021-09-23 20:44:11.124000,-48
2021-09-23 20:44:11.348666,-31
2021-09-23 20:44:11.348685,-16
2021-09-23 20:44:11.348693,-12
2021-09-23 20:44:11.348700,0
2021-09-23 20:44:11.348706,14
2021-09-23 20:44:11.348712,26
2021-09-23 20:44:11.348718,40
2021-09-23 20:44:11.348724,45
2021-09-23 20:44:11.348737,52
2021-09-23 20:44:11.348744,74
2021-09-23 20:44:11.348750,101
2021-09-23 20:44:11.348756,122
2021-09-23 20:44:11.348762,137
2021-09-23 20:44:11.348768,144
2021-09-23 20:44:11.348775,139
2021-09-23 20:44:11.348781,127
2021-09-23 20:44:11.348787,110
2021-09-23 20:44:11.348793,88
2021-09-23 20:44:11.348799,45
2021-09-23 20:44:11.348805,-14
2021-09-23 20:44:11.348811,-62
2021-09-23 20:44:11.348817,-88
2021-09-23 20:44:11.348823,-108
2021-09-23 20:44:11.348829,-117
2021-09-23 20:44:11.348835,-117
2021-09-23 20:44:11.348841,-113
2021-09-23 20:44:11.348847,-122
2021-09-23 20:44:11.348853,-132
2021-09-23 20:44:11.348860,-127
2021-09-23 20:44:11.348866,-117
2021-09-23 20:44:11.528693,-113
2021-09-23 20:44:11.528713,-105
2021-09-23 20:44:11.528720,-103
2021-09-23 20:44:11.528726,-108
2021-09-23 20:44:11.528732,-98
2021-09-23 20:44:11.528738,-81
2021-09-23 20:44:11.528743,-79
2021-09-23 20:44:11.528749,-76
2021-09-23 20:44:11.528754,-62
2021-09-23 20:44:11.528759,-57
2021-09-23 20:44:11.528765,-55
2021-09-23 20:44:11.528771,-48
2021-09-23 20:44:11.528777,-48
2021-09-23 20:44:11.528782,-50
2021-09-23 20:44:11.528788,-50
2021-09-23 20:44:11.528794,-50
2021-09-23 20:44:11.528799,-48
2021-09-23 20:44:11.528805,-57
2021-09-23 20:44:11.528811,-55
2021-09-23 20:44:11.528816,-33
2021-09-23 20:44:11.528822,-19
2021-09-23 20:44:11.528828,-28
2021-09-23 20:44:11.528834,-26
2021-09-23 20:44:11.528839,-19
2021-09-23 20:44:11.528845,-36
2021-09-23 20:44:11.528851,-45
2021-09-23 20:44:11.528856,-38
2021-09-23 20:44:11.528862,-31
2021-09-23 20:44:11.528873,-28
2021-09-23 20:44:11.528879,-31
2021-09-23 20:44:11.753781,2
2021-09-23 20:44:11.753801,187
2021-09-23 20:44:11.753809,589
2021-09-23 20:44:11.753816,1024
2021-09-23 20:44:11.753822,800
2021-09-23 20:44:11.753829,-211
2021-09-23 20:44:11.753835,-651
2021-09-23 20:44:11.753841,-192
2021-09-23 20:44:11.753847,-38
2021-09-23 20:44:11.753853,-211
2021-09-23 20:44:11.753860,-137
2021-09-23 20:44:11.753866,-48
2021-09-23 20:44:11.753872,-105
2021-09-23 20:44:11.753879,-101
2021-09-23 20:44:11.753885,-52
2021-09-23 20:44:11.753891,-60
2021-09-23 20:44:11.753897,-55
2021-09-23 20:44:11.753903,-28
2021-09-23 20:44:11.753909,-21
2021-09-23 20:44:11.753915,-14
2021-09-23 20:44:11.753921,-2
2021-09-23 20:44:11.753927,2
2021-09-23 20:44:11.753933,12
2021-09-23 20:44:11.753940,28
2021-09-23 20:44:11.753946,43
2021-09-23 20:44:11.753952,64
2021-09-23 20:44:11.753958,84
2021-09-23 20:44:11.753964,98
2021-09-23 20:44:11.753970,117
2021-09-23 20:44:11.753976,137
2021-09-23 20:44:11.978840,141
2021-09-23 20:44:11.978856,127
2021-09-23 20:44:11.978860,113
2021-09-23 20:44:11.978864,105
2021-09-23 20:44:11.978867,79
2021-09-23 20:44:11.978870,33
2021-09-23 20:44:11.978874,-7
2021-09-23 20:44:11.978877,-36
2021-09-23 20:44:11.978880,-57
2021-09-23 20:44:11.978883,-76
2021-09-23 20:44:11.978886,-93
2021-09-23 20:44:11.978890,-98
2021-09-23 20:44:11.978893,-88
2021-09-23 20:44:11.978896,-72
2021-09-23 20:44:11.978899,-67
2021-09-23 20:44:11.978903,-72
2021-09-23 20:44:11.978906,-74
2021-09-23 20:44:11.978909,-64
2021-09-23 20:44:11.978912,-50
2021-09-23 20:44:11.978915,-48
2021-09-23 20:44:11.978919,-57
2021-09-23 20:44:11.978922,-52
2021-09-23 20:44:11.978925,-40
2021-09-23 20:44:11.978928,-38
2021-09-23 20:44:11.978939,-31
2021-09-23 20:44:11.978942,-19
2021-09-23 20:44:11.978945,-19
2021-09-23 20:44:11.978949,-14
2021-09-23 20:44:11.978952,-2
2021-09-23 20:44:11.978955,-4
2021-09-23 20:44:12.247421,-7
2021-09-23 20:44:12.247442,2
2021-09-23 20:44:12.247449,7
2021-09-23 20:44:12.247456,-7
2021-09-23 20:44:12.247462,-19
2021-09-23 20:44:12.247468,-16
2021-09-23 20:44:12.247474,-14
2021-09-23 20:44:12.247480,-12
2021-09-23 20:44:12.247487,-19
2021-09-23 20:44:12.247493,-33
2021-09-23 20:44:12.247499,-31
2021-09-23 20:44:12.247505,-12
2021-09-23 20:44:12.247511,-2
2021-09-23 20:44:12.247517,4
2021-09-23 20:44:12.247523,21
2021-09-23 20:44:12.247529,9
2021-09-23 20:44:12.247536,-16
2021-09-23 20:44:12.247542,-14
2021-09-23 20:44:12.247548,-2
2021-09-23 20:44:12.247554,0
2021-09-23 20:44:12.247561,-2
2021-09-23 20:44:12.247567,2
2021-09-23 20:44:12.247573,52
2021-09-23 20:44:12.247579,254
2021-09-23 20:44:12.247585,675
2021-09-23 20:44:12.247591,1091
2021-09-23 20:44:12.247597,762
2021-09-23 20:44:12.247603,-247
2021-09-23 20:44:12.247610,-553
2021-09-23 20:44:12.247616,-93
2021-09-23 20:44:12.473763,-24
2021-09-23 20:44:12.473784,-185
2021-09-23 20:44:12.473792,-93
2021-09-23 20:44:12.473798,-38
2021-09-23 20:44:12.473804,-91
2021-09-23 20:44:12.473810,-62
2021-09-23 20:44:12.473816,-24
2021-09-23 20:44:12.473822,-43
2021-09-23 20:44:12.473838,-40
2021-09-23 20:44:12.473844,-16
2021-09-23 20:44:12.473851,-16
2021-09-23 20:44:12.473857,-16
2021-09-23 20:44:12.473863,-7
2021-09-23 20:44:12.473869,2
2021-09-23 20:44:12.473875,4
2021-09-23 20:44:12.473881,7
2021-09-23 20:44:12.473886,31
2021-09-23 20:44:12.473892,57
2021-09-23 20:44:12.473898,67
2021-09-23 20:44:12.473904,81
2021-09-23 20:44:12.473910,103
2021-09-23 20:44:12.473916,108
2021-09-23 20:44:12.473922,110
2021-09-23 20:44:12.473928,117
2021-09-23 20:44:12.473934,117
2021-09-23 20:44:12.473940,105
2021-09-23 20:44:12.473946,76
2021-09-23 20:44:12.473953,31
2021-09-23 20:44:12.473959,-7
2021-09-23 20:44:12.473965,-26
2021-09-23 20:44:12.698779,-43
2021-09-23 20:44:12.698801,-69
2021-09-23 20:44:12.698808,-91
2021-09-23 20:44:12.698815,-88
2021-09-23 20:44:12.698821,-79
2021-09-23 20:44:12.698827,-79
2021-09-23 20:44:12.698833,-81
2021-09-23 20:44:12.698839,-84
2021-09-23 20:44:12.698846,-86
2021-09-23 20:44:12.698852,-88
2021-09-23 20:44:12.698858,-91
2021-09-23 20:44:12.698864,-86
2021-09-23 20:44:12.698870,-76
2021-09-23 20:44:12.698876,-69
2021-09-23 20:44:12.698882,-74
2021-09-23 20:44:12.698888,-81
2021-09-23 20:44:12.698895,-69
2021-09-23 20:44:12.698901,-50
2021-09-23 20:44:12.698907,-40
2021-09-23 20:44:12.698913,-36
2021-09-23 20:44:12.698919,-36
2021-09-23 20:44:12.698925,-33
2021-09-23 20:44:12.698931,-24
2021-09-23 20:44:12.698937,-12
2021-09-23 20:44:12.698943,-7
2021-09-23 20:44:12.698949,-9
2021-09-23 20:44:12.698955,-9
2021-09-23 20:44:12.698961,-9
2021-09-23 20:44:12.698978,-9
2021-09-23 20:44:12.698985,-4
2021-09-23 20:44:12.923719,4
2021-09-23 20:44:12.923741,4
2021-09-23 20:44:12.923748,-4
2021-09-23 20:44:12.923754,-4
2021-09-23 20:44:12.923760,0
2021-09-23 20:44:12.923765,-4
2021-09-23 20:44:12.923771,-7
2021-09-23 20:44:12.923777,-7
2021-09-23 20:44:12.923783,-19
2021-09-23 20:44:12.923788,-26
2021-09-23 20:44:12.923794,-14
2021-09-23 20:44:12.923799,-9
2021-09-23 20:44:12.923805,-12
2021-09-23 20:44:12.923811,-14
2021-09-23 20:44:12.923817,-19
2021-09-23 20:44:12.923822,-21
2021-09-23 20:44:12.923828,-28
2021-09-23 20:44:12.923833,-26
2021-09-23 20:44:12.923839,-9
2021-09-23 20:44:12.923845,2
2021-09-23 20:44:12.923850,-2
2021-09-23 20:44:12.923856,-4
2021-09-23 20:44:12.923861,-16
2021-09-23 20:44:12.923867,-31
2021-09-23 20:44:12.923873,-31
2021-09-23 20:44:12.923878,-24
2021-09-23 20:44:12.923884,-24
2021-09-23 20:44:12.923889,-21
2021-09-23 20:44:12.923895,4
2021-09-23 20:44:12.923900,125
2021-09-23 20:44:13.193792,452
2021-09-23 20:44:13.193813,957
2021-09-23 20:44:13.193821,1113
2021-09-23 20:44:13.193827,305
2021-09-23 20:44:13.193834,-557
2021-09-23 20:44:13.193840,-351
2021-09-23 20:44:13.193846,2
2021-09-23 20:44:13.193852,-165
2021-09-23 20:44:13.193858,-197
2021-09-23 20:44:13.193864,-50
2021-09-23 20:44:13.193870,-72
2021-09-23 20:44:13.193876,-108
2021-09-23 20:44:13.193882,-60
2021-09-23 20:44:13.193888,-48
2021-09-23 20:44:13.193894,-57
2021-09-23 20:44:13.193900,-38
2021-09-23 20:44:13.193906,-24
2021-09-23 20:44:13.193912,-21
2021-09-23 20:44:13.193922,-12
2021-09-23 20:44:13.193928,-7
2021-09-23 20:44:13.193934,0
2021-09-23 20:44:13.193940,16
2021-09-23 20:44:13.193946,31
2021-09-23 20:44:13.193952,43
2021-09-23 20:44:13.193958,57
2021-09-23 20:44:13.193964,76
2021-09-23 20:44:13.193970,93
2021-09-23 20:44:13.193976,105
2021-09-23 20:44:13.193982,113
2021-09-23 20:44:13.193988,115
2021-09-23 20:44:13.373775,110
2021-09-23 20:44:13.373796,108
2021-09-23 20:44:13.373803,101
2021-09-23 20:44:13.373810,72
2021-09-23 20:44:13.373816,38
2021-09-23 20:44:13.373822,14
2021-09-23 20:44:13.373828,-26
2021-09-23 20:44:13.373834,-60
2021-09-23 20:44:13.373840,-69
2021-09-23 20:44:13.373846,-76
2021-09-23 20:44:13.373852,-93
2021-09-23 20:44:13.373858,-88
2021-09-23 20:44:13.373864,-76
2021-09-23 20:44:13.373870,-79
2021-09-23 20:44:13.373876,-86
2021-09-23 20:44:13.373882,-84
2021-09-23 20:44:13.373889,-76
2021-09-23 20:44:13.373895,-76
2021-09-23 20:44:13.373901,-84
2021-09-23 20:44:13.373907,-79
2021-09-23 20:44:13.373913,-74
2021-09-23 20:44:13.373919,-76
2021-09-23 20:44:13.373925,-67
2021-09-23 20:44:13.373931,-60
2021-09-23 20:44:13.373936,-60
2021-09-23 20:44:13.373943,-62
2021-09-23 20:44:13.373949,-62
2021-09-23 20:44:13.373955,-55
2021-09-23 20:44:13.373960,-43
2021-09-23 20:44:13.373967,-38
2021-09-23 20:44:13.598796,-36
2021-09-23 20:44:13.598817,-38
2021-09-23 20:44:13.598825,-45
2021-09-23 20:44:13.598831,-40
2021-09-23 20:44:13.598838,-33
2021-09-23 20:44:13.598844,-43
2021-09-23 20:44:13.598850,-52
2021-09-23 20:44:13.598856,-40
2021-09-23 20:44:13.598869,-21
2021-09-23 20:44:13.598875,-28
2021-09-23 20:44:13.598882,-40
2021-09-23 20:44:13.598888,-48
2021-09-23 20:44:13.598894,-48
2021-09-23 20:44:13.598900,-45
2021-09-23 20:44:13.598906,-50
2021-09-23 20:44:13.598912,-67
2021-09-23 20:44:13.598918,-64
2021-09-23 20:44:13.598924,-50
2021-09-23 20:44:13.598930,-50
2021-09-23 20:44:13.598936,-55
2021-09-23 20:44:13.598942,-48
2021-09-23 20:44:13.598948,-45
2021-09-23 20:44:13.598954,-45
2021-09-23 20:44:13.598960,-40
2021-09-23 20:44:13.598966,-38
2021-09-23 20:44:13.598972,-38
2021-09-23 20:44:13.598978,-33
2021-09-23 20:44:13.598984,-36
2021-09-23 20:44:13.598990,-43
2021-09-23 20:44:13.598996,-38
2021-09-23 20:44:13.823761,-31
2021-09-23 20:44:13.823784,-28
2021-09-23 20:44:13.823791,-14
2021-09-23 20:44:13.823798,2
2021-09-23 20:44:13.823804,4
2021-09-23 20:44:13.823810,-7
2021-09-23 20:44:13.823816,-19
2021-09-23 20:44:13.823822,-24
2021-09-23 20:44:13.823828,-26
2021-09-23 20:44:13.823834,-24
2021-09-23 20:44:13.823841,-16
2021-09-23 20:44:13.823847,-7
2021-09-23 20:44:13.823853,26
2021-09-23 20:44:13.823859,187
2021-09-23 20:44:13.823865,579
2021-09-23 20:44:13.823871,1070
2021-09-23 20:44:13.823877,928
2021-09-23 20:44:13.823883,-125
2021-09-23 20:44:13.823889,-675
2021-09-23 20:44:13.823895,-211
2021-09-23 20:44:13.823901,-9
2021-09-23 20:44:13.823907,-197
2021-09-23 20:44:13.823913,-132
2021-09-23 20:44:13.823919,-33
2021-09-23 20:44:13.823925,-84
2021-09-23 20:44:13.823931,-72
2021-09-23 20:44:13.823937,-24
2021-09-23 20:44:13.823943,-28
2021-09-23 20:44:13.823955,-33
2021-09-23 20:44:13.823961,-12
2021-09-23 20:44:14.048804,-4
2021-09-23 20:44:14.048826,-9
2021-09-23 20:44:14.048834,0
2021-09-23 20:44:14.048841,16
2021-09-23 20:44:14.048847,19
2021-09-23 20:44:14.048853,21
2021-09-23 20:44:14.048859,36
2021-09-23 20:44:14.048865,52
2021-09-23 20:44:14.048871,69
2021-09-23 20:44:14.048878,76
2021-09-23 20:44:14.048884,84
2021-09-23 20:44:14.048890,103
2021-09-23 20:44:14.048896,120
2021-09-23 20:44:14.048902,115
2021-09-23 20:44:14.048908,103
2021-09-23 20:44:14.048914,84
2021-09-23 20:44:14.048921,60
2021-09-23 20:44:14.048927,43
2021-09-23 20:44:14.048933,14
2021-09-23 20:44:14.048939,-33
2021-09-23 20:44:14.048945,-69
2021-09-23 20:44:14.048951,-86
2021-09-23 20:44:14.048957,-101
2021-09-23 20:44:14.048963,-117
2021-09-23 20:44:14.048969,-122
2021-09-23 20:44:14.048975,-115
2021-09-23 20:44:14.048981,-113
2021-09-23 20:44:14.048987,-115
2021-09-23 20:44:14.048993,-115
2021-09-23 20:44:14.048999,-113
2021-09-23 20:44:14.362386,-108
2021-09-23 20:44:14.362406,-98
2021-09-23 20:44:14.362414,-98
2021-09-23 20:44:14.362420,-105
2021-09-23 20:44:14.362427,-103
2021-09-23 20:44:14.362433,-91
2021-09-23 20:44:14.362439,-88
2021-09-23 20:44:14.362445,-81
2021-09-23 20:44:14.362451,-69
2021-09-23 20:44:14.362457,-67
2021-09-23 20:44:14.362463,-64
2021-09-23 20:44:14.362469,-57
2021-09-23 20:44:14.362475,-52
2021-09-23 20:44:14.362481,-50
2021-09-23 20:44:14.362487,-45
2021-09-23 20:44:14.362493,-48
2021-09-23 20:44:14.362499,-45
2021-09-23 20:44:14.362505,-36
2021-09-23 20:44:14.362518,-26
2021-09-23 20:44:14.362524,-14
2021-09-23 20:44:14.362530,-9
2021-09-23 20:44:14.362536,-21
2021-09-23 20:44:14.362542,-26
2021-09-23 20:44:14.362548,-16
2021-09-23 20:44:14.362554,-7
2021-09-23 20:44:14.362560,-2
2021-09-23 20:44:14.362566,-2
2021-09-23 20:44:14.362572,-9
2021-09-23 20:44:14.362579,-14
2021-09-23 20:44:14.362584,-2
2021-09-23 20:44:14.544309,4
2021-09-23 20:44:14.544331,4
2021-09-23 20:44:14.544339,4
2021-09-23 20:44:14.544345,0
2021-09-23 20:44:14.544351,-2
2021-09-23 20:44:14.544357,2
2021-09-23 20:44:14.544363,-2
2021-09-23 20:44:14.544369,-21
2021-09-23 20:44:14.544375,-40
2021-09-23 20:44:14.544381,-38
2021-09-23 20:44:14.544387,-12
2021-09-23 20:44:14.544394,12
2021-09-23 20:44:14.544400,9
2021-09-23 20:44:14.544406,0
2021-09-23 20:44:14.544412,-21
2021-09-23 20:44:14.544418,-48
2021-09-23 20:44:14.544424,-45
2021-09-23 20:44:14.544430,-24
2021-09-23 20:44:14.544436,-16
2021-09-23 20:44:14.544443,-16
2021-09-23 20:44:14.544449,0
2021-09-23 20:44:14.544455,88
2021-09-23 20:44:14.544461,351
2021-09-23 20:44:14.544467,771
2021-09-23 20:44:14.544473,949
2021-09-23 20:44:14.544479,269
2021-09-23 20:44:14.544485,-598
2021-09-23 20:44:14.544492,-444
2021-09-23 20:44:14.544498,-12
2021-09-23 20:44:14.544504,-122
2021-09-23 20:44:14.768817,-173
2021-09-23 20:44:14.768838,-36
2021-09-23 20:44:14.768845,-55
2021-09-23 20:44:14.768852,-96
2021-09-23 20:44:14.768858,-36
2021-09-23 20:44:14.768864,-16
2021-09-23 20:44:14.768870,-33
2021-09-23 20:44:14.768876,-24
2021-09-23 20:44:14.768888,-21
2021-09-23 20:44:14.768895,-28
2021-09-23 20:44:14.768901,-14
2021-09-23 20:44:14.768907,7
2021-09-23 20:44:14.768913,16
2021-09-23 20:44:14.768918,21
2021-09-23 20:44:14.768924,26
2021-09-23 20:44:14.768930,31
2021-09-23 20:44:14.768936,50
2021-09-23 20:44:14.768942,74
2021-09-23 20:44:14.768948,81
2021-09-23 20:44:14.768954,86
2021-09-23 20:44:14.768960,110
2021-09-23 20:44:14.768966,127
2021-09-23 20:44:14.768972,110
2021-09-23 20:44:14.768978,86
2021-09-23 20:44:14.768984,79
2021-09-23 20:44:14.768990,55
2021-09-23 20:44:14.768996,9
2021-09-23 20:44:14.769002,-31
2021-09-23 20:44:14.769008,-64
2021-09-23 20:44:14.769014,-91
2021-09-23 20:44:14.993843,-110
2021-09-23 20:44:14.993866,-127
2021-09-23 20:44:14.993874,-127
2021-09-23 20:44:14.993880,-117
2021-09-23 20:44:14.993887,-120
2021-09-23 20:44:14.993893,-125
2021-09-23 20:44:14.993900,-122
2021-09-23 20:44:14.993906,-120
2021-09-23 20:44:14.993912,-125
2021-09-23 20:44:14.993918,-117
2021-09-23 20:44:14.993924,-101
2021-09-23 20:44:14.993930,-96
2021-09-23 20:44:14.993937,-103
2021-09-23 20:44:14.993943,-105
2021-09-23 20:44:14.993949,-93
2021-09-23 20:44:14.993955,-76
2021-09-23 20:44:14.993961,-67
2021-09-23 20:44:14.993967,-60
2021-09-23 20:44:14.993973,-57
2021-09-23 20:44:14.993980,-52
2021-09-23 20:44:14.993986,-48
2021-09-23 20:44:14.993992,-45
2021-09-23 20:44:14.993998,-45
2021-09-23 20:44:14.994005,-40
2021-09-23 20:44:14.994011,-38
2021-09-23 20:44:14.994017,-40
2021-09-23 20:44:14.994023,-43
2021-09-23 20:44:14.994029,-45
2021-09-23 20:44:14.994071,-48
2021-09-23 20:44:14.994078,-40
2021-09-23 20:44:15.218803,-40
2021-09-23 20:44:15.218824,-40
2021-09-23 20:44:15.218831,-31
2021-09-23 20:44:15.218837,-26
2021-09-23 20:44:15.218844,-28
2021-09-23 20:44:15.218850,-28
2021-09-23 20:44:15.218855,-36
2021-09-23 20:44:15.218861,-38
2021-09-23 20:44:15.218867,-26
2021-09-23 20:44:15.218873,-26
2021-09-23 20:44:15.218879,-33
2021-09-23 20:44:15.218885,-31
2021-09-23 20:44:15.218891,-26
2021-09-23 20:44:15.218897,-14
2021-09-23 20:44:15.218903,2
2021-09-23 20:44:15.218909,-2
2021-09-23 20:44:15.218915,-9
2021-09-23 20:44:15.218921,-4
2021-09-23 20:44:15.218927,-14
2021-09-23 20:44:15.218933,-33
2021-09-23 20:44:15.218939,-31
2021-09-23 20:44:15.218945,-19
2021-09-23 20:44:15.218951,-12
2021-09-23 20:44:15.218957,-7
2021-09-23 20:44:15.218963,21
2021-09-23 20:44:15.218969,173
2021-09-23 20:44:15.218975,538
2021-09-23 20:44:15.218981,1007
2021-09-23 20:44:15.218987,937
2021-09-23 20:44:15.218993,-9
2021-09-23 20:44:15.488181,-620
2021-09-23 20:44:15.488202,-247
2021-09-23 20:44:15.488209,-14
2021-09-23 20:44:15.488216,-185
2021-09-23 20:44:15.488222,-151
2021-09-23 20:44:15.488228,-57
2021-09-23 20:44:15.488234,-98
2021-09-23 20:44:15.488240,-93
2021-09-23 20:44:15.488246,-45
2021-09-23 20:44:15.488252,-48
2021-09-23 20:44:15.488258,-57
2021-09-23 20:44:15.488264,-43
2021-09-23 20:44:15.488270,-36
2021-09-23 20:44:15.488276,-26
2021-09-23 20:44:15.488282,-12
2021-09-23 20:44:15.488288,-12
2021-09-23 20:44:15.488294,0
2021-09-23 20:44:15.488300,16
2021-09-23 20:44:15.488316,19
2021-09-23 20:44:15.488322,26
2021-09-23 20:44:15.488328,50
2021-09-23 20:44:15.488334,69
2021-09-23 20:44:15.488340,79
2021-09-23 20:44:15.488346,96
2021-09-23 20:44:15.488352,115
2021-09-23 20:44:15.488358,125
2021-09-23 20:44:15.488364,115
2021-09-23 20:44:15.488370,96
2021-09-23 20:44:15.488376,81
2021-09-23 20:44:15.488382,57
2021-09-23 20:44:15.668790,16
2021-09-23 20:44:15.668811,-24
2021-09-23 20:44:15.668819,-57
2021-09-23 20:44:15.668825,-79
2021-09-23 20:44:15.668831,-88
2021-09-23 20:44:15.668837,-103
2021-09-23 20:44:15.668844,-110
2021-09-23 20:44:15.668850,-98
2021-09-23 20:44:15.668856,-93
2021-09-23 20:44:15.668862,-98
2021-09-23 20:44:15.668868,-103
2021-09-23 20:44:15.668874,-103
2021-09-23 20:44:15.668880,-101
2021-09-23 20:44:15.668886,-86
2021-09-23 20:44:15.668892,-67
2021-09-23 20:44:15.668898,-60
2021-09-23 20:44:15.668904,-62
2021-09-23 20:44:15.668910,-60
2021-09-23 20:44:15.668916,-45
2021-09-23 20:44:15.668922,-28
2021-09-23 20:44:15.668928,-21
2021-09-23 20:44:15.668934,-21
2021-09-23 20:44:15.668940,-33
2021-09-23 20:44:15.668946,-36
2021-09-23 20:44:15.668952,-16
2021-09-23 20:44:15.668958,-7
2021-09-23 20:44:15.668964,-16
2021-09-23 20:44:15.668970,-16
2021-09-23 20:44:15.668976,-4
2021-09-23 20:44:15.668982,-2
2021-09-23 20:44:15.893684,2
2021-09-23 20:44:15.893704,9
2021-09-23 20:44:15.893712,0
2021-09-23 20:44:15.893718,-16
2021-09-23 20:44:15.893725,-16
2021-09-23 20:44:15.893731,-12
2021-09-23 20:44:15.893737,-9
2021-09-23 20:44:15.893743,-7
2021-09-23 20:44:15.893750,-7
2021-09-23 20:44:15.893756,-12
2021-09-23 20:44:15.893762,-19
2021-09-23 20:44:15.893768,-21
2021-09-23 20:44:15.893774,-12
2021-09-23 20:44:15.893780,0
2021-09-23 20:44:15.893786,4
2021-09-23 20:44:15.893792,9
2021-09-23 20:44:15.893798,9
2021-09-23 20:44:15.893804,7
2021-09-23 20:44:15.893817,4
2021-09-23 20:44:15.893824,7
2021-09-23 20:44:15.893830,7
2021-09-23 20:44:15.893836,14
2021-09-23 20:44:15.893842,28
2021-09-23 20:44:15.893848,28
2021-09-23 20:44:15.893854,12
2021-09-23 20:44:15.893860,-4
2021-09-23 20:44:15.893866,-12
2021-09-23 20:44:15.893872,-19
2021-09-23 20:44:15.893878,-14
2021-09-23 20:44:15.893884,-4
2021-09-23 20:44:16.208806,4
2021-09-23 20:44:16.208828,43
2021-09-23 20:44:16.208836,189
2021-09-23 20:44:16.208842,541
2021-09-23 20:44:16.208849,1036
2021-09-23 20:44:16.208855,1048
2021-09-23 20:44:16.208861,134
2021-09-23 20:44:16.208867,-569
2021-09-23 20:44:16.208873,-264
2021-09-23 20:44:16.208879,-9
2021-09-23 20:44:16.208885,-185
2021-09-23 20:44:16.208891,-161
2021-09-23 20:44:16.208897,-36
2021-09-23 20:44:16.208903,-69
2021-09-23 20:44:16.208909,-96
2021-09-23 20:44:16.208915,-57
2021-09-23 20:44:16.208922,-45
2021-09-23 20:44:16.208928,-40
2021-09-23 20:44:16.208934,-21
2021-09-23 20:44:16.208940,-4
2021-09-23 20:44:16.208946,-4
2021-09-23 20:44:16.208952,-2
2021-09-23 20:44:16.208958,12
2021-09-23 20:44:16.208963,24
2021-09-23 20:44:16.208969,33
2021-09-23 20:44:16.208975,43
2021-09-23 20:44:16.208981,55
2021-09-23 20:44:16.208988,74
2021-09-23 20:44:16.209000,88
2021-09-23 20:44:16.209007,103
2021-09-23 20:44:16.432374,129
2021-09-23 20:44:16.432393,139
2021-09-23 20:44:16.432401,129
2021-09-23 20:44:16.432407,127
2021-09-23 20:44:16.432414,137
2021-09-23 20:44:16.432420,125
2021-09-23 20:44:16.432426,88
2021-09-23 20:44:16.432432,40
2021-09-23 20:44:16.432438,-9
2021-09-23 20:44:16.432444,-43
2021-09-23 20:44:16.432450,-60
2021-09-23 20:44:16.432456,-72
2021-09-23 20:44:16.432462,-81
2021-09-23 20:44:16.432468,-88
2021-09-23 20:44:16.432474,-96
2021-09-23 20:44:16.432480,-91
2021-09-23 20:44:16.432486,-88
2021-09-23 20:44:16.432493,-91
2021-09-23 20:44:16.432499,-88
2021-09-23 20:44:16.432505,-81
2021-09-23 20:44:16.432511,-84
2021-09-23 20:44:16.432517,-88
2021-09-23 20:44:16.432522,-86
2021-09-23 20:44:16.432528,-93
2021-09-23 20:44:16.432534,-103
2021-09-23 20:44:16.432540,-93
2021-09-23 20:44:16.432546,-81
2021-09-23 20:44:16.432552,-74
2021-09-23 20:44:16.432558,-69
2021-09-23 20:44:16.432564,-62
2021-09-23 20:44:16.613809,-69
2021-09-23 20:44:16.613830,-72
2021-09-23 20:44:16.613838,-57
2021-09-23 20:44:16.613844,-55
2021-09-23 20:44:16.613851,-55
2021-09-23 20:44:16.613857,-40
2021-09-23 20:44:16.613863,-31
2021-09-23 20:44:16.613869,-36
2021-09-23 20:44:16.613875,-40
2021-09-23 20:44:16.613881,-52
2021-09-23 20:44:16.613887,-67
2021-09-23 20:44:16.613893,-60
2021-09-23 20:44:16.613898,-45
2021-09-23 20:44:16.613904,-48
2021-09-23 20:44:16.613910,-55
2021-09-23 20:44:16.613916,-55
2021-09-23 20:44:16.613922,-52
2021-09-23 20:44:16.613928,-43
2021-09-23 20:44:16.613940,-45
2021-09-23 20:44:16.613947,-57
2021-09-23 20:44:16.613953,-48
2021-09-23 20:44:16.613959,-38
2021-09-23 20:44:16.613965,-48
2021-09-23 20:44:16.613971,-48
2021-09-23 20:44:16.613977,-33
2021-09-23 20:44:16.613983,-21
2021-09-23 20:44:16.613989,-21
2021-09-23 20:44:16.613995,-14
2021-09-23 20:44:16.614001,0
2021-09-23 20:44:16.614007,-19
2021-09-23 20:44:16.883731,-43
2021-09-23 20:44:16.883750,-36
2021-09-23 20:44:16.883758,-40
2021-09-23 20:44:16.883764,-48
2021-09-23 20:44:16.883770,-31
2021-09-23 20:44:16.883776,-24
2021-09-23 20:44:16.883782,-2
2021-09-23 20:44:16.883788,161
2021-09-23 20:44:16.883794,524
2021-09-23 20:44:16.883800,899
2021-09-23 20:44:16.883806,634
2021-09-23 20:44:16.883812,-324
2021-09-23 20:44:16.883818,-663
2021-09-23 20:44:16.883824,-185
2021-09-23 20:44:16.883830,-52
2021-09-23 20:44:16.883836,-202
2021-09-23 20:44:16.883842,-105
2021-09-23 20:44:16.883848,-31
2021-09-23 20:44:16.883854,-81
2021-09-23 20:44:16.883860,-74
2021-09-23 20:44:16.883866,-38
2021-09-23 20:44:16.883872,-40
2021-09-23 20:44:16.883878,-36
2021-09-23 20:44:16.883884,-12
2021-09-23 20:44:16.883897,-2
2021-09-23 20:44:16.883903,2
2021-09-23 20:44:16.883910,14
2021-09-23 20:44:16.883916,16
2021-09-23 20:44:16.883922,21
2021-09-23 20:44:16.883928,38
2021-09-23 20:44:17.063845,60
2021-09-23 20:44:17.063866,72
2021-09-23 20:44:17.063874,84
2021-09-23 20:44:17.063880,103
2021-09-23 20:44:17.063887,115
2021-09-23 20:44:17.063893,117
2021-09-23 20:44:17.063899,113
2021-09-23 20:44:17.063905,113
2021-09-23 20:44:17.063911,113
2021-09-23 20:44:17.063917,101
2021-09-23 20:44:17.063923,76
2021-09-23 20:44:17.063929,40
2021-09-23 20:44:17.063935,-2
2021-09-23 20:44:17.063941,-48
2021-09-23 20:44:17.063947,-84
2021-09-23 20:44:17.063953,-103
2021-09-23 20:44:17.063959,-105
2021-09-23 20:44:17.063965,-110
2021-09-23 20:44:17.063971,-117
2021-09-23 20:44:17.063977,-120
2021-09-23 20:44:17.063983,-115
2021-09-23 20:44:17.063989,-113
2021-09-23 20:44:17.063995,-108
2021-09-23 20:44:17.064001,-98
2021-09-23 20:44:17.064007,-98
2021-09-23 20:44:17.064013,-93
2021-09-23 20:44:17.064019,-72
2021-09-23 20:44:17.064025,-62
2021-09-23 20:44:17.064030,-57
2021-09-23 20:44:17.064036,-45
2021-09-23 20:44:17.378828,-38
2021-09-23 20:44:17.378848,-36
2021-09-23 20:44:17.378856,-31
2021-09-23 20:44:17.378862,-33
2021-09-23 20:44:17.378868,-33
2021-09-23 20:44:17.378874,-28
2021-09-23 20:44:17.378881,-26
2021-09-23 20:44:17.378887,-33
2021-09-23 20:44:17.378893,-36
2021-09-23 20:44:17.378899,-33
2021-09-23 20:44:17.378905,-38
2021-09-23 20:44:17.378911,-40
2021-09-23 20:44:17.378917,-38
2021-09-23 20:44:17.378923,-33
2021-09-23 20:44:17.378929,-33
2021-09-23 20:44:17.378935,-36
2021-09-23 20:44:17.378941,-38
2021-09-23 20:44:17.378947,-33
2021-09-23 20:44:17.378953,-28
2021-09-23 20:44:17.378959,-31
2021-09-23 20:44:17.378965,-33
2021-09-23 20:44:17.378971,-33
2021-09-23 20:44:17.378977,-36
2021-09-23 20:44:17.378983,-38
2021-09-23 20:44:17.378989,-26
2021-09-23 20:44:17.378995,-9
2021-09-23 20:44:17.379001,-2
2021-09-23 20:44:17.379007,-2
2021-09-23 20:44:17.379020,-9
2021-09-23 20:44:17.379026,-19
2021-09-23 20:44:17.513822,-14
2021-09-23 20:44:17.513844,-12
2021-09-23 20:44:17.513851,-21
2021-09-23 20:44:17.513858,-21
2021-09-23 20:44:17.513864,-9
2021-09-23 20:44:17.513870,12
2021-09-23 20:44:17.513876,144
2021-09-23 20:44:17.513883,500
2021-09-23 20:44:17.513888,966
2021-09-23 20:44:17.513894,964
2021-09-23 20:44:17.513901,103
2021-09-23 20:44:17.513907,-565
2021-09-23 20:44:17.513913,-262
2021-09-23 20:44:17.513919,-9
2021-09-23 20:44:17.513925,-199
2021-09-23 20:44:17.513931,-185
2021-09-23 20:44:17.513937,-60
2021-09-23 20:44:17.513943,-96
2021-09-23 20:44:17.513949,-110
2021-09-23 20:44:17.513955,-60
2021-09-23 20:44:17.513961,-50
2021-09-23 20:44:17.513967,-62
2021-09-23 20:44:17.513973,-57
2021-09-23 20:44:17.513979,-52
2021-09-23 20:44:17.513985,-36
2021-09-23 20:44:17.513991,-9
2021-09-23 20:44:17.513997,0
2021-09-23 20:44:17.514003,-4
2021-09-23 20:44:17.514009,0
2021-09-23 20:44:17.514015,14
2021-09-23 20:44:17.738843,38
2021-09-23 20:44:17.738865,64
2021-09-23 20:44:17.738873,79
2021-09-23 20:44:17.738879,86
2021-09-23 20:44:17.738885,96
2021-09-23 20:44:17.738891,103
2021-09-23 20:44:17.738897,105
2021-09-23 20:44:17.738903,103
2021-09-23 20:44:17.738910,93
2021-09-23 20:44:17.738916,79
2021-09-23 20:44:17.738922,52
2021-09-23 20:44:17.738928,9
2021-09-23 20:44:17.738934,-36
2021-09-23 20:44:17.738940,-67
2021-09-23 20:44:17.738947,-88
2021-09-23 20:44:17.738953,-105
2021-09-23 20:44:17.738959,-108
2021-09-23 20:44:17.738965,-98
2021-09-23 20:44:17.738978,-93
2021-09-23 20:44:17.738984,-93
2021-09-23 20:44:17.738990,-101
2021-09-23 20:44:17.738996,-113
2021-09-23 20:44:17.739002,-110
2021-09-23 20:44:17.739008,-103
2021-09-23 20:44:17.739014,-93
2021-09-23 20:44:17.739021,-84
2021-09-23 20:44:17.739026,-79
2021-09-23 20:44:17.739033,-81
2021-09-23 20:44:17.739039,-76
2021-09-23 20:44:17.739045,-67
2021-09-23 20:44:18.008902,-55
2021-09-23 20:44:18.008945,-48
2021-09-23 20:44:18.008953,-52
2021-09-23 20:44:18.008959,-60
2021-09-23 20:44:18.008966,-50
2021-09-23 20:44:18.008972,-38
2021-09-23 20:44:18.008978,-36
2021-09-23 20:44:18.008984,-33
2021-09-23 20:44:18.008990,-26
2021-09-23 20:44:18.008996,-33
2021-09-23 20:44:18.009002,-38
2021-09-23 20:44:18.009008,-31
2021-09-23 20:44:18.009014,-33
2021-09-23 20:44:18.009020,-40
2021-09-23 20:44:18.009027,-36
2021-09-23 20:44:18.009033,-21
2021-09-23 20:44:18.009068,-16
2021-09-23 20:44:18.009074,-14
2021-09-23 20:44:18.009081,-7
2021-09-23 20:44:18.009087,-16
2021-09-23 20:44:18.009093,-33
2021-09-23 20:44:18.009099,-40
2021-09-23 20:44:18.009105,-33
2021-09-23 20:44:18.009111,-26
2021-09-23 20:44:18.009117,-26
2021-09-23 20:44:18.009123,-16
2021-09-23 20:44:18.009129,33
2021-09-23 20:44:18.009136,206
2021-09-23 20:44:18.009142,586
2021-09-23 20:44:18.009148,995
2021-09-23 20:44:18.233848,711
2021-09-23 20:44:18.233869,-324
2021-09-23 20:44:18.233876,-670
2021-09-23 20:44:18.233883,-146
2021-09-23 20:44:18.233889,-9
2021-09-23 20:44:18.233895,-175
2021-09-23 20:44:18.233901,-79
2021-09-23 20:44:18.233907,-7
2021-09-23 20:44:18.233921,-69
2021-09-23 20:44:18.233927,-60
2021-09-23 20:44:18.233933,-12
2021-09-23 20:44:18.233939,-14
2021-09-23 20:44:18.233945,-21
2021-09-23 20:44:18.233951,0
2021-09-23 20:44:18.233957,9
2021-09-23 20:44:18.233964,4
2021-09-23 20:44:18.233970,12
2021-09-23 20:44:18.233976,33
2021-09-23 20:44:18.233982,48
2021-09-23 20:44:18.233988,45
2021-09-23 20:44:18.233994,57
2021-09-23 20:44:18.234000,79
2021-09-23 20:44:18.234006,98
2021-09-23 20:44:18.234012,108
2021-09-23 20:44:18.234018,105
2021-09-23 20:44:18.234024,113
2021-09-23 20:44:18.234030,129
2021-09-23 20:44:18.234036,125
2021-09-23 20:44:18.234042,105
2021-09-23 20:44:18.234048,93
2021-09-23 20:44:18.502510,72
2021-09-23 20:44:18.502531,24
2021-09-23 20:44:18.502538,-31
2021-09-23 20:44:18.502544,-62
2021-09-23 20:44:18.502551,-84
2021-09-23 20:44:18.502557,-98
2021-09-23 20:44:18.502563,-108
2021-09-23 20:44:18.502569,-122
2021-09-23 20:44:18.502575,-144
2021-09-23 20:44:18.502580,-144
2021-09-23 20:44:18.502586,-122
2021-09-23 20:44:18.502592,-115
2021-09-23 20:44:18.502598,-115
2021-09-23 20:44:18.502604,-110
2021-09-23 20:44:18.502610,-108
2021-09-23 20:44:18.502616,-110
2021-09-23 20:44:18.502622,-103
2021-09-23 20:44:18.502628,-84
2021-09-23 20:44:18.502634,-69
2021-09-23 20:44:18.502640,-60
2021-09-23 20:44:18.502646,-52
2021-09-23 20:44:18.502652,-48
2021-09-23 20:44:18.502658,-48
2021-09-23 20:44:18.502664,-50
2021-09-23 20:44:18.502670,-52
2021-09-23 20:44:18.502676,-55
2021-09-23 20:44:18.502681,-60
2021-09-23 20:44:18.502687,-57
2021-09-23 20:44:18.502699,-45
2021-09-23 20:44:18.502706,-43
2021-09-23 20:44:18.683851,-48
2021-09-23 20:44:18.683872,-45
2021-09-23 20:44:18.683879,-43
2021-09-23 20:44:18.683886,-43
2021-09-23 20:44:18.683892,-38
2021-09-23 20:44:18.683898,-24
2021-09-23 20:44:18.683904,-26
2021-09-23 20:44:18.683910,-40
2021-09-23 20:44:18.683917,-48
2021-09-23 20:44:18.683923,-48
2021-09-23 20:44:18.683929,-40
2021-09-23 20:44:18.683935,-24
2021-09-23 20:44:18.683941,-16
2021-09-23 20:44:18.683947,-24
2021-09-23 20:44:18.683953,-19
2021-09-23 20:44:18.683959,-4
2021-09-23 20:44:18.683965,-7
2021-09-23 20:44:18.683971,-21
2021-09-23 20:44:18.683977,-26
2021-09-23 20:44:18.683983,-31
2021-09-23 20:44:18.683989,-24
2021-09-23 20:44:18.683995,-9
2021-09-23 20:44:18.684001,12
2021-09-23 20:44:18.684007,105
2021-09-23 20:44:18.684013,377
2021-09-23 20:44:18.684019,834
2021-09-23 20:44:18.684025,1062
2021-09-23 20:44:18.684031,389
2021-09-23 20:44:18.684037,-543
2021-09-23 20:44:18.684043,-440
2021-09-23 20:44:18.908739,4
2021-09-23 20:44:18.908760,-108
2021-09-23 20:44:18.908768,-187
2021-09-23 20:44:18.908774,-43
2021-09-23 20:44:18.908780,-36
2021-09-23 20:44:18.908786,-81
2021-09-23 20:44:18.908793,-43
2021-09-23 20:44:18.908799,-28
2021-09-23 20:44:18.908805,-48
2021-09-23 20:44:18.908811,-33
2021-09-23 20:44:18.908817,-16
2021-09-23 20:44:18.908823,-12
2021-09-23 20:44:18.908829,-7
2021-09-23 20:44:18.908835,-4
2021-09-23 20:44:18.908842,2
2021-09-23 20:44:18.908848,16
2021-09-23 20:44:18.908854,31
2021-09-23 20:44:18.908860,38
2021-09-23 20:44:18.908866,43
2021-09-23 20:44:18.908872,60
2021-09-23 20:44:18.908878,81
2021-09-23 20:44:18.908884,96
2021-09-23 20:44:18.908890,108
2021-09-23 20:44:18.908896,113
2021-09-23 20:44:18.908902,98
2021-09-23 20:44:18.908908,76
2021-09-23 20:44:18.908914,60
2021-09-23 20:44:18.908920,33
2021-09-23 20:44:18.908926,-9
2021-09-23 20:44:18.908933,-45
2021-09-23 20:44:19.133850,-72
2021-09-23 20:44:19.133872,-93
2021-09-23 20:44:19.133879,-108
2021-09-23 20:44:19.133886,-120
2021-09-23 20:44:19.133892,-125
2021-09-23 20:44:19.133898,-127
2021-09-23 20:44:19.133904,-127
2021-09-23 20:44:19.133910,-120
2021-09-23 20:44:19.133916,-113
2021-09-23 20:44:19.133922,-110
2021-09-23 20:44:19.133928,-105
2021-09-23 20:44:19.133934,-103
2021-09-23 20:44:19.133940,-101
2021-09-23 20:44:19.133946,-93
2021-09-23 20:44:19.133952,-81
2021-09-23 20:44:19.133958,-79
2021-09-23 20:44:19.133964,-81
2021-09-23 20:44:19.133970,-72
2021-09-23 20:44:19.133976,-62
2021-09-23 20:44:19.133982,-55
2021-09-23 20:44:19.133988,-50
2021-09-23 20:44:19.133994,-43
2021-09-23 20:44:19.134000,-33
2021-09-23 20:44:19.134006,-36
2021-09-23 20:44:19.134012,-43
2021-09-23 20:44:19.134018,-43
2021-09-23 20:44:19.134024,-36
2021-09-23 20:44:19.134030,-38
2021-09-23 20:44:19.134036,-38
2021-09-23 20:44:19.134041,-31
2021-09-23 20:44:19.404010,-28
2021-09-23 20:44:19.404034,-31
2021-09-23 20:44:19.404041,-31
2021-09-23 20:44:19.404048,-33
2021-09-23 20:44:19.404054,-31
2021-09-23 20:44:19.404062,-31
2021-09-23 20:44:19.404070,-45
2021-09-23 20:44:19.404076,-43
2021-09-23 20:44:19.404082,-36
2021-09-23 20:44:19.404089,-33
2021-09-23 20:44:19.404095,-19
2021-09-23 20:44:19.404101,-4
2021-09-23 20:44:19.404108,-12
2021-09-23 20:44:19.404116,-14
2021-09-23 20:44:19.404123,-9
2021-09-23 20:44:19.404130,-26
2021-09-23 20:44:19.404136,-36
2021-09-23 20:44:19.404142,-21
2021-09-23 20:44:19.404148,-9
2021-09-23 20:44:19.404154,-12
2021-09-23 20:44:19.404160,2
2021-09-23 20:44:19.404166,88
2021-09-23 20:44:19.404173,327
2021-09-23 20:44:19.404179,750
2021-09-23 20:44:19.404185,1041
2021-09-23 20:44:19.404191,468
2021-09-23 20:44:19.404197,-517
2021-09-23 20:44:19.404203,-500
2021-09-23 20:44:19.404209,7
2021-09-23 20:44:19.404215,-60
2021-09-23 20:44:19.583837,-170
2021-09-23 20:44:19.583858,-26
2021-09-23 20:44:19.583866,-16
2021-09-23 20:44:19.583872,-86
2021-09-23 20:44:19.583879,-55
2021-09-23 20:44:19.583885,-21
2021-09-23 20:44:19.583891,-33
2021-09-23 20:44:19.583897,-21
2021-09-23 20:44:19.583903,0
2021-09-23 20:44:19.583909,2
2021-09-23 20:44:19.583915,-2
2021-09-23 20:44:19.583921,-2
2021-09-23 20:44:19.583927,4
2021-09-23 20:44:19.583933,21
2021-09-23 20:44:19.583939,40
2021-09-23 20:44:19.583945,50
2021-09-23 20:44:19.583951,55
2021-09-23 20:44:19.583957,64
2021-09-23 20:44:19.583963,79
2021-09-23 20:44:19.583969,93
2021-09-23 20:44:19.583975,101
2021-09-23 20:44:19.583981,103
2021-09-23 20:44:19.583987,88
2021-09-23 20:44:19.583993,69
2021-09-23 20:44:19.583998,62
2021-09-23 20:44:19.584004,50
2021-09-23 20:44:19.584010,21
2021-09-23 20:44:19.584016,-9
2021-09-23 20:44:19.584029,-43
2021-09-23 20:44:19.584035,-69
2021-09-23 20:44:19.853774,-79
2021-09-23 20:44:19.853793,-84
2021-09-23 20:44:19.853800,-101
2021-09-23 20:44:19.853807,-120
2021-09-23 20:44:19.853813,-127
2021-09-23 20:44:19.853819,-127
2021-09-23 20:44:19.853825,-127
2021-09-23 20:44:19.853831,-125
2021-09-23 20:44:19.853837,-115
2021-09-23 20:44:19.853843,-110
2021-09-23 20:44:19.853849,-113
2021-09-23 20:44:19.853854,-108
2021-09-23 20:44:19.853868,-93
2021-09-23 20:44:19.853875,-81
2021-09-23 20:44:19.853881,-74
2021-09-23 20:44:19.853887,-64
2021-09-23 20:44:19.853893,-57
2021-09-23 20:44:19.853899,-57
2021-09-23 20:44:19.853905,-50
2021-09-23 20:44:19.853911,-40
2021-09-23 20:44:19.853917,-38
2021-09-23 20:44:19.853923,-40
2021-09-23 20:44:19.853928,-38
2021-09-23 20:44:19.853934,-33
2021-09-23 20:44:19.853940,-36
2021-09-23 20:44:19.853946,-38
2021-09-23 20:44:19.853952,-43
2021-09-23 20:44:19.853958,-50
2021-09-23 20:44:19.853964,-45
2021-09-23 20:44:19.853970,-28
2021-09-23 20:44:20.123241,-21
2021-09-23 20:44:20.123263,-24
2021-09-23 20:44:20.123270,-28
2021-09-23 20:44:20.123277,-33
2021-09-23 20:44:20.123283,-28
2021-09-23 20:44:20.123290,-16
2021-09-23 20:44:20.123296,-16
2021-09-23 20:44:20.123302,-21
2021-09-23 20:44:20.123308,-36
2021-09-23 20:44:20.123314,-50
2021-09-23 20:44:20.123320,-43
2021-09-23 20:44:20.123326,-36
2021-09-23 20:44:20.123333,-28
2021-09-23 20:44:20.123339,-2
2021-09-23 20:44:20.123345,9
2021-09-23 20:44:20.123351,-4
2021-09-23 20:44:20.123357,-12
2021-09-23 20:44:20.123364,-12
2021-09-23 20:44:20.123370,-16
2021-09-23 20:44:20.123376,-19
2021-09-23 20:44:20.123382,-16
2021-09-23 20:44:20.123389,-12
2021-09-23 20:44:20.123395,4
2021-09-23 20:44:20.123401,103
2021-09-23 20:44:20.123408,389
2021-09-23 20:44:20.123414,846
2021-09-23 20:44:20.123420,1038
2021-09-23 20:44:20.123426,339
2021-09-23 20:44:20.123432,-545
2021-09-23 20:44:20.123438,-404
2021-09-23 20:44:20.348894,21
2021-09-23 20:44:20.348917,-91
2021-09-23 20:44:20.348925,-158
2021-09-23 20:44:20.348931,-24
2021-09-23 20:44:20.348937,-26
2021-09-23 20:44:20.348943,-67
2021-09-23 20:44:20.348949,-16
2021-09-23 20:44:20.348955,0
2021-09-23 20:44:20.348961,-26
2021-09-23 20:44:20.348967,-14
2021-09-23 20:44:20.348974,4
2021-09-23 20:44:20.348980,0
2021-09-23 20:44:20.348986,7
2021-09-23 20:44:20.348992,28
2021-09-23 20:44:20.348998,26
2021-09-23 20:44:20.349004,28
2021-09-23 20:44:20.349010,48
2021-09-23 20:44:20.349016,50
2021-09-23 20:44:20.349021,52
2021-09-23 20:44:20.349027,74
2021-09-23 20:44:20.349033,91
2021-09-23 20:44:20.349039,96
2021-09-23 20:44:20.349045,101
2021-09-23 20:44:20.349051,108
2021-09-23 20:44:20.349057,105
2021-09-23 20:44:20.349063,93
2021-09-23 20:44:20.349069,76
2021-09-23 20:44:20.349075,50
2021-09-23 20:44:20.349081,14
2021-09-23 20:44:20.349087,-19
2021-09-23 20:44:20.572545,-36
2021-09-23 20:44:20.572566,-48
2021-09-23 20:44:20.572573,-62
2021-09-23 20:44:20.572580,-84
2021-09-23 20:44:20.572586,-91
2021-09-23 20:44:20.572592,-79
2021-09-23 20:44:20.572599,-81
2021-09-23 20:44:20.572605,-103
2021-09-23 20:44:20.572638,-105
2021-09-23 20:44:20.572645,-93
2021-09-23 20:44:20.572651,-96
2021-09-23 20:44:20.572657,-98
2021-09-23 20:44:20.572663,-96
2021-09-23 20:44:20.572669,-93
2021-09-23 20:44:20.572675,-93
2021-09-23 20:44:20.572681,-88
2021-09-23 20:44:20.572687,-69
2021-09-23 20:44:20.572693,-55
2021-09-23 20:44:20.572699,-50
2021-09-23 20:44:20.572705,-57
2021-09-23 20:44:20.572711,-74
2021-09-23 20:44:20.572717,-64
2021-09-23 20:44:20.572723,-40
2021-09-23 20:44:20.572729,-43
2021-09-23 20:44:20.572735,-48
2021-09-23 20:44:20.572741,-40
2021-09-23 20:44:20.572748,-48
2021-09-23 20:44:20.572754,-55
2021-09-23 20:44:20.572760,-36
2021-09-23 20:44:20.572766,-16
2021-09-23 20:44:20.753861,-24
2021-09-23 20:44:20.753881,-40
2021-09-23 20:44:20.753888,-36
2021-09-23 20:44:20.753895,-31
2021-09-23 20:44:20.753901,-33
2021-09-23 20:44:20.753907,-33
2021-09-23 20:44:20.753913,-26
2021-09-23 20:44:20.753919,-24
2021-09-23 20:44:20.753925,-26
2021-09-23 20:44:20.753931,-31
2021-09-23 20:44:20.753937,-38
2021-09-23 20:44:20.753943,-24
2021-09-23 20:44:20.753949,-4
2021-09-23 20:44:20.753955,-9
2021-09-23 20:44:20.753961,-16
2021-09-23 20:44:20.753967,-14
2021-09-23 20:44:20.753973,-9
2021-09-23 20:44:20.753979,-19
2021-09-23 20:44:20.753992,-38
2021-09-23 20:44:20.753998,-38
2021-09-23 20:44:20.754004,-16
2021-09-23 20:44:20.754010,-14
2021-09-23 20:44:20.754016,-7
2021-09-23 20:44:20.754022,55
2021-09-23 20:44:20.754028,271
2021-09-23 20:44:20.754034,675
2021-09-23 20:44:20.754040,957
2021-09-23 20:44:20.754046,425
2021-09-23 20:44:20.754055,-536
2021-09-23 20:44:20.754062,-543
2021-09-23 20:44:20.978946,-21
2021-09-23 20:44:20.978968,-43
2021-09-23 20:44:20.978975,-141
2021-09-23 20:44:20.978982,-21
2021-09-23 20:44:20.978989,-21
2021-09-23 20:44:20.978995,-64
2021-09-23 20:44:20.979001,-14
2021-09-23 20:44:20.979007,2
2021-09-23 20:44:20.979014,-14
2021-09-23 20:44:20.979020,9
2021-09-23 20:44:20.979026,36
2021-09-23 20:44:20.979032,31
2021-09-23 20:44:20.979038,26
2021-09-23 20:44:20.979044,38
2021-09-23 20:44:20.979050,48
2021-09-23 20:44:20.979056,52
2021-09-23 20:44:20.979062,62
2021-09-23 20:44:20.979068,64
2021-09-23 20:44:20.979075,74
2021-09-23 20:44:20.979081,98
2021-09-23 20:44:20.979087,101
2021-09-23 20:44:20.979093,103
2021-09-23 20:44:20.979099,120
2021-09-23 20:44:20.979105,132
2021-09-23 20:44:20.979111,125
2021-09-23 20:44:20.979117,103
2021-09-23 20:44:20.979123,84
2021-09-23 20:44:20.979129,55
2021-09-23 20:44:20.979136,9
2021-09-23 20:44:20.979142,-26
2021-09-23 20:44:21.203878,-48
2021-09-23 20:44:21.203899,-67
2021-09-23 20:44:21.203906,-93
2021-09-23 20:44:21.203913,-105
2021-09-23 20:44:21.203919,-108
2021-09-23 20:44:21.203925,-125
2021-09-23 20:44:21.203932,-139
2021-09-23 20:44:21.203938,-129
2021-09-23 20:44:21.203944,-127
2021-09-23 20:44:21.203950,-127
2021-09-23 20:44:21.203957,-113
2021-09-23 20:44:21.203963,-105
2021-09-23 20:44:21.203969,-108
2021-09-23 20:44:21.203975,-84
2021-09-23 20:44:21.203981,-62
2021-09-23 20:44:21.203988,-64
2021-09-23 20:44:21.203994,-57
2021-09-23 20:44:21.204000,-40
2021-09-23 20:44:21.204013,-45
2021-09-23 20:44:21.204020,-57
2021-09-23 20:44:21.204026,-55
2021-09-23 20:44:21.204032,-40
2021-09-23 20:44:21.204038,-38
2021-09-23 20:44:21.204045,-50
2021-09-23 20:44:21.204051,-45
2021-09-23 20:44:21.204057,-28
2021-09-23 20:44:21.204063,-33
2021-09-23 20:44:21.204069,-43
2021-09-23 20:44:21.204075,-40
2021-09-23 20:44:21.204081,-45
2021-09-23 20:44:21.428890,-50
2021-09-23 20:44:21.428912,-40
2021-09-23 20:44:21.428919,-26
2021-09-23 20:44:21.428926,-21
2021-09-23 20:44:21.428932,-21
2021-09-23 20:44:21.428938,-31
2021-09-23 20:44:21.428944,-40
2021-09-23 20:44:21.428950,-36
2021-09-23 20:44:21.428956,-36
2021-09-23 20:44:21.428962,-43
2021-09-23 20:44:21.428969,-40
2021-09-23 20:44:21.428975,-21
2021-09-23 20:44:21.428981,-4
2021-09-23 20:44:21.428987,14
2021-09-23 20:44:21.428993,9
2021-09-23 20:44:21.428999,-26
2021-09-23 20:44:21.429006,-43
2021-09-23 20:44:21.429012,-31
2021-09-23 20:44:21.429018,-19
2021-09-23 20:44:21.429024,-2
2021-09-23 20:44:21.429030,26
2021-09-23 20:44:21.429036,74
2021-09-23 20:44:21.429042,283
2021-09-23 20:44:21.429048,714
2021-09-23 20:44:21.429054,1005
2021-09-23 20:44:21.429060,488
2021-09-23 20:44:21.429066,-425
2021-09-23 20:44:21.429072,-468
2021-09-23 20:44:21.429079,-26
2021-09-23 20:44:21.429085,-67
2021-09-23 20:44:21.653793,-182
2021-09-23 20:44:21.653812,-62
2021-09-23 20:44:21.653819,-36
2021-09-23 20:44:21.653825,-84
2021-09-23 20:44:21.653832,-52
2021-09-23 20:44:21.653838,-36
2021-09-23 20:44:21.653844,-50
2021-09-23 20:44:21.653850,-19
2021-09-23 20:44:21.653864,21
2021-09-23 20:44:21.653871,7
2021-09-23 20:44:21.653877,-14
2021-09-23 20:44:21.653883,-4
2021-09-23 20:44:21.653889,2
2021-09-23 20:44:21.653895,12
2021-09-23 20:44:21.653901,31
2021-09-23 20:44:21.653907,40
2021-09-23 20:44:21.653913,45
2021-09-23 20:44:21.653919,57
2021-09-23 20:44:21.653925,74
2021-09-23 20:44:21.653931,84
2021-09-23 20:44:21.653937,81
2021-09-23 20:44:21.653943,84
2021-09-23 20:44:21.653949,93
2021-09-23 20:44:21.653955,84
2021-09-23 20:44:21.653963,62
2021-09-23 20:44:21.653970,48
2021-09-23 20:44:21.653976,19
2021-09-23 20:44:21.653981,-19
2021-09-23 20:44:21.653987,-50
2021-09-23 20:44:21.653993,-79
2021-09-23 20:44:21.923808,-93
2021-09-23 20:44:21.923829,-98
2021-09-23 20:44:21.923837,-105
2021-09-23 20:44:21.923843,-113
2021-09-23 20:44:21.923849,-110
2021-09-23 20:44:21.923855,-103
2021-09-23 20:44:21.923861,-98
2021-09-23 20:44:21.923867,-96
2021-09-23 20:44:21.923873,-96
2021-09-23 20:44:21.923879,-96
2021-09-23 20:44:21.923885,-96
2021-09-23 20:44:21.923891,-88
2021-09-23 20:44:21.923897,-81
2021-09-23 20:44:21.923904,-69
2021-09-23 20:44:21.923910,-60
2021-09-23 20:44:21.923916,-55
2021-09-23 20:44:21.923922,-48
2021-09-23 20:44:21.923928,-43
2021-09-23 20:44:21.923934,-36
2021-09-23 20:44:21.923940,-31
2021-09-23 20:44:21.923946,-33
2021-09-23 20:44:21.923952,-40
2021-09-23 20:44:21.923958,-28
2021-09-23 20:44:21.923964,-12
2021-09-23 20:44:21.923970,-16
2021-09-23 20:44:21.923976,-31
2021-09-23 20:44:21.923982,-38
2021-09-23 20:44:21.923988,-40
2021-09-23 20:44:21.924000,-33
2021-09-23 20:44:21.924007,-24
2021-09-23 20:44:22.148919,-24
2021-09-23 20:44:22.148942,-28
2021-09-23 20:44:22.148949,-26
2021-09-23 20:44:22.148956,-33
2021-09-23 20:44:22.148962,-45
2021-09-23 20:44:22.148968,-36
2021-09-23 20:44:22.148974,-19
2021-09-23 20:44:22.148980,-21
2021-09-23 20:44:22.148986,-33
2021-09-23 20:44:22.148992,-16
2021-09-23 20:44:22.148998,9
2021-09-23 20:44:22.149004,4
2021-09-23 20:44:22.149010,-24
2021-09-23 20:44:22.149016,-36
2021-09-23 20:44:22.149022,-28
2021-09-23 20:44:22.149028,-26
2021-09-23 20:44:22.149034,-16
2021-09-23 20:44:22.149040,7
2021-09-23 20:44:22.149046,72
2021-09-23 20:44:22.149052,259
2021-09-23 20:44:22.149058,615
2021-09-23 20:44:22.149064,949
2021-09-23 20:44:22.149070,603
2021-09-23 20:44:22.149076,-327
2021-09-23 20:44:22.149082,-526
2021-09-23 20:44:22.149088,-52
2021-09-23 20:44:22.149094,-12
2021-09-23 20:44:22.149100,-173
2021-09-23 20:44:22.149106,-81
2021-09-23 20:44:22.149111,-12
2021-09-23 20:44:22.418822,-43
2021-09-23 20:44:22.418841,-24
2021-09-23 20:44:22.418849,-7
2021-09-23 20:44:22.418855,-19
2021-09-23 20:44:22.418862,-4
2021-09-23 20:44:22.418868,19
2021-09-23 20:44:22.418874,19
2021-09-23 20:44:22.418880,16
2021-09-23 20:44:22.418887,19
2021-09-23 20:44:22.418893,16
2021-09-23 20:44:22.418899,21
2021-09-23 20:44:22.418905,31
2021-09-23 20:44:22.418911,43
2021-09-23 20:44:22.418917,57
2021-09-23 20:44:22.418923,74
2021-09-23 20:44:22.418929,86
2021-09-23 20:44:22.418936,91
2021-09-23 20:44:22.418942,98
2021-09-23 20:44:22.418954,98
2021-09-23 20:44:22.418960,76
2021-09-23 20:44:22.418966,62
2021-09-23 20:44:22.418972,67
2021-09-23 20:44:22.418978,69
2021-09-23 20:44:22.418984,40
2021-09-23 20:44:22.418990,-4
2021-09-23 20:44:22.418996,-36
2021-09-23 20:44:22.419002,-67
2021-09-23 20:44:22.419008,-93
2021-09-23 20:44:22.419014,-96
2021-09-23 20:44:22.419020,-105
2021-09-23 20:44:22.642536,-125
2021-09-23 20:44:22.642558,-113
2021-09-23 20:44:22.642565,-91
2021-09-23 20:44:22.642572,-96
2021-09-23 20:44:22.642578,-101
2021-09-23 20:44:22.642584,-91
2021-09-23 20:44:22.642591,-88
2021-09-23 20:44:22.642597,-93
2021-09-23 20:44:22.642603,-88
2021-09-23 20:44:22.642609,-76
2021-09-23 20:44:22.642615,-74
2021-09-23 20:44:22.642622,-62
2021-09-23 20:44:22.642628,-48
2021-09-23 20:44:22.642634,-55
2021-09-23 20:44:22.642640,-62
2021-09-23 20:44:22.642647,-50
2021-09-23 20:44:22.642653,-38
2021-09-23 20:44:22.642659,-36
2021-09-23 20:44:22.642665,-36
2021-09-23 20:44:22.642671,-38
2021-09-23 20:44:22.642677,-38
2021-09-23 20:44:22.642683,-43
2021-09-23 20:44:22.642690,-48
2021-09-23 20:44:22.642696,-38
2021-09-23 20:44:22.642702,-28
2021-09-23 20:44:22.642708,-26
2021-09-23 20:44:22.642714,-28
2021-09-23 20:44:22.642720,-26
2021-09-23 20:44:22.642726,-19
2021-09-23 20:44:22.642732,-16
2021-09-23 20:44:22.868901,-24
2021-09-23 20:44:22.868922,-26
2021-09-23 20:44:22.868930,-26
2021-09-23 20:44:22.868936,-24
2021-09-23 20:44:22.868942,-21
2021-09-23 20:44:22.868948,-33
2021-09-23 20:44:22.868954,-38
2021-09-23 20:44:22.868961,-14
2021-09-23 20:44:22.868970,14
2021-09-23 20:44:22.868977,24
2021-09-23 20:44:22.868983,9
2021-09-23 20:44:22.868989,-14
2021-09-23 20:44:22.868995,-28
2021-09-23 20:44:22.869001,-24
2021-09-23 20:44:22.869007,-19
2021-09-23 20:44:22.869013,-21
2021-09-23 20:44:22.869019,-4
2021-09-23 20:44:22.869025,43
2021-09-23 20:44:22.869031,173
2021-09-23 20:44:22.869037,505
2021-09-23 20:44:22.869043,935
2021-09-23 20:44:22.869049,824
2021-09-23 20:44:22.869055,-81
2021-09-23 20:44:22.869061,-589
2021-09-23 20:44:22.869067,-185
2021-09-23 20:44:22.869073,28
2021-09-23 20:44:22.869079,-134
2021-09-23 20:44:22.869085,-88
2021-09-23 20:44:22.869091,2
2021-09-23 20:44:22.869097,-38
2021-09-23 20:44:23.093927,-36
2021-09-23 20:44:23.093950,0
2021-09-23 20:44:23.093958,-16
2021-09-23 20:44:23.093965,-24
2021-09-23 20:44:23.093971,2
2021-09-23 20:44:23.093978,2
2021-09-23 20:44:23.093984,-7
2021-09-23 20:44:23.093990,7
2021-09-23 20:44:23.093997,21
2021-09-23 20:44:23.094003,19
2021-09-23 20:44:23.094009,28
2021-09-23 20:44:23.094044,48
2021-09-23 20:44:23.094050,48
2021-09-23 20:44:23.094056,48
2021-09-23 20:44:23.094062,62
2021-09-23 20:44:23.094068,81
2021-09-23 20:44:23.094074,88
2021-09-23 20:44:23.094080,79
2021-09-23 20:44:23.094087,64
2021-09-23 20:44:23.094093,69
2021-09-23 20:44:23.094099,69
2021-09-23 20:44:23.094105,48
2021-09-23 20:44:23.094111,21
2021-09-23 20:44:23.094117,-16
2021-09-23 20:44:23.094124,-64
2021-09-23 20:44:23.094130,-81
2021-09-23 20:44:23.094136,-84
2021-09-23 20:44:23.094142,-91
2021-09-23 20:44:23.094155,-91
2021-09-23 20:44:23.094161,-86
2021-09-23 20:44:23.273899,-93
2021-09-23 20:44:23.273920,-98
2021-09-23 20:44:23.273928,-88
2021-09-23 20:44:23.273934,-88
2021-09-23 20:44:23.273940,-105
2021-09-23 20:44:23.273946,-105
2021-09-23 20:44:23.273953,-79
2021-09-23 20:44:23.273959,-52
2021-09-23 20:44:23.273965,-57
2021-09-23 20:44:23.273971,-62
2021-09-23 20:44:23.273977,-60
2021-09-23 20:44:23.273983,-57
2021-09-23 20:44:23.273990,-48
2021-09-23 20:44:23.273996,-38
2021-09-23 20:44:23.274002,-28
2021-09-23 20:44:23.274008,-26
2021-09-23 20:44:23.274014,-36
2021-09-23 20:44:23.274020,-43
2021-09-23 20:44:23.274026,-38
2021-09-23 20:44:23.274032,-43
2021-09-23 20:44:23.274038,-38
2021-09-23 20:44:23.274044,-26
2021-09-23 20:44:23.274050,-26
2021-09-23 20:44:23.274056,-31
2021-09-23 20:44:23.274062,-36
2021-09-23 20:44:23.274068,-28
2021-09-23 20:44:23.274074,-14
2021-09-23 20:44:23.274080,-21
2021-09-23 20:44:23.274087,-36
2021-09-23 20:44:23.274093,-19
2021-09-23 20:44:23.543908,-4
2021-09-23 20:44:23.543932,-7
2021-09-23 20:44:23.543939,0
2021-09-23 20:44:23.543946,0
2021-09-23 20:44:23.543952,-21
2021-09-23 20:44:23.543959,-33
2021-09-23 20:44:23.543965,-33
2021-09-23 20:44:23.543971,-33
2021-09-23 20:44:23.543977,-21
2021-09-23 20:44:23.543983,-2
2021-09-23 20:44:23.543989,0
2021-09-23 20:44:23.543995,2
2021-09-23 20:44:23.544001,0
2021-09-23 20:44:23.544008,-12
2021-09-23 20:44:23.544014,-19
2021-09-23 20:44:23.544020,-19
2021-09-23 20:44:23.544026,-16
2021-09-23 20:44:23.544032,-16
2021-09-23 20:44:23.544044,0
2021-09-23 20:44:23.544051,122
2021-09-23 20:44:23.544057,425
2021-09-23 20:44:23.544063,834
2021-09-23 20:44:23.544069,880
2021-09-23 20:44:23.544075,93
2021-09-23 20:44:23.544081,-630
2021-09-23 20:44:23.544087,-336
2021-09-23 20:44:23.544093,21
2021-09-23 20:44:23.544099,-125
2021-09-23 20:44:23.544105,-120
2021-09-23 20:44:23.544111,4
2021-09-23 20:44:23.769453,-31
2021-09-23 20:44:23.769471,-40
2021-09-23 20:44:23.769475,7
2021-09-23 20:44:23.769478,-14
2021-09-23 20:44:23.769482,-33
2021-09-23 20:44:23.769485,-7
2021-09-23 20:44:23.769494,12
2021-09-23 20:44:23.769497,24
2021-09-23 20:44:23.769501,36
2021-09-23 20:44:23.769504,26
2021-09-23 20:44:23.769507,26
2021-09-23 20:44:23.769510,48
2021-09-23 20:44:23.769513,57
2021-09-23 20:44:23.769517,62
2021-09-23 20:44:23.769520,72
2021-09-23 20:44:23.769523,62
2021-09-23 20:44:23.769526,57
2021-09-23 20:44:23.769529,96
2021-09-23 20:44:23.769532,122
2021-09-23 20:44:23.769536,108
2021-09-23 20:44:23.769539,88
2021-09-23 20:44:23.769542,72
2021-09-23 20:44:23.769545,60
2021-09-23 20:44:23.769548,43
2021-09-23 20:44:23.769551,2
2021-09-23 20:44:23.769554,-45
2021-09-23 20:44:23.769557,-74
2021-09-23 20:44:23.769561,-88
2021-09-23 20:44:23.769564,-88
2021-09-23 20:44:23.769567,-76
2021-09-23 20:44:24.038944,-81
2021-09-23 20:44:24.038989,-101
2021-09-23 20:44:24.038997,-103
2021-09-23 20:44:24.039003,-101
2021-09-23 20:44:24.039010,-101
2021-09-23 20:44:24.039016,-91
2021-09-23 20:44:24.039022,-81
2021-09-23 20:44:24.039029,-76
2021-09-23 20:44:24.039035,-74
2021-09-23 20:44:24.039041,-74
2021-09-23 20:44:24.039047,-57
2021-09-23 20:44:24.039053,-50
2021-09-23 20:44:24.039059,-55
2021-09-23 20:44:24.039065,-43
2021-09-23 20:44:24.039071,-40
2021-09-23 20:44:24.039078,-60
2021-09-23 20:44:24.039084,-55
2021-09-23 20:44:24.039090,-45
2021-09-23 20:44:24.039096,-45
2021-09-23 20:44:24.039102,-33
2021-09-23 20:44:24.039108,-33
2021-09-23 20:44:24.039114,-38
2021-09-23 20:44:24.039120,-36
2021-09-23 20:44:24.039126,-55
2021-09-23 20:44:24.039132,-72
2021-09-23 20:44:24.039138,-57
2021-09-23 20:44:24.039144,-50
2021-09-23 20:44:24.039150,-55
2021-09-23 20:44:24.039156,-38
2021-09-23 20:44:24.039162,-16
2021-09-23 20:44:24.218935,-21
2021-09-23 20:44:24.218958,-40
2021-09-23 20:44:24.218966,-48
2021-09-23 20:44:24.218972,-36
2021-09-23 20:44:24.218978,-26
2021-09-23 20:44:24.218985,-19
2021-09-23 20:44:24.218991,-12
2021-09-23 20:44:24.218997,-14
2021-09-23 20:44:24.219003,-31
2021-09-23 20:44:24.219009,-43
2021-09-23 20:44:24.219015,-28
2021-09-23 20:44:24.219021,-4
2021-09-23 20:44:24.219027,2
2021-09-23 20:44:24.219034,-4
2021-09-23 20:44:24.219040,-4
2021-09-23 20:44:24.219046,-4
2021-09-23 20:44:24.219052,-24
2021-09-23 20:44:24.219058,-26
2021-09-23 20:44:24.219064,-7
2021-09-23 20:44:24.219070,-4
2021-09-23 20:44:24.219076,-21
2021-09-23 20:44:24.219082,0
2021-09-23 20:44:24.219088,144
2021-09-23 20:44:24.219094,464
2021-09-23 20:44:24.219100,841
2021-09-23 20:44:24.219106,694
2021-09-23 20:44:24.219112,-223
2021-09-23 20:44:24.219118,-721
2021-09-23 20:44:24.219132,-238
2021-09-23 20:44:24.219138,33
2021-09-23 20:44:24.443934,-132
2021-09-23 20:44:24.443957,-81
2021-09-23 20:44:24.443965,24
2021-09-23 20:44:24.443971,-38
2021-09-23 20:44:24.443978,-48
2021-09-23 20:44:24.443984,24
2021-09-23 20:44:24.443990,38
2021-09-23 20:44:24.443996,4
2021-09-23 20:44:24.444002,0
2021-09-23 20:44:24.444008,19
2021-09-23 20:44:24.444014,36
2021-09-23 20:44:24.444020,43
2021-09-23 20:44:24.444026,40
2021-09-23 20:44:24.444032,48
2021-09-23 20:44:24.444038,69
2021-09-23 20:44:24.444044,72
2021-09-23 20:44:24.444050,60
2021-09-23 20:44:24.444056,81
2021-09-23 20:44:24.444062,122
2021-09-23 20:44:24.444068,129
2021-09-23 20:44:24.444075,120
2021-09-23 20:44:24.444081,122
2021-09-23 20:44:24.444086,122
2021-09-23 20:44:24.444092,110
2021-09-23 20:44:24.444098,93
2021-09-23 20:44:24.444104,64
2021-09-23 20:44:24.444110,16
2021-09-23 20:44:24.444116,-19
2021-09-23 20:44:24.444122,-45
2021-09-23 20:44:24.444128,-88
2021-09-23 20:44:24.712559,-120
2021-09-23 20:44:24.712581,-117
2021-09-23 20:44:24.712589,-125
2021-09-23 20:44:24.712595,-144
2021-09-23 20:44:24.712601,-139
2021-09-23 20:44:24.712608,-127
2021-09-23 20:44:24.712614,-129
2021-09-23 20:44:24.712620,-127
2021-09-23 20:44:24.712626,-122
2021-09-23 20:44:24.712632,-108
2021-09-23 20:44:24.712638,-79
2021-09-23 20:44:24.712644,-64
2021-09-23 20:44:24.712659,-69
2021-09-23 20:44:24.712666,-69
2021-09-23 20:44:24.712672,-52
2021-09-23 20:44:24.712678,-33
2021-09-23 20:44:24.712684,-26
2021-09-23 20:44:24.712690,-43
2021-09-23 20:44:24.712699,-60
2021-09-23 20:44:24.712706,-43
2021-09-23 20:44:24.712712,-28
2021-09-23 20:44:24.712718,-48
2021-09-23 20:44:24.712724,-55
2021-09-23 20:44:24.712730,-38
2021-09-23 20:44:24.712736,-38
2021-09-23 20:44:24.712743,-48
2021-09-23 20:44:24.712749,-43
2021-09-23 20:44:24.712755,-38
2021-09-23 20:44:24.712761,-38
2021-09-23 20:44:24.712767,-36
2021-09-23 20:44:24.938898,-31
2021-09-23 20:44:24.938919,-31
2021-09-23 20:44:24.938926,-36
2021-09-23 20:44:24.938933,-28
2021-09-23 20:44:24.938939,-26
2021-09-23 20:44:24.938946,-33
2021-09-23 20:44:24.938952,-48
2021-09-23 20:44:24.938958,-36
2021-09-23 20:44:24.938964,-4
2021-09-23 20:44:24.938970,4
2021-09-23 20:44:24.938976,0
2021-09-23 20:44:24.938982,-12
2021-09-23 20:44:24.938988,-31
2021-09-23 20:44:24.938994,-36
2021-09-23 20:44:24.939000,-26
2021-09-23 20:44:24.939006,-21
2021-09-23 20:44:24.939012,-16
2021-09-23 20:44:24.939018,-9
2021-09-23 20:44:24.939024,9
2021-09-23 20:44:24.939030,105
2021-09-23 20:44:24.939036,387
2021-09-23 20:44:24.939042,810
2021-09-23 20:44:24.939048,901
2021-09-23 20:44:24.939054,146
2021-09-23 20:44:24.939060,-615
2021-09-23 20:44:24.939066,-353
2021-09-23 20:44:24.939072,33
2021-09-23 20:44:24.939078,-110
2021-09-23 20:44:24.939085,-144
2021-09-23 20:44:24.939091,-16
2021-09-23 20:44:25.118936,-36
2021-09-23 20:44:25.118958,-60
2021-09-23 20:44:25.118966,-7
2021-09-23 20:44:25.118973,4
2021-09-23 20:44:25.118980,-9
2021-09-23 20:44:25.118987,-9
2021-09-23 20:44:25.118994,-12
2021-09-23 20:44:25.119000,-9
2021-09-23 20:44:25.119014,4
2021-09-23 20:44:25.119021,16
2021-09-23 20:44:25.119027,21
2021-09-23 20:44:25.119034,21
2021-09-23 20:44:25.119039,31
2021-09-23 20:44:25.119045,50
2021-09-23 20:44:25.119051,64
2021-09-23 20:44:25.119057,69
2021-09-23 20:44:25.119063,72
2021-09-23 20:44:25.119069,84
2021-09-23 20:44:25.119075,101
2021-09-23 20:44:25.119081,108
2021-09-23 20:44:25.119087,91
2021-09-23 20:44:25.119093,64
2021-09-23 20:44:25.119099,52
2021-09-23 20:44:25.119105,28
2021-09-23 20:44:25.119111,-24
2021-09-23 20:44:25.119117,-57
2021-09-23 20:44:25.119123,-74
2021-09-23 20:44:25.119129,-96
2021-09-23 20:44:25.119136,-108
2021-09-23 20:44:25.119141,-110
2021-09-23 20:44:25.343907,-108
2021-09-23 20:44:25.343929,-113
2021-09-23 20:44:25.343936,-129
2021-09-23 20:44:25.343943,-134
2021-09-23 20:44:25.343949,-125
2021-09-23 20:44:25.343955,-113
2021-09-23 20:44:25.343961,-101
2021-09-23 20:44:25.343968,-88
2021-09-23 20:44:25.343974,-88
2021-09-23 20:44:25.343980,-86
2021-09-23 20:44:25.343986,-76
2021-09-23 20:44:25.343992,-69
2021-09-23 20:44:25.343998,-67
2021-09-23 20:44:25.344004,-57
2021-09-23 20:44:25.344010,-48
2021-09-23 20:44:25.344016,-48
2021-09-23 20:44:25.344022,-48
2021-09-23 20:44:25.344028,-43
2021-09-23 20:44:25.344034,-36
2021-09-23 20:44:25.344040,-31
2021-09-23 20:44:25.344046,-24
2021-09-23 20:44:25.344052,-26
2021-09-23 20:44:25.344058,-50
2021-09-23 20:44:25.344064,-60
2021-09-23 20:44:25.344070,-40
2021-09-23 20:44:25.344076,-31
2021-09-23 20:44:25.344083,-38
2021-09-23 20:44:25.344089,-43
2021-09-23 20:44:25.344100,-36
2021-09-23 20:44:25.344107,-28
2021-09-23 20:44:25.613923,-26
2021-09-23 20:44:25.613944,-24
2021-09-23 20:44:25.613951,-31
2021-09-23 20:44:25.613958,-48
2021-09-23 20:44:25.613964,-45
2021-09-23 20:44:25.613971,-21
2021-09-23 20:44:25.613977,2
2021-09-23 20:44:25.613983,12
2021-09-23 20:44:25.613989,2
2021-09-23 20:44:25.613995,-21
2021-09-23 20:44:25.614002,-45
2021-09-23 20:44:25.614008,-60
2021-09-23 20:44:25.614014,-50
2021-09-23 20:44:25.614020,-36
2021-09-23 20:44:25.614026,-31
2021-09-23 20:44:25.614033,-14
2021-09-23 20:44:25.614039,98
2021-09-23 20:44:25.614045,375
2021-09-23 20:44:25.614057,781
2021-09-23 20:44:25.614064,863
2021-09-23 20:44:25.614070,84
2021-09-23 20:44:25.614076,-685
2021-09-23 20:44:25.614082,-384
2021-09-23 20:44:25.614088,36
2021-09-23 20:44:25.614094,-98
2021-09-23 20:44:25.614101,-122
2021-09-23 20:44:25.614107,-7
2021-09-23 20:44:25.614113,-48
2021-09-23 20:44:25.614119,-62
2021-09-23 20:44:25.614125,0
2021-09-23 20:44:25.838920,-7
2021-09-23 20:44:25.838941,-24
2021-09-23 20:44:25.838949,24
2021-09-23 20:44:25.838955,43
2021-09-23 20:44:25.838962,12
2021-09-23 20:44:25.838968,4
2021-09-23 20:44:25.838974,31
2021-09-23 20:44:25.838979,40
2021-09-23 20:44:25.838986,28
2021-09-23 20:44:25.838992,26
2021-09-23 20:44:25.838998,45
2021-09-23 20:44:25.839004,74
2021-09-23 20:44:25.839010,103
2021-09-23 20:44:25.839016,127
2021-09-23 20:44:25.839022,127
2021-09-23 20:44:25.839028,103
2021-09-23 20:44:25.839034,98
2021-09-23 20:44:25.839040,108
2021-09-23 20:44:25.839053,96
2021-09-23 20:44:25.839059,62
2021-09-23 20:44:25.839065,26
2021-09-23 20:44:25.839071,-9
2021-09-23 20:44:25.839078,-48
2021-09-23 20:44:25.839084,-76
2021-09-23 20:44:25.839090,-96
2021-09-23 20:44:25.839096,-108
2021-09-23 20:44:25.839102,-113
2021-09-23 20:44:25.839108,-125
2021-09-23 20:44:25.839114,-139
2021-09-23 20:44:25.839120,-141
2021-09-23 20:44:26.063945,-134
2021-09-23 20:44:26.063966,-132
2021-09-23 20:44:26.063974,-127
2021-09-23 20:44:26.063980,-115
2021-09-23 20:44:26.063987,-101
2021-09-23 20:44:26.063993,-84
2021-09-23 20:44:26.063999,-69
2021-09-23 20:44:26.064005,-67
2021-09-23 20:44:26.064012,-72
2021-09-23 20:44:26.064018,-60
2021-09-23 20:44:26.064024,-36
2021-09-23 20:44:26.064030,-28
2021-09-23 20:44:26.064036,-40
2021-09-23 20:44:26.064042,-45
2021-09-23 20:44:26.064049,-48
2021-09-23 20:44:26.064055,-52
2021-09-23 20:44:26.064061,-55
2021-09-23 20:44:26.064067,-52
2021-09-23 20:44:26.064074,-48
2021-09-23 20:44:26.064080,-48
2021-09-23 20:44:26.064086,-60
2021-09-23 20:44:26.064092,-62
2021-09-23 20:44:26.064098,-52
2021-09-23 20:44:26.064104,-45
2021-09-23 20:44:26.064111,-36
2021-09-23 20:44:26.064117,-33
2021-09-23 20:44:26.064123,-31
2021-09-23 20:44:26.064129,-21
2021-09-23 20:44:26.064135,-16
2021-09-23 20:44:26.064141,-12
2021-09-23 20:44:26.288935,-4
2021-09-23 20:44:26.288956,0
2021-09-23 20:44:26.288964,4
2021-09-23 20:44:26.288970,-7
2021-09-23 20:44:26.288976,-19
2021-09-23 20:44:26.288982,-7
2021-09-23 20:44:26.288988,9
2021-09-23 20:44:26.288994,4
2021-09-23 20:44:26.289010,4
2021-09-23 20:44:26.289017,36
2021-09-23 20:44:26.289023,113
2021-09-23 20:44:26.289029,348
2021-09-23 20:44:26.289035,781
2021-09-23 20:44:26.289041,949
2021-09-23 20:44:26.289047,262
2021-09-23 20:44:26.289053,-526
2021-09-23 20:44:26.289059,-346
2021-09-23 20:44:26.289065,33
2021-09-23 20:44:26.289071,-88
2021-09-23 20:44:26.289077,-137
2021-09-23 20:44:26.289083,-12
2021-09-23 20:44:26.289089,-38
2021-09-23 20:44:26.289095,-81
2021-09-23 20:44:26.289101,-28
2021-09-23 20:44:26.289107,-2
2021-09-23 20:44:26.289112,-9
2021-09-23 20:44:26.289118,14
2021-09-23 20:44:26.289124,33
2021-09-23 20:44:26.289130,36
2021-09-23 20:44:26.289136,36
2021-09-23 20:44:26.513939,40
2021-09-23 20:44:26.513961,45
2021-09-23 20:44:26.513969,31
2021-09-23 20:44:26.513975,9
2021-09-23 20:44:26.513981,14
2021-09-23 20:44:26.513987,43
2021-09-23 20:44:26.513993,62
2021-09-23 20:44:26.513999,64
2021-09-23 20:44:26.514005,69
2021-09-23 20:44:26.514011,88
2021-09-23 20:44:26.514017,108
2021-09-23 20:44:26.514023,91
2021-09-23 20:44:26.514029,64
2021-09-23 20:44:26.514035,55
2021-09-23 20:44:26.514041,52
2021-09-23 20:44:26.514047,38
2021-09-23 20:44:26.514053,9
2021-09-23 20:44:26.514059,-24
2021-09-23 20:44:26.514065,-48
2021-09-23 20:44:26.514071,-67
2021-09-23 20:44:26.514077,-76
2021-09-23 20:44:26.514083,-79
2021-09-23 20:44:26.514089,-93
2021-09-23 20:44:26.514095,-110
2021-09-23 20:44:26.514107,-113
2021-09-23 20:44:26.514113,-101
2021-09-23 20:44:26.514120,-96
2021-09-23 20:44:26.514126,-96
2021-09-23 20:44:26.514135,-84
2021-09-23 20:44:26.514141,-69
2021-09-23 20:44:26.872874,-72
2021-09-23 20:44:26.872895,-88
2021-09-23 20:44:26.872903,-101
2021-09-23 20:44:26.872909,-101
2021-09-23 20:44:26.872916,-101
2021-09-23 20:44:26.872922,-98
2021-09-23 20:44:26.872928,-91
2021-09-23 20:44:26.872934,-79
2021-09-23 20:44:26.872940,-74
2021-09-23 20:44:26.872946,-69
2021-09-23 20:44:26.872953,-60
2021-09-23 20:44:26.872959,-55
2021-09-23 20:44:26.872965,-50
2021-09-23 20:44:26.872971,-28
2021-09-23 20:44:26.872977,-19
2021-09-23 20:44:26.872983,-38
2021-09-23 20:44:26.872989,-48
2021-09-23 20:44:26.872995,-40
2021-09-23 20:44:26.873001,-38
2021-09-23 20:44:26.873007,-40
2021-09-23 20:44:26.873013,-36
2021-09-23 20:44:26.873019,-33
2021-09-23 20:44:26.873025,-38
2021-09-23 20:44:26.873031,-38
2021-09-23 20:44:26.873037,-28
2021-09-23 20:44:26.873043,-14
2021-09-23 20:44:26.873049,-4
2021-09-23 20:44:26.873055,2
2021-09-23 20:44:26.873062,0
2021-09-23 20:44:26.873068,-21
2021-09-23 20:44:26.963853,-28
2021-09-23 20:44:26.963873,-19
2021-09-23 20:44:26.963880,-19
2021-09-23 20:44:26.963887,-14
2021-09-23 20:44:26.963893,14
2021-09-23 20:44:26.963899,96
2021-09-23 20:44:26.963906,329
2021-09-23 20:44:26.963912,738
2021-09-23 20:44:26.963918,964
2021-09-23 20:44:26.963924,370
2021-09-23 20:44:26.963930,-512
2021-09-23 20:44:26.963936,-442
2021-09-23 20:44:26.963943,4
2021-09-23 20:44:26.963949,-62
2021-09-23 20:44:26.963955,-139
2021-09-23 20:44:26.963961,-14
2021-09-23 20:44:26.963968,-14
2021-09-23 20:44:26.963974,-62
2021-09-23 20:44:26.963980,-21
2021-09-23 20:44:26.963986,2
2021-09-23 20:44:26.963992,-14
2021-09-23 20:44:26.963998,-4
2021-09-23 20:44:26.964004,12
2021-09-23 20:44:26.964010,16
2021-09-23 20:44:26.964016,28
2021-09-23 20:44:26.964022,43
2021-09-23 20:44:26.964028,43
2021-09-23 20:44:26.964034,38
2021-09-23 20:44:26.964040,38
2021-09-23 20:44:26.964046,52
2021-09-23 20:44:27.233965,79
2021-09-23 20:44:27.233986,98
2021-09-23 20:44:27.233994,113
2021-09-23 20:44:27.234001,125
2021-09-23 20:44:27.234007,115
2021-09-23 20:44:27.234013,96
2021-09-23 20:44:27.234019,88
2021-09-23 20:44:27.234025,74
2021-09-23 20:44:27.234031,38
2021-09-23 20:44:27.234037,9
2021-09-23 20:44:27.234044,-21
2021-09-23 20:44:27.234050,-62
2021-09-23 20:44:27.234056,-88
2021-09-23 20:44:27.234062,-98
2021-09-23 20:44:27.234068,-115
2021-09-23 20:44:27.234074,-127
2021-09-23 20:44:27.234080,-129
2021-09-23 20:44:27.234086,-122
2021-09-23 20:44:27.234092,-120
2021-09-23 20:44:27.234098,-117
2021-09-23 20:44:27.234104,-113
2021-09-23 20:44:27.234110,-110
2021-09-23 20:44:27.234116,-113
2021-09-23 20:44:27.234122,-103
2021-09-23 20:44:27.234128,-93
2021-09-23 20:44:27.234134,-96
2021-09-23 20:44:27.234140,-84
2021-09-23 20:44:27.234146,-69
2021-09-23 20:44:27.234152,-57
2021-09-23 20:44:27.234158,-52
2021-09-23 20:44:27.413953,-60
2021-09-23 20:44:27.413973,-57
2021-09-23 20:44:27.413981,-52
2021-09-23 20:44:27.413987,-57
2021-09-23 20:44:27.413993,-55
2021-09-23 20:44:27.413999,-52
2021-09-23 20:44:27.414005,-62
2021-09-23 20:44:27.414011,-57
2021-09-23 20:44:27.414024,-43
2021-09-23 20:44:27.414030,-45
2021-09-23 20:44:27.414036,-57
2021-09-23 20:44:27.414042,-60
2021-09-23 20:44:27.414048,-50
2021-09-23 20:44:27.414054,-45
2021-09-23 20:44:27.414060,-57
2021-09-23 20:44:27.414067,-69
2021-09-23 20:44:27.414073,-48
2021-09-23 20:44:27.414079,-21
2021-09-23 20:44:27.414084,-21
2021-09-23 20:44:27.414090,-24
2021-09-23 20:44:27.414097,-21
2021-09-23 20:44:27.414103,-38
2021-09-23 20:44:27.414109,-55
2021-09-23 20:44:27.414115,-48
2021-09-23 20:44:27.414121,-36
2021-09-23 20:44:27.414126,-33
2021-09-23 20:44:27.414132,-24
2021-09-23 20:44:27.414139,7
2021-09-23 20:44:27.414145,129
2021-09-23 20:44:27.414154,437
2021-09-23 20:44:27.728968,846
2021-09-23 20:44:27.728990,863
2021-09-23 20:44:27.728998,12
2021-09-23 20:44:27.729005,-757
2021-09-23 20:44:27.729011,-416
2021-09-23 20:44:27.729017,9
2021-09-23 20:44:27.729023,-134
2021-09-23 20:44:27.729029,-137
2021-09-23 20:44:27.729035,-2
2021-09-23 20:44:27.729042,-40
2021-09-23 20:44:27.729048,-67
2021-09-23 20:44:27.729054,-16
2021-09-23 20:44:27.729060,-12
2021-09-23 20:44:27.729066,-21
2021-09-23 20:44:27.729072,4
2021-09-23 20:44:27.729078,19
2021-09-23 20:44:27.729085,14
2021-09-23 20:44:27.729091,28
2021-09-23 20:44:27.729097,48
2021-09-23 20:44:27.729103,50
2021-09-23 20:44:27.729109,57
2021-09-23 20:44:27.729115,86
2021-09-23 20:44:27.729121,110
2021-09-23 20:44:27.729127,120
2021-09-23 20:44:27.729133,139
2021-09-23 20:44:27.729139,163
2021-09-23 20:44:27.729145,170
2021-09-23 20:44:27.729152,165
2021-09-23 20:44:27.729165,168
2021-09-23 20:44:27.729172,158
2021-09-23 20:44:27.908996,134
2021-09-23 20:44:27.909019,113
2021-09-23 20:44:27.909027,81
2021-09-23 20:44:27.909033,33
2021-09-23 20:44:27.909040,-12
2021-09-23 20:44:27.909046,-40
2021-09-23 20:44:27.909052,-69
2021-09-23 20:44:27.909058,-105
2021-09-23 20:44:27.909064,-127
2021-09-23 20:44:27.909070,-125
2021-09-23 20:44:27.909077,-110
2021-09-23 20:44:27.909083,-110
2021-09-23 20:44:27.909089,-115
2021-09-23 20:44:27.909095,-103
2021-09-23 20:44:27.909101,-96
2021-09-23 20:44:27.909107,-108
2021-09-23 20:44:27.909113,-103
2021-09-23 20:44:27.909119,-72
2021-09-23 20:44:27.909125,-52
2021-09-23 20:44:27.909131,-62
2021-09-23 20:44:27.909137,-67
2021-09-23 20:44:27.909143,-52
2021-09-23 20:44:27.909149,-45
2021-09-23 20:44:27.909155,-50
2021-09-23 20:44:27.909161,-57
2021-09-23 20:44:27.909168,-62
2021-09-23 20:44:27.909174,-57
2021-09-23 20:44:27.909181,-50
2021-09-23 20:44:27.909187,-43
2021-09-23 20:44:27.909193,-45
2021-09-23 20:44:28.133973,-62
2021-09-23 20:44:28.133994,-55
2021-09-23 20:44:28.134002,-28
2021-09-23 20:44:28.134008,-24
2021-09-23 20:44:28.134015,-26
2021-09-23 20:44:28.134021,-21
2021-09-23 20:44:28.134027,-31
2021-09-23 20:44:28.134033,-55
2021-09-23 20:44:28.134039,-62
2021-09-23 20:44:28.134045,-57
2021-09-23 20:44:28.134051,-60
2021-09-23 20:44:28.134057,-52
2021-09-23 20:44:28.134063,-21
2021-09-23 20:44:28.134069,81
2021-09-23 20:44:28.134075,365
2021-09-23 20:44:28.134081,771
2021-09-23 20:44:28.134087,767
2021-09-23 20:44:28.134093,-105
2021-09-23 20:44:28.134100,-824
2021-09-23 20:44:28.134106,-420
2021-09-23 20:44:28.134112,9
2021-09-23 20:44:28.134118,-149
2021-09-23 20:44:28.134124,-146
2021-09-23 20:44:28.134130,7
2021-09-23 20:44:28.134136,-16
2021-09-23 20:44:28.134143,-40
2021-09-23 20:44:28.134149,12
2021-09-23 20:44:28.134155,19
2021-09-23 20:44:28.134161,14
2021-09-23 20:44:28.134166,31
2021-09-23 20:44:28.358966,36
2021-09-23 20:44:28.358987,38
2021-09-23 20:44:28.358995,57
2021-09-23 20:44:28.359002,67
2021-09-23 20:44:28.359008,67
2021-09-23 20:44:28.359014,76
2021-09-23 20:44:28.359020,88
2021-09-23 20:44:28.359026,101
2021-09-23 20:44:28.359032,117
2021-09-23 20:44:28.359039,146
2021-09-23 20:44:28.359045,173
2021-09-23 20:44:28.359051,192
2021-09-23 20:44:28.359057,197
2021-09-23 20:44:28.359063,187
2021-09-23 20:44:28.359069,168
2021-09-23 20:44:28.359075,139
2021-09-23 20:44:28.359081,103
2021-09-23 20:44:28.359087,57
2021-09-23 20:44:28.359093,2
2021-09-23 20:44:28.359099,-43
2021-09-23 20:44:28.359105,-72
2021-09-23 20:44:28.359111,-93
2021-09-23 20:44:28.359117,-103
2021-09-23 20:44:28.359123,-105
2021-09-23 20:44:28.359129,-105
2021-09-23 20:44:28.359136,-103
2021-09-23 20:44:28.359142,-101
2021-09-23 20:44:28.359148,-98
2021-09-23 20:44:28.359154,-88
2021-09-23 20:44:28.359160,-79
2021-09-23 20:44:28.583987,-79
2021-09-23 20:44:28.584008,-69
2021-09-23 20:44:28.584015,-52
2021-09-23 20:44:28.584022,-64
2021-09-23 20:44:28.584028,-91
2021-09-23 20:44:28.584054,-96
2021-09-23 20:44:28.584062,-88
2021-09-23 20:44:28.584068,-72
2021-09-23 20:44:28.584078,-62
2021-09-23 20:44:28.584085,-69
2021-09-23 20:44:28.584091,-69
2021-09-23 20:44:28.584097,-60
2021-09-23 20:44:28.584103,-67
2021-09-23 20:44:28.584109,-79
2021-09-23 20:44:28.584115,-81
2021-09-23 20:44:28.584121,-81
2021-09-23 20:44:28.584127,-69
2021-09-23 20:44:28.584133,-52
2021-09-23 20:44:28.584139,-57
2021-09-23 20:44:28.584146,-69
2021-09-23 20:44:28.584152,-74
2021-09-23 20:44:28.584158,-88
2021-09-23 20:44:28.584164,-103
2021-09-23 20:44:28.584170,-98
2021-09-23 20:44:28.584176,-86
2021-09-23 20:44:28.584182,-74
2021-09-23 20:44:28.584188,-52
2021-09-23 20:44:28.584194,31
2021-09-23 20:44:28.584200,266
2021-09-23 20:44:28.584206,675
2021-09-23 20:44:28.852733,887
2021-09-23 20:44:28.852758,233
2021-09-23 20:44:28.852766,-678
2021-09-23 20:44:28.852773,-536
2021-09-23 20:44:28.852779,-40
2021-09-23 20:44:28.852786,-127
2021-09-23 20:44:28.852792,-194
2021-09-23 20:44:28.852799,-48
2021-09-23 20:44:28.852805,-55
2021-09-23 20:44:28.852811,-105
2021-09-23 20:44:28.852818,-57
2021-09-23 20:44:28.852824,-40
2021-09-23 20:44:28.852830,-52
2021-09-23 20:44:28.852837,-28
2021-09-23 20:44:28.852843,-7
2021-09-23 20:44:28.852849,-12
2021-09-23 20:44:28.852856,-12
2021-09-23 20:44:28.852862,4
2021-09-23 20:44:28.852869,26
2021-09-23 20:44:28.852875,43
2021-09-23 20:44:28.852881,48
2021-09-23 20:44:28.852887,52
2021-09-23 20:44:28.852893,74
2021-09-23 20:44:28.852899,96
2021-09-23 20:44:28.852906,120
2021-09-23 20:44:28.852912,144
2021-09-23 20:44:28.852918,151
2021-09-23 20:44:28.852924,146
2021-09-23 20:44:28.852939,137
2021-09-23 20:44:28.852946,117
2021-09-23 20:44:29.034020,88
2021-09-23 20:44:29.034042,50
2021-09-23 20:44:29.034050,0
2021-09-23 20:44:29.034056,-45
2021-09-23 20:44:29.034063,-81
2021-09-23 20:44:29.034069,-113
2021-09-23 20:44:29.034075,-122
2021-09-23 20:44:29.034081,-122
2021-09-23 20:44:29.034087,-120
2021-09-23 20:44:29.034094,-117
2021-09-23 20:44:29.034100,-127
2021-09-23 20:44:29.034106,-134
2021-09-23 20:44:29.034112,-122
2021-09-23 20:44:29.034118,-108
2021-09-23 20:44:29.034126,-105
2021-09-23 20:44:29.034132,-101
2021-09-23 20:44:29.034139,-93
2021-09-23 20:44:29.034145,-81
2021-09-23 20:44:29.034151,-62
2021-09-23 20:44:29.034157,-48
2021-09-23 20:44:29.034163,-43
2021-09-23 20:44:29.034169,-48
2021-09-23 20:44:29.034175,-52
2021-09-23 20:44:29.034181,-50
2021-09-23 20:44:29.034187,-45
2021-09-23 20:44:29.034193,-43
2021-09-23 20:44:29.034199,-38
2021-09-23 20:44:29.034205,-38
2021-09-23 20:44:29.034211,-43
2021-09-23 20:44:29.034217,-45
2021-09-23 20:44:29.258901,-43
2021-09-23 20:44:29.258920,-43
2021-09-23 20:44:29.258927,-21
2021-09-23 20:44:29.258933,0
2021-09-23 20:44:29.258940,-2
2021-09-23 20:44:29.258946,-2
2021-09-23 20:44:29.258952,2
2021-09-23 20:44:29.258958,-9
2021-09-23 20:44:29.258964,-19
2021-09-23 20:44:29.258970,-21
2021-09-23 20:44:29.258976,-21
2021-09-23 20:44:29.258982,-9
2021-09-23 20:44:29.258988,7
2021-09-23 20:44:29.258995,55
2021-09-23 20:44:29.259001,252
2021-09-23 20:44:29.259007,661
2021-09-23 20:44:29.259013,1055
2021-09-23 20:44:29.259019,735
2021-09-23 20:44:29.259034,-274
2021-09-23 20:44:29.259041,-596
2021-09-23 20:44:29.259047,-125
2021-09-23 20:44:29.259053,-33
2021-09-23 20:44:29.259059,-199
2021-09-23 20:44:29.259065,-108
2021-09-23 20:44:29.259071,-36
2021-09-23 20:44:29.259078,-86
2021-09-23 20:44:29.259084,-69
2021-09-23 20:44:29.259090,-43
2021-09-23 20:44:29.259096,-55
2021-09-23 20:44:29.259102,-45
2021-09-23 20:44:29.573988,-21
2021-09-23 20:44:29.574009,-16
2021-09-23 20:44:29.574017,-9
2021-09-23 20:44:29.574023,-4
2021-09-23 20:44:29.574029,-2
2021-09-23 20:44:29.574036,12
2021-09-23 20:44:29.574042,28
2021-09-23 20:44:29.574048,45
2021-09-23 20:44:29.574054,57
2021-09-23 20:44:29.574060,62
2021-09-23 20:44:29.574066,81
2021-09-23 20:44:29.574080,108
2021-09-23 20:44:29.574087,120
2021-09-23 20:44:29.574093,117
2021-09-23 20:44:29.574099,117
2021-09-23 20:44:29.574105,101
2021-09-23 20:44:29.574111,72
2021-09-23 20:44:29.574117,43
2021-09-23 20:44:29.574123,9
2021-09-23 20:44:29.574130,-16
2021-09-23 20:44:29.574136,-40
2021-09-23 20:44:29.574142,-72
2021-09-23 20:44:29.574148,-86
2021-09-23 20:44:29.574154,-88
2021-09-23 20:44:29.574160,-88
2021-09-23 20:44:29.574166,-88
2021-09-23 20:44:29.574172,-88
2021-09-23 20:44:29.574179,-96
2021-09-23 20:44:29.574185,-105
2021-09-23 20:44:29.574191,-103
2021-09-23 20:44:29.753995,-96
2021-09-23 20:44:29.754016,-86
2021-09-23 20:44:29.754023,-84
2021-09-23 20:44:29.754030,-84
2021-09-23 20:44:29.754036,-76
2021-09-23 20:44:29.754042,-64
2021-09-23 20:44:29.754048,-57
2021-09-23 20:44:29.754054,-55
2021-09-23 20:44:29.754068,-55
2021-09-23 20:44:29.754074,-55
2021-09-23 20:44:29.754080,-48
2021-09-23 20:44:29.754087,-33
2021-09-23 20:44:29.754093,-28
2021-09-23 20:44:29.754099,-31
2021-09-23 20:44:29.754105,-33
2021-09-23 20:44:29.754111,-36
2021-09-23 20:44:29.754117,-33
2021-09-23 20:44:29.754123,-26
2021-09-23 20:44:29.754129,-24
2021-09-23 20:44:29.754135,-31
2021-09-23 20:44:29.754141,-45
2021-09-23 20:44:29.754147,-36
2021-09-23 20:44:29.754153,-16
2021-09-23 20:44:29.754159,-7
2021-09-23 20:44:29.754165,-9
2021-09-23 20:44:29.754171,-21
2021-09-23 20:44:29.754177,-45
2021-09-23 20:44:29.754183,-55
2021-09-23 20:44:29.754189,-38
2021-09-23 20:44:29.754195,-21
2021-09-23 20:44:30.023427,-21
2021-09-23 20:44:30.023448,-19
2021-09-23 20:44:30.023456,36
2021-09-23 20:44:30.023462,235
2021-09-23 20:44:30.023469,663
2021-09-23 20:44:30.023475,1118
2021-09-23 20:44:30.023481,851
2021-09-23 20:44:30.023487,-197
2021-09-23 20:44:30.023493,-615
2021-09-23 20:44:30.023499,-149
2021-09-23 20:44:30.023506,-24
2021-09-23 20:44:30.023512,-209
2021-09-23 20:44:30.023518,-127
2021-09-23 20:44:30.023526,-52
2021-09-23 20:44:30.023533,-115
2021-09-23 20:44:30.023540,-96
2021-09-23 20:44:30.023546,-45
2021-09-23 20:44:30.023553,-52
2021-09-23 20:44:30.023559,-50
2021-09-23 20:44:30.023565,-28
2021-09-23 20:44:30.023571,-28
2021-09-23 20:44:30.023577,-24
2021-09-23 20:44:30.023583,-4
2021-09-23 20:44:30.023590,9
2021-09-23 20:44:30.023596,14
2021-09-23 20:44:30.023602,26
2021-09-23 20:44:30.023608,40
2021-09-23 20:44:30.023614,50
2021-09-23 20:44:30.023626,64
2021-09-23 20:44:30.023633,86
2021-09-23 20:44:30.249012,105
2021-09-23 20:44:30.249033,117
2021-09-23 20:44:30.249041,117
2021-09-23 20:44:30.249047,105
2021-09-23 20:44:30.249053,101
2021-09-23 20:44:30.249060,88
2021-09-23 20:44:30.249066,52
2021-09-23 20:44:30.249072,4
2021-09-23 20:44:30.249078,-38
2021-09-23 20:44:30.249084,-67
2021-09-23 20:44:30.249090,-84
2021-09-23 20:44:30.249096,-98
2021-09-23 20:44:30.249102,-117
2021-09-23 20:44:30.249108,-132
2021-09-23 20:44:30.249114,-134
2021-09-23 20:44:30.249120,-132
2021-09-23 20:44:30.249126,-132
2021-09-23 20:44:30.249132,-129
2021-09-23 20:44:30.249139,-129
2021-09-23 20:44:30.249145,-129
2021-09-23 20:44:30.249151,-120
2021-09-23 20:44:30.249157,-110
2021-09-23 20:44:30.249163,-105
2021-09-23 20:44:30.249169,-98
2021-09-23 20:44:30.249175,-96
2021-09-23 20:44:30.249181,-93
2021-09-23 20:44:30.249188,-81
2021-09-23 20:44:30.249194,-74
2021-09-23 20:44:30.249200,-64
2021-09-23 20:44:30.249206,-55
2021-09-23 20:44:30.429027,-45
2021-09-23 20:44:30.429051,-38
2021-09-23 20:44:30.429058,-33
2021-09-23 20:44:30.429065,-31
2021-09-23 20:44:30.429071,-26
2021-09-23 20:44:30.429077,-24
2021-09-23 20:44:30.429083,-16
2021-09-23 20:44:30.429089,-9
2021-09-23 20:44:30.429095,-7
2021-09-23 20:44:30.429101,-2
2021-09-23 20:44:30.429108,9
2021-09-23 20:44:30.429114,7
2021-09-23 20:44:30.429150,-4
2021-09-23 20:44:30.429156,-4
2021-09-23 20:44:30.429162,0
2021-09-23 20:44:30.429168,-4
2021-09-23 20:44:30.429174,-9
2021-09-23 20:44:30.429189,-21
2021-09-23 20:44:30.429199,-36
2021-09-23 20:44:30.429205,-31
2021-09-23 20:44:30.429211,-14
2021-09-23 20:44:30.429218,-4
2021-09-23 20:44:30.429224,7
2021-09-23 20:44:30.429230,12
2021-09-23 20:44:30.429236,-2
2021-09-23 20:44:30.429242,-14
2021-09-23 20:44:30.429249,-14
2021-09-23 20:44:30.429255,-9
2021-09-23 20:44:30.429261,-4
2021-09-23 20:44:30.429267,2
2021-09-23 20:44:30.654034,28
2021-09-23 20:44:30.654055,149
2021-09-23 20:44:30.654062,471
2021-09-23 20:44:30.654069,990
2021-09-23 20:44:30.654075,1216
2021-09-23 20:44:30.654082,423
2021-09-23 20:44:30.654088,-589
2021-09-23 20:44:30.654094,-464
2021-09-23 20:44:30.654100,-28
2021-09-23 20:44:30.654106,-168
2021-09-23 20:44:30.654112,-238
2021-09-23 20:44:30.654118,-96
2021-09-23 20:44:30.654124,-98
2021-09-23 20:44:30.654130,-127
2021-09-23 20:44:30.654136,-76
2021-09-23 20:44:30.654142,-62
2021-09-23 20:44:30.654148,-72
2021-09-23 20:44:30.654154,-55
2021-09-23 20:44:30.654160,-38
2021-09-23 20:44:30.654166,-33
2021-09-23 20:44:30.654172,-21
2021-09-23 20:44:30.654178,-7
2021-09-23 20:44:30.654184,2
2021-09-23 20:44:30.654190,14
2021-09-23 20:44:30.654196,31
2021-09-23 20:44:30.654202,48
2021-09-23 20:44:30.654208,60
2021-09-23 20:44:30.654214,72
2021-09-23 20:44:30.654220,86
2021-09-23 20:44:30.654226,105
2021-09-23 20:44:31.012749,117
2021-09-23 20:44:31.012771,117
2021-09-23 20:44:31.012779,115
2021-09-23 20:44:31.012785,110
2021-09-23 20:44:31.012791,88
2021-09-23 20:44:31.012799,50
2021-09-23 20:44:31.012806,19
2021-09-23 20:44:31.012813,-14
2021-09-23 20:44:31.012819,-57
2021-09-23 20:44:31.012827,-93
2021-09-23 20:44:31.012833,-113
2021-09-23 20:44:31.012839,-120
2021-09-23 20:44:31.012846,-125
2021-09-23 20:44:31.012855,-122
2021-09-23 20:44:31.012862,-115
2021-09-23 20:44:31.012868,-110
2021-09-23 20:44:31.012874,-108
2021-09-23 20:44:31.012880,-108
2021-09-23 20:44:31.012886,-108
2021-09-23 20:44:31.012893,-101
2021-09-23 20:44:31.012899,-98
2021-09-23 20:44:31.012905,-101
2021-09-23 20:44:31.012911,-96
2021-09-23 20:44:31.012917,-86
2021-09-23 20:44:31.012923,-76
2021-09-23 20:44:31.012929,-67
2021-09-23 20:44:31.012935,-60
2021-09-23 20:44:31.012941,-55
2021-09-23 20:44:31.012947,-48
2021-09-23 20:44:31.012953,-38
2021-09-23 20:44:31.104578,-33
2021-09-23 20:44:31.104599,-28
2021-09-23 20:44:31.104607,-28
2021-09-23 20:44:31.104613,-33
2021-09-23 20:44:31.104620,-40
2021-09-23 20:44:31.104625,-33
2021-09-23 20:44:31.104632,-28
2021-09-23 20:44:31.104638,-28
2021-09-23 20:44:31.104643,-24
2021-09-23 20:44:31.104649,-21
2021-09-23 20:44:31.104655,-24
2021-09-23 20:44:31.104662,-26
2021-09-23 20:44:31.104668,-26
2021-09-23 20:44:31.104674,-38
2021-09-23 20:44:31.104680,-50
2021-09-23 20:44:31.104686,-50
2021-09-23 20:44:31.104692,-52
2021-09-23 20:44:31.104698,-50
2021-09-23 20:44:31.104704,-40
2021-09-23 20:44:31.104710,-36
2021-09-23 20:44:31.104716,-36
2021-09-23 20:44:31.104722,-38
2021-09-23 20:44:31.104728,-43
2021-09-23 20:44:31.104734,-40
2021-09-23 20:44:31.104740,-36
2021-09-23 20:44:31.104746,-24
2021-09-23 20:44:31.104752,-9
2021-09-23 20:44:31.104758,0
2021-09-23 20:44:31.104768,4
2021-09-23 20:44:31.104775,-7
2021-09-23 20:44:31.419060,-26
2021-09-23 20:44:31.419083,-33
2021-09-23 20:44:31.419090,-38
2021-09-23 20:44:31.419097,-45
2021-09-23 20:44:31.419103,-38
2021-09-23 20:44:31.419109,-12
2021-09-23 20:44:31.419115,72
2021-09-23 20:44:31.419121,336
2021-09-23 20:44:31.419127,848
2021-09-23 20:44:31.419133,1238
2021-09-23 20:44:31.419139,639
2021-09-23 20:44:31.419146,-514
2021-09-23 20:44:31.419152,-606
2021-09-23 20:44:31.419158,-69
2021-09-23 20:44:31.419164,-115
2021-09-23 20:44:31.419170,-250
2021-09-23 20:44:31.419176,-98
2021-09-23 20:44:31.419182,-62
2021-09-23 20:44:31.419188,-113
2021-09-23 20:44:31.419194,-69
2021-09-23 20:44:31.419200,-43
2021-09-23 20:44:31.419206,-62
2021-09-23 20:44:31.419212,-48
2021-09-23 20:44:31.419225,-16
2021-09-23 20:44:31.419231,-7
2021-09-23 20:44:31.419237,-7
2021-09-23 20:44:31.419243,2
2021-09-23 20:44:31.419250,12
2021-09-23 20:44:31.419255,21
2021-09-23 20:44:31.419261,38
2021-09-23 20:44:31.599014,52
2021-09-23 20:44:31.599035,67
2021-09-23 20:44:31.599042,79
2021-09-23 20:44:31.599049,91
2021-09-23 20:44:31.599055,108
2021-09-23 20:44:31.599061,120
2021-09-23 20:44:31.599067,125
2021-09-23 20:44:31.599073,127
2021-09-23 20:44:31.599079,113
2021-09-23 20:44:31.599085,84
2021-09-23 20:44:31.599092,64
2021-09-23 20:44:31.599098,43
2021-09-23 20:44:31.599103,7
2021-09-23 20:44:31.599110,-28
2021-09-23 20:44:31.599116,-52
2021-09-23 20:44:31.599122,-79
2021-09-23 20:44:31.599128,-96
2021-09-23 20:44:31.599134,-93
2021-09-23 20:44:31.599146,-96
2021-09-23 20:44:31.599153,-110
2021-09-23 20:44:31.599159,-125
2021-09-23 20:44:31.599165,-120
2021-09-23 20:44:31.599171,-110
2021-09-23 20:44:31.599177,-103
2021-09-23 20:44:31.599183,-96
2021-09-23 20:44:31.599189,-91
2021-09-23 20:44:31.599195,-93
2021-09-23 20:44:31.599202,-93
2021-09-23 20:44:31.599208,-88
2021-09-23 20:44:31.599214,-86
2021-09-23 20:44:31.824009,-76
2021-09-23 20:44:31.824030,-62
2021-09-23 20:44:31.824038,-57
2021-09-23 20:44:31.824044,-55
2021-09-23 20:44:31.824050,-48
2021-09-23 20:44:31.824056,-38
2021-09-23 20:44:31.824062,-33
2021-09-23 20:44:31.824068,-38
2021-09-23 20:44:31.824074,-48
2021-09-23 20:44:31.824080,-45
2021-09-23 20:44:31.824086,-36
2021-09-23 20:44:31.824092,-36
2021-09-23 20:44:31.824098,-36
2021-09-23 20:44:31.824104,-40
2021-09-23 20:44:31.824110,-48
2021-09-23 20:44:31.824116,-48
2021-09-23 20:44:31.824122,-52
2021-09-23 20:44:31.824128,-60
2021-09-23 20:44:31.824134,-55
2021-09-23 20:44:31.824140,-50
2021-09-23 20:44:31.824146,-52
2021-09-23 20:44:31.824152,-52
2021-09-23 20:44:31.824158,-48
2021-09-23 20:44:31.824164,-45
2021-09-23 20:44:31.824170,-40
2021-09-23 20:44:31.824176,-36
2021-09-23 20:44:31.824182,-36
2021-09-23 20:44:31.824189,-38
2021-09-23 20:44:31.824194,-36
2021-09-23 20:44:31.824201,-26
2021-09-23 20:44:32.049089,-19
2021-09-23 20:44:32.049112,-21
2021-09-23 20:44:32.049119,-28
2021-09-23 20:44:32.049126,-33
2021-09-23 20:44:32.049132,-31
2021-09-23 20:44:32.049139,-28
2021-09-23 20:44:32.049145,-21
2021-09-23 20:44:32.049151,-12
2021-09-23 20:44:32.049157,2
2021-09-23 20:44:32.049164,12
2021-09-23 20:44:32.049170,0
2021-09-23 20:44:32.049176,-16
2021-09-23 20:44:32.049182,-24
2021-09-23 20:44:32.049188,-24
2021-09-23 20:44:32.049195,-19
2021-09-23 20:44:32.049201,-7
2021-09-23 20:44:32.049208,7
2021-09-23 20:44:32.049214,93
2021-09-23 20:44:32.049220,365
2021-09-23 20:44:32.049226,877
2021-09-23 20:44:32.049232,1279
2021-09-23 20:44:32.049239,673
2021-09-23 20:44:32.049245,-512
2021-09-23 20:44:32.049251,-603
2021-09-23 20:44:32.049257,-43
2021-09-23 20:44:32.049263,-91
2021-09-23 20:44:32.049269,-233
2021-09-23 20:44:32.049275,-84
2021-09-23 20:44:32.049281,-52
2021-09-23 20:44:32.049287,-103
2021-09-23 20:44:32.274016,-55
2021-09-23 20:44:32.274037,-21
2021-09-23 20:44:32.274044,-33
2021-09-23 20:44:32.274050,-26
2021-09-23 20:44:32.274056,-12
2021-09-23 20:44:32.274063,-7
2021-09-23 20:44:32.274069,-4
2021-09-23 20:44:32.274075,7
2021-09-23 20:44:32.274081,24
2021-09-23 20:44:32.274087,33
2021-09-23 20:44:32.274093,40
2021-09-23 20:44:32.274099,50
2021-09-23 20:44:32.274105,52
2021-09-23 20:44:32.274111,60
2021-09-23 20:44:32.274117,81
2021-09-23 20:44:32.274123,98
2021-09-23 20:44:32.274129,108
2021-09-23 20:44:32.274135,108
2021-09-23 20:44:32.274141,105
2021-09-23 20:44:32.274147,105
2021-09-23 20:44:32.274153,88
2021-09-23 20:44:32.274159,55
2021-09-23 20:44:32.274165,31
2021-09-23 20:44:32.274171,4
2021-09-23 20:44:32.274177,-31
2021-09-23 20:44:32.274183,-62
2021-09-23 20:44:32.274189,-81
2021-09-23 20:44:32.274195,-98
2021-09-23 20:44:32.274211,-110
2021-09-23 20:44:32.274218,-113
2021-09-23 20:44:32.499034,-120
2021-09-23 20:44:32.499055,-122
2021-09-23 20:44:32.499063,-113
2021-09-23 20:44:32.499069,-108
2021-09-23 20:44:32.499075,-105
2021-09-23 20:44:32.499081,-108
2021-09-23 20:44:32.499087,-110
2021-09-23 20:44:32.499093,-98
2021-09-23 20:44:32.499099,-86
2021-09-23 20:44:32.499105,-81
2021-09-23 20:44:32.499111,-74
2021-09-23 20:44:32.499118,-72
2021-09-23 20:44:32.499124,-72
2021-09-23 20:44:32.499130,-62
2021-09-23 20:44:32.499136,-52
2021-09-23 20:44:32.499142,-48
2021-09-23 20:44:32.499148,-43
2021-09-23 20:44:32.499154,-43
2021-09-23 20:44:32.499160,-45
2021-09-23 20:44:32.499166,-40
2021-09-23 20:44:32.499172,-33
2021-09-23 20:44:32.499178,-33
2021-09-23 20:44:32.499184,-33
2021-09-23 20:44:32.499190,-38
2021-09-23 20:44:32.499196,-40
2021-09-23 20:44:32.499202,-31
2021-09-23 20:44:32.499208,-24
2021-09-23 20:44:32.499214,-28
2021-09-23 20:44:32.499220,-31
2021-09-23 20:44:32.499226,-31
2021-09-23 20:44:32.724032,-36
2021-09-23 20:44:32.724055,-40
2021-09-23 20:44:32.724062,-36
2021-09-23 20:44:32.724068,-31
2021-09-23 20:44:32.724075,-33
2021-09-23 20:44:32.724081,-38
2021-09-23 20:44:32.724087,-33
2021-09-23 20:44:32.724093,-24
2021-09-23 20:44:32.724099,-24
2021-09-23 20:44:32.724105,-26
2021-09-23 20:44:32.724111,-26
2021-09-23 20:44:32.724117,-28
2021-09-23 20:44:32.724124,-28
2021-09-23 20:44:32.724130,-24
2021-09-23 20:44:32.724136,-24
2021-09-23 20:44:32.724142,-24
2021-09-23 20:44:32.724148,-24
2021-09-23 20:44:32.724154,-14
2021-09-23 20:44:32.724168,4
2021-09-23 20:44:32.724174,19
2021-09-23 20:44:32.724180,21
2021-09-23 20:44:32.724186,12
2021-09-23 20:44:32.724192,-4
2021-09-23 20:44:32.724199,-9
2021-09-23 20:44:32.724205,-4
2021-09-23 20:44:32.724211,-4
2021-09-23 20:44:32.724217,-2
2021-09-23 20:44:32.724223,16
2021-09-23 20:44:32.724229,105
2021-09-23 20:44:32.724235,382
2021-09-23 20:44:32.992642,894
2021-09-23 20:44:32.992662,1209
2021-09-23 20:44:32.992670,483
2021-09-23 20:44:32.992676,-627
2021-09-23 20:44:32.992682,-555
2021-09-23 20:44:32.992688,-19
2021-09-23 20:44:32.992694,-115
2021-09-23 20:44:32.992700,-199
2021-09-23 20:44:32.992706,-38
2021-09-23 20:44:32.992712,-43
2021-09-23 20:44:32.992718,-101
2021-09-23 20:44:32.992724,-45
2021-09-23 20:44:32.992730,-12
2021-09-23 20:44:32.992736,-28
2021-09-23 20:44:32.992742,-21
2021-09-23 20:44:32.992748,-12
2021-09-23 20:44:32.992755,-16
2021-09-23 20:44:32.992760,-4
2021-09-23 20:44:32.992766,14
2021-09-23 20:44:32.992773,21
2021-09-23 20:44:32.992779,26
2021-09-23 20:44:32.992784,40
2021-09-23 20:44:32.992791,55
2021-09-23 20:44:32.992797,69
2021-09-23 20:44:32.992803,84
2021-09-23 20:44:32.992809,96
2021-09-23 20:44:32.992815,108
2021-09-23 20:44:32.992821,117
2021-09-23 20:44:32.992828,122
2021-09-23 20:44:32.992834,120
2021-09-23 20:44:33.220289,115
2021-09-23 20:44:33.220319,101
2021-09-23 20:44:33.220324,67
2021-09-23 20:44:33.220333,26
2021-09-23 20:44:33.220337,-7
2021-09-23 20:44:33.220340,-40
2021-09-23 20:44:33.220350,-81
2021-09-23 20:44:33.220354,-108
2021-09-23 20:44:33.220371,-108
2021-09-23 20:44:33.220381,-122
2021-09-23 20:44:33.220384,-137
2021-09-23 20:44:33.220387,-132
2021-09-23 20:44:33.220397,-125
2021-09-23 20:44:33.220401,-120
2021-09-23 20:44:33.220404,-115
2021-09-23 20:44:33.220414,-115
2021-09-23 20:44:33.220417,-105
2021-09-23 20:44:33.220420,-86
2021-09-23 20:44:33.220430,-76
2021-09-23 20:44:33.220433,-62
2021-09-23 20:44:33.220442,-52
2021-09-23 20:44:33.220446,-52
2021-09-23 20:44:33.220449,-50
2021-09-23 20:44:33.220459,-36
2021-09-23 20:44:33.220462,-26
2021-09-23 20:44:33.220465,-24
2021-09-23 20:44:33.220475,-26
2021-09-23 20:44:33.220478,-24
2021-09-23 20:44:33.220481,-21
2021-09-23 20:44:33.220491,-26
2021-09-23 20:44:33.488961,-33
2021-09-23 20:44:33.488981,-24
2021-09-23 20:44:33.488989,-24
2021-09-23 20:44:33.488995,-36
2021-09-23 20:44:33.489001,-31
2021-09-23 20:44:33.489007,-21
2021-09-23 20:44:33.489013,-19
2021-09-23 20:44:33.489019,-16
2021-09-23 20:44:33.489025,-21
2021-09-23 20:44:33.489031,-28
2021-09-23 20:44:33.489037,-21
2021-09-23 20:44:33.489043,-14
2021-09-23 20:44:33.489049,-16
2021-09-23 20:44:33.489055,-14
2021-09-23 20:44:33.489061,-16
2021-09-23 20:44:33.489067,-24
2021-09-23 20:44:33.489073,-19
2021-09-23 20:44:33.489079,-16
2021-09-23 20:44:33.489085,-26
2021-09-23 20:44:33.489091,-26
2021-09-23 20:44:33.489097,-19
2021-09-23 20:44:33.489103,-19
2021-09-23 20:44:33.489109,-7
2021-09-23 20:44:33.489115,14
2021-09-23 20:44:33.489121,26
2021-09-23 20:44:33.489127,16
2021-09-23 20:44:33.489133,-9
2021-09-23 20:44:33.489139,-21
2021-09-23 20:44:33.489150,-16
2021-09-23 20:44:33.489157,-7
2021-09-23 20:44:33.669147,2
2021-09-23 20:44:33.669169,9
2021-09-23 20:44:33.669177,28
2021-09-23 20:44:33.669183,173
2021-09-23 20:44:33.669189,553
2021-09-23 20:44:33.669195,1041
2021-09-23 20:44:33.669201,916
2021-09-23 20:44:33.669207,-158
2021-09-23 20:44:33.669213,-779
2021-09-23 20:44:33.669220,-274
2021-09-23 20:44:33.669226,4
2021-09-23 20:44:33.669231,-192
2021-09-23 20:44:33.669237,-139
2021-09-23 20:44:33.669244,-31
2021-09-23 20:44:33.669249,-88
2021-09-23 20:44:33.669255,-93
2021-09-23 20:44:33.669261,-40
2021-09-23 20:44:33.669267,-31
2021-09-23 20:44:33.669273,-31
2021-09-23 20:44:33.669280,-14
2021-09-23 20:44:33.669285,-14
2021-09-23 20:44:33.669291,-16
2021-09-23 20:44:33.669297,4
2021-09-23 20:44:33.669303,26
2021-09-23 20:44:33.669309,31
2021-09-23 20:44:33.669316,40
2021-09-23 20:44:33.669322,55
2021-09-23 20:44:33.669328,67
2021-09-23 20:44:33.669334,84
2021-09-23 20:44:33.669340,108
2021-09-23 20:44:33.894059,127
2021-09-23 20:44:33.894082,137
2021-09-23 20:44:33.894089,144
2021-09-23 20:44:33.894095,139
2021-09-23 20:44:33.894101,120
2021-09-23 20:44:33.894107,110
2021-09-23 20:44:33.894113,93
2021-09-23 20:44:33.894119,55
2021-09-23 20:44:33.894125,4
2021-09-23 20:44:33.894132,-36
2021-09-23 20:44:33.894138,-64
2021-09-23 20:44:33.894144,-84
2021-09-23 20:44:33.894150,-101
2021-09-23 20:44:33.894156,-122
2021-09-23 20:44:33.894162,-134
2021-09-23 20:44:33.894168,-127
2021-09-23 20:44:33.894174,-122
2021-09-23 20:44:33.894180,-125
2021-09-23 20:44:33.894195,-122
2021-09-23 20:44:33.894201,-115
2021-09-23 20:44:33.894207,-110
2021-09-23 20:44:33.894213,-96
2021-09-23 20:44:33.894219,-84
2021-09-23 20:44:33.894225,-79
2021-09-23 20:44:33.894231,-64
2021-09-23 20:44:33.894237,-52
2021-09-23 20:44:33.894243,-48
2021-09-23 20:44:33.894249,-40
2021-09-23 20:44:33.894255,-28
2021-09-23 20:44:33.894261,-21
2021-09-23 20:44:34.119057,-28
2021-09-23 20:44:34.119078,-31
2021-09-23 20:44:34.119086,-28
2021-09-23 20:44:34.119092,-26
2021-09-23 20:44:34.119099,-26
2021-09-23 20:44:34.119105,-36
2021-09-23 20:44:34.119111,-45
2021-09-23 20:44:34.119117,-45
2021-09-23 20:44:34.119123,-43
2021-09-23 20:44:34.119129,-38
2021-09-23 20:44:34.119135,-31
2021-09-23 20:44:34.119141,-40
2021-09-23 20:44:34.119147,-60
2021-09-23 20:44:34.119154,-48
2021-09-23 20:44:34.119160,-19
2021-09-23 20:44:34.119166,-14
2021-09-23 20:44:34.119172,-14
2021-09-23 20:44:34.119179,-21
2021-09-23 20:44:34.119185,-43
2021-09-23 20:44:34.119191,-50
2021-09-23 20:44:34.119197,-52
2021-09-23 20:44:34.119204,-57
2021-09-23 20:44:34.119210,-52
2021-09-23 20:44:34.119216,-43
2021-09-23 20:44:34.119222,-33
2021-09-23 20:44:34.119228,33
2021-09-23 20:44:34.119234,245
2021-09-23 20:44:34.119240,673
2021-09-23 20:44:34.119246,1070
2021-09-23 20:44:34.119252,632
2021-09-23 20:44:34.389045,-476
2021-09-23 20:44:34.389067,-675
2021-09-23 20:44:34.389074,-96
2021-09-23 20:44:34.389080,-40
2021-09-23 20:44:34.389086,-199
2021-09-23 20:44:34.389092,-79
2021-09-23 20:44:34.389098,-33
2021-09-23 20:44:34.389105,-108
2021-09-23 20:44:34.389111,-86
2021-09-23 20:44:34.389122,-40
2021-09-23 20:44:34.389129,-48
2021-09-23 20:44:34.389135,-45
2021-09-23 20:44:34.389141,-19
2021-09-23 20:44:34.389147,-4
2021-09-23 20:44:34.389153,-9
2021-09-23 20:44:34.389159,-2
2021-09-23 20:44:34.389166,21
2021-09-23 20:44:34.389172,31
2021-09-23 20:44:34.389178,33
2021-09-23 20:44:34.389184,45
2021-09-23 20:44:34.389190,76
2021-09-23 20:44:34.389196,108
2021-09-23 20:44:34.389202,115
2021-09-23 20:44:34.389208,125
2021-09-23 20:44:34.389214,153
2021-09-23 20:44:34.389220,170
2021-09-23 20:44:34.389226,168
2021-09-23 20:44:34.389232,153
2021-09-23 20:44:34.389238,127
2021-09-23 20:44:34.389244,81
2021-09-23 20:44:34.569069,28
2021-09-23 20:44:34.569091,-4
2021-09-23 20:44:34.569098,-31
2021-09-23 20:44:34.569104,-81
2021-09-23 20:44:34.569111,-132
2021-09-23 20:44:34.569117,-132
2021-09-23 20:44:34.569123,-105
2021-09-23 20:44:34.569129,-103
2021-09-23 20:44:34.569135,-115
2021-09-23 20:44:34.569141,-108
2021-09-23 20:44:34.569147,-113
2021-09-23 20:44:34.569153,-141
2021-09-23 20:44:34.569159,-125
2021-09-23 20:44:34.569165,-79
2021-09-23 20:44:34.569171,-84
2021-09-23 20:44:34.569177,-93
2021-09-23 20:44:34.569183,-84
2021-09-23 20:44:34.569189,-86
2021-09-23 20:44:34.569195,-84
2021-09-23 20:44:34.569201,-57
2021-09-23 20:44:34.569207,-40
2021-09-23 20:44:34.569213,-33
2021-09-23 20:44:34.569219,-31
2021-09-23 20:44:34.569225,-55
2021-09-23 20:44:34.569231,-60
2021-09-23 20:44:34.569237,-21
2021-09-23 20:44:34.569243,-14
2021-09-23 20:44:34.569249,-52
2021-09-23 20:44:34.569262,-64
2021-09-23 20:44:34.569268,-38
2021-09-23 20:44:34.794055,-26
2021-09-23 20:44:34.794075,-31
2021-09-23 20:44:34.794082,-12
2021-09-23 20:44:34.794088,-14
2021-09-23 20:44:34.794094,-48
2021-09-23 20:44:34.794100,-28
2021-09-23 20:44:34.794106,4
2021-09-23 20:44:34.794112,-4
2021-09-23 20:44:34.794118,-7
2021-09-23 20:44:34.794124,-4
2021-09-23 20:44:34.794131,-12
2021-09-23 20:44:34.794137,-14
2021-09-23 20:44:34.794143,-33
2021-09-23 20:44:34.794149,-31
2021-09-23 20:44:34.794155,-7
2021-09-23 20:44:34.794161,-12
2021-09-23 20:44:34.794167,14
2021-09-23 20:44:34.794173,202
2021-09-23 20:44:34.794179,579
2021-09-23 20:44:34.794185,1022
2021-09-23 20:44:34.794191,887
2021-09-23 20:44:34.794197,-129
2021-09-23 20:44:34.794203,-680
2021-09-23 20:44:34.794209,-209
2021-09-23 20:44:34.794215,-2
2021-09-23 20:44:34.794221,-214
2021-09-23 20:44:34.794228,-161
2021-09-23 20:44:34.794234,-48
2021-09-23 20:44:34.794240,-76
2021-09-23 20:44:34.794246,-38
2021-09-23 20:44:35.108353,19
2021-09-23 20:44:35.108374,-16
2021-09-23 20:44:35.108381,-31
2021-09-23 20:44:35.108388,-2
2021-09-23 20:44:35.108394,4
2021-09-23 20:44:35.108400,7
2021-09-23 20:44:35.108406,-2
2021-09-23 20:44:35.108413,-9
2021-09-23 20:44:35.108419,-2
2021-09-23 20:44:35.108425,14
2021-09-23 20:44:35.108431,45
2021-09-23 20:44:35.108437,74
2021-09-23 20:44:35.108443,88
2021-09-23 20:44:35.108449,86
2021-09-23 20:44:35.108456,86
2021-09-23 20:44:35.108462,127
2021-09-23 20:44:35.108468,146
2021-09-23 20:44:35.108474,110
2021-09-23 20:44:35.108480,103
2021-09-23 20:44:35.108487,120
2021-09-23 20:44:35.108493,62
2021-09-23 20:44:35.108499,9
2021-09-23 20:44:35.108505,16
2021-09-23 20:44:35.108511,-21
2021-09-23 20:44:35.108517,-79
2021-09-23 20:44:35.108523,-81
2021-09-23 20:44:35.108529,-96
2021-09-23 20:44:35.108535,-134
2021-09-23 20:44:35.108542,-139
2021-09-23 20:44:35.108548,-149
2021-09-23 20:44:35.333474,-161
2021-09-23 20:44:35.333496,-141
2021-09-23 20:44:35.333504,-113
2021-09-23 20:44:35.333511,-98
2021-09-23 20:44:35.333517,-96
2021-09-23 20:44:35.333523,-81
2021-09-23 20:44:35.333529,-84
2021-09-23 20:44:35.333535,-98
2021-09-23 20:44:35.333541,-81
2021-09-23 20:44:35.333547,-72
2021-09-23 20:44:35.333553,-93
2021-09-23 20:44:35.333559,-62
2021-09-23 20:44:35.333565,-9
2021-09-23 20:44:35.333571,-19
2021-09-23 20:44:35.333577,-45
2021-09-23 20:44:35.333591,-52
2021-09-23 20:44:35.333598,-55
2021-09-23 20:44:35.333604,-52
2021-09-23 20:44:35.333610,-55
2021-09-23 20:44:35.333616,-55
2021-09-23 20:44:35.333622,-55
2021-09-23 20:44:35.333628,-60
2021-09-23 20:44:35.333634,-50
2021-09-23 20:44:35.333640,-28
2021-09-23 20:44:35.333646,-4
2021-09-23 20:44:35.333652,-9
2021-09-23 20:44:35.333658,-33
2021-09-23 20:44:35.333665,-28
2021-09-23 20:44:35.333671,-9
2021-09-23 20:44:35.333677,-31
2021-09-23 20:44:35.514057,-45
2021-09-23 20:44:35.514079,0
2021-09-23 20:44:35.514087,24
2021-09-23 20:44:35.514093,-19
2021-09-23 20:44:35.514099,-19
2021-09-23 20:44:35.514105,86
2021-09-23 20:44:35.514111,334
2021-09-23 20:44:35.514117,795
2021-09-23 20:44:35.514131,1127
2021-09-23 20:44:35.514138,507
2021-09-23 20:44:35.514144,-536
2021-09-23 20:44:35.514150,-507
2021-09-23 20:44:35.514157,-4
2021-09-23 20:44:35.514163,-103
2021-09-23 20:44:35.514169,-223
2021-09-23 20:44:35.514175,-69
2021-09-23 20:44:35.514181,-38
2021-09-23 20:44:35.514187,-81
2021-09-23 20:44:35.514193,-31
2021-09-23 20:44:35.514199,-4
2021-09-23 20:44:35.514205,-31
2021-09-23 20:44:35.514211,-33
2021-09-23 20:44:35.514217,-16
2021-09-23 20:44:35.514223,-4
2021-09-23 20:44:35.514229,9
2021-09-23 20:44:35.514235,24
2021-09-23 20:44:35.514241,31
2021-09-23 20:44:35.514247,36
2021-09-23 20:44:35.514253,40
2021-09-23 20:44:35.514259,60
2021-09-23 20:44:35.783475,88
2021-09-23 20:44:35.783496,115
2021-09-23 20:44:35.783504,149
2021-09-23 20:44:35.783510,163
2021-09-23 20:44:35.783516,139
2021-09-23 20:44:35.783522,113
2021-09-23 20:44:35.783528,108
2021-09-23 20:44:35.783534,101
2021-09-23 20:44:35.783540,84
2021-09-23 20:44:35.783547,50
2021-09-23 20:44:35.783553,0
2021-09-23 20:44:35.783559,-24
2021-09-23 20:44:35.783565,-40
2021-09-23 20:44:35.783571,-79
2021-09-23 20:44:35.783577,-117
2021-09-23 20:44:35.783583,-129
2021-09-23 20:44:35.783590,-129
2021-09-23 20:44:35.783596,-141
2021-09-23 20:44:35.783602,-141
2021-09-23 20:44:35.783608,-134
2021-09-23 20:44:35.783614,-134
2021-09-23 20:44:35.783620,-115
2021-09-23 20:44:35.783626,-110
2021-09-23 20:44:35.783632,-125
2021-09-23 20:44:35.783638,-117
2021-09-23 20:44:35.783644,-93
2021-09-23 20:44:35.783650,-91
2021-09-23 20:44:35.783656,-96
2021-09-23 20:44:35.783670,-72
2021-09-23 20:44:35.783677,-45
2021-09-23 20:44:35.963957,-64
2021-09-23 20:44:35.963977,-81
2021-09-23 20:44:35.963985,-50
2021-09-23 20:44:35.963991,-26
2021-09-23 20:44:35.963998,-48
2021-09-23 20:44:35.964004,-62
2021-09-23 20:44:35.964010,-57
2021-09-23 20:44:35.964015,-45
2021-09-23 20:44:35.964021,-38
2021-09-23 20:44:35.964027,-45
2021-09-23 20:44:35.964033,-55
2021-09-23 20:44:35.964039,-55
2021-09-23 20:44:35.964045,-40
2021-09-23 20:44:35.964051,-31
2021-09-23 20:44:35.964057,-48
2021-09-23 20:44:35.964063,-14
2021-09-23 20:44:35.964069,36
2021-09-23 20:44:35.964075,-2
2021-09-23 20:44:35.964081,-50
2021-09-23 20:44:35.964088,-43
2021-09-23 20:44:35.964094,-38
2021-09-23 20:44:35.964100,-43
2021-09-23 20:44:35.964105,-21
2021-09-23 20:44:35.964111,-2
2021-09-23 20:44:35.964117,60
2021-09-23 20:44:35.964123,310
2021-09-23 20:44:35.964129,767
2021-09-23 20:44:35.964135,1094
2021-09-23 20:44:35.964141,579
2021-09-23 20:44:35.964147,-435
2021-09-23 20:44:36.189038,-526
2021-09-23 20:44:36.189058,-43
2021-09-23 20:44:36.189066,-76
2021-09-23 20:44:36.189072,-185
2021-09-23 20:44:36.189078,-45
2021-09-23 20:44:36.189084,-43
2021-09-23 20:44:36.189090,-122
2021-09-23 20:44:36.189096,-62
2021-09-23 20:44:36.189103,-4
2021-09-23 20:44:36.189109,-43
2021-09-23 20:44:36.189115,-40
2021-09-23 20:44:36.189121,-7
2021-09-23 20:44:36.189127,-24
2021-09-23 20:44:36.189134,-21
2021-09-23 20:44:36.189140,12
2021-09-23 20:44:36.189146,9
2021-09-23 20:44:36.189152,14
2021-09-23 20:44:36.189158,50
2021-09-23 20:44:36.189172,57
2021-09-23 20:44:36.189179,55
2021-09-23 20:44:36.189185,96
2021-09-23 20:44:36.189194,117
2021-09-23 20:44:36.189201,115
2021-09-23 20:44:36.189207,144
2021-09-23 20:44:36.189213,165
2021-09-23 20:44:36.189219,144
2021-09-23 20:44:36.189226,122
2021-09-23 20:44:36.189232,105
2021-09-23 20:44:36.189238,84
2021-09-23 20:44:36.189244,52
2021-09-23 20:44:36.458995,2
2021-09-23 20:44:36.459015,-52
2021-09-23 20:44:36.459022,-79
2021-09-23 20:44:36.459028,-81
2021-09-23 20:44:36.459034,-93
2021-09-23 20:44:36.459040,-113
2021-09-23 20:44:36.459046,-110
2021-09-23 20:44:36.459052,-98
2021-09-23 20:44:36.459058,-81
2021-09-23 20:44:36.459064,-72
2021-09-23 20:44:36.459070,-93
2021-09-23 20:44:36.459076,-108
2021-09-23 20:44:36.459082,-93
2021-09-23 20:44:36.459088,-91
2021-09-23 20:44:36.459094,-103
2021-09-23 20:44:36.459100,-93
2021-09-23 20:44:36.459106,-72
2021-09-23 20:44:36.459112,-67
2021-09-23 20:44:36.459118,-62
2021-09-23 20:44:36.459124,-55
2021-09-23 20:44:36.459130,-52
2021-09-23 20:44:36.459136,-45
2021-09-23 20:44:36.459141,-31
2021-09-23 20:44:36.459147,-31
2021-09-23 20:44:36.459153,-33
2021-09-23 20:44:36.459159,-36
2021-09-23 20:44:36.459165,-50
2021-09-23 20:44:36.459171,-55
2021-09-23 20:44:36.459177,-45
2021-09-23 20:44:36.459183,-31
2021-09-23 20:44:36.683483,-16
2021-09-23 20:44:36.683505,-26
2021-09-23 20:44:36.683512,-40
2021-09-23 20:44:36.683519,-36
2021-09-23 20:44:36.683525,-36
2021-09-23 20:44:36.683531,-40
2021-09-23 20:44:36.683537,-38
2021-09-23 20:44:36.683543,-38
2021-09-23 20:44:36.683555,-38
2021-09-23 20:44:36.683562,-19
2021-09-23 20:44:36.683568,43
2021-09-23 20:44:36.683574,257
2021-09-23 20:44:36.683580,702
2021-09-23 20:44:36.683586,1111
2021-09-23 20:44:36.683592,680
2021-09-23 20:44:36.683598,-430
2021-09-23 20:44:36.683605,-656
2021-09-23 20:44:36.683611,-105
2021-09-23 20:44:36.683617,-69
2021-09-23 20:44:36.683622,-240
2021-09-23 20:44:36.683628,-113
2021-09-23 20:44:36.683634,-52
2021-09-23 20:44:36.683640,-117
2021-09-23 20:44:36.683646,-88
2021-09-23 20:44:36.683652,-43
2021-09-23 20:44:36.683658,-40
2021-09-23 20:44:36.683664,-31
2021-09-23 20:44:36.683670,-19
2021-09-23 20:44:36.683676,-19
2021-09-23 20:44:36.683682,-9
2021-09-23 20:44:36.909093,7
2021-09-23 20:44:36.909115,21
2021-09-23 20:44:36.909122,33
2021-09-23 20:44:36.909128,36
2021-09-23 20:44:36.909135,40
2021-09-23 20:44:36.909141,62
2021-09-23 20:44:36.909147,91
2021-09-23 20:44:36.909153,117
2021-09-23 20:44:36.909159,139
2021-09-23 20:44:36.909165,146
2021-09-23 20:44:36.909171,151
2021-09-23 20:44:36.909177,146
2021-09-23 20:44:36.909183,129
2021-09-23 20:44:36.909189,115
2021-09-23 20:44:36.909194,88
2021-09-23 20:44:36.909200,21
2021-09-23 20:44:36.909206,-40
2021-09-23 20:44:36.909212,-60
2021-09-23 20:44:36.909218,-74
2021-09-23 20:44:36.909224,-101
2021-09-23 20:44:36.909230,-105
2021-09-23 20:44:36.909236,-103
2021-09-23 20:44:36.909241,-110
2021-09-23 20:44:36.909247,-98
2021-09-23 20:44:36.909253,-86
2021-09-23 20:44:36.909259,-96
2021-09-23 20:44:36.909265,-93
2021-09-23 20:44:36.909271,-84
2021-09-23 20:44:36.909287,-91
2021-09-23 20:44:36.909293,-88
2021-09-23 20:44:37.177766,-69
2021-09-23 20:44:37.177786,-60
2021-09-23 20:44:37.177794,-64
2021-09-23 20:44:37.177800,-74
2021-09-23 20:44:37.177806,-67
2021-09-23 20:44:37.177812,-40
2021-09-23 20:44:37.177818,-24
2021-09-23 20:44:37.177824,-26
2021-09-23 20:44:37.177830,-31
2021-09-23 20:44:37.177836,-33
2021-09-23 20:44:37.177842,-31
2021-09-23 20:44:37.177848,-33
2021-09-23 20:44:37.177854,-36
2021-09-23 20:44:37.177860,-24
2021-09-23 20:44:37.177866,-14
2021-09-23 20:44:37.177872,-36
2021-09-23 20:44:37.177879,-48
2021-09-23 20:44:37.177885,-19
2021-09-23 20:44:37.177891,0
2021-09-23 20:44:37.177897,-9
2021-09-23 20:44:37.177903,-14
2021-09-23 20:44:37.177909,-19
2021-09-23 20:44:37.177915,-38
2021-09-23 20:44:37.177922,-45
2021-09-23 20:44:37.177928,-33
2021-09-23 20:44:37.177934,-19
2021-09-23 20:44:37.177940,-19
2021-09-23 20:44:37.177954,-21
2021-09-23 20:44:37.177961,36
2021-09-23 20:44:37.177967,250
2021-09-23 20:44:37.359075,675
2021-09-23 20:44:37.359095,1094
2021-09-23 20:44:37.359103,733
2021-09-23 20:44:37.359109,-370
2021-09-23 20:44:37.359116,-670
2021-09-23 20:44:37.359122,-134
2021-09-23 20:44:37.359128,-52
2021-09-23 20:44:37.359134,-221
2021-09-23 20:44:37.359140,-115
2021-09-23 20:44:37.359146,-52
2021-09-23 20:44:37.359153,-103
2021-09-23 20:44:37.359159,-74
2021-09-23 20:44:37.359165,-36
2021-09-23 20:44:37.359171,-52
2021-09-23 20:44:37.359177,-52
2021-09-23 20:44:37.359183,-33
2021-09-23 20:44:37.359189,-21
2021-09-23 20:44:37.359195,-7
2021-09-23 20:44:37.359208,7
2021-09-23 20:44:37.359214,16
2021-09-23 20:44:37.359220,24
2021-09-23 20:44:37.359226,33
2021-09-23 20:44:37.359232,48
2021-09-23 20:44:37.359238,69
2021-09-23 20:44:37.359244,91
2021-09-23 20:44:37.359250,110
2021-09-23 20:44:37.359256,127
2021-09-23 20:44:37.359262,144
2021-09-23 20:44:37.359268,153
2021-09-23 20:44:37.359274,146
2021-09-23 20:44:37.629080,127
2021-09-23 20:44:37.629102,108
2021-09-23 20:44:37.629109,81
2021-09-23 20:44:37.629116,33
2021-09-23 20:44:37.629122,-24
2021-09-23 20:44:37.629128,-67
2021-09-23 20:44:37.629134,-91
2021-09-23 20:44:37.629140,-115
2021-09-23 20:44:37.629146,-137
2021-09-23 20:44:37.629152,-129
2021-09-23 20:44:37.629158,-110
2021-09-23 20:44:37.629164,-115
2021-09-23 20:44:37.629170,-125
2021-09-23 20:44:37.629176,-122
2021-09-23 20:44:37.629182,-117
2021-09-23 20:44:37.629189,-113
2021-09-23 20:44:37.629195,-103
2021-09-23 20:44:37.629201,-98
2021-09-23 20:44:37.629207,-98
2021-09-23 20:44:37.629213,-88
2021-09-23 20:44:37.629219,-74
2021-09-23 20:44:37.629225,-62
2021-09-23 20:44:37.629231,-60
2021-09-23 20:44:37.629237,-55
2021-09-23 20:44:37.629243,-50
2021-09-23 20:44:37.629249,-50
2021-09-23 20:44:37.629255,-50
2021-09-23 20:44:37.629261,-48
2021-09-23 20:44:37.629267,-38
2021-09-23 20:44:37.629273,-38
2021-09-23 20:44:37.854000,-50
2021-09-23 20:44:37.854019,-45
2021-09-23 20:44:37.854026,-43
2021-09-23 20:44:37.854033,-50
2021-09-23 20:44:37.854039,-38
2021-09-23 20:44:37.854045,-12
2021-09-23 20:44:37.854051,-12
2021-09-23 20:44:37.854057,-24
2021-09-23 20:44:37.854072,-24
2021-09-23 20:44:37.854079,-28
2021-09-23 20:44:37.854085,-38
2021-09-23 20:44:37.854091,-38
2021-09-23 20:44:37.854097,-45
2021-09-23 20:44:37.854103,-52
2021-09-23 20:44:37.854109,-33
2021-09-23 20:44:37.854115,-4
2021-09-23 20:44:37.854121,113
2021-09-23 20:44:37.854127,452
2021-09-23 20:44:37.854133,935
2021-09-23 20:44:37.854139,930
2021-09-23 20:44:37.854145,-14
2021-09-23 20:44:37.854151,-719
2021-09-23 20:44:37.854157,-324
2021-09-23 20:44:37.854164,0
2021-09-23 20:44:37.854170,-170
2021-09-23 20:44:37.854176,-144
2021-09-23 20:44:37.854182,-31
2021-09-23 20:44:37.854188,-84
2021-09-23 20:44:37.854194,-91
2021-09-23 20:44:37.854200,-40
2021-09-23 20:44:38.078992,-43
2021-09-23 20:44:38.079013,-43
2021-09-23 20:44:38.079021,-21
2021-09-23 20:44:38.079027,-19
2021-09-23 20:44:38.079034,-19
2021-09-23 20:44:38.079040,-4
2021-09-23 20:44:38.079046,0
2021-09-23 20:44:38.079053,7
2021-09-23 20:44:38.079059,24
2021-09-23 20:44:38.079065,38
2021-09-23 20:44:38.079071,60
2021-09-23 20:44:38.079077,84
2021-09-23 20:44:38.079083,98
2021-09-23 20:44:38.079089,117
2021-09-23 20:44:38.079096,137
2021-09-23 20:44:38.079102,146
2021-09-23 20:44:38.079108,151
2021-09-23 20:44:38.079114,139
2021-09-23 20:44:38.079120,113
2021-09-23 20:44:38.079126,79
2021-09-23 20:44:38.079132,36
2021-09-23 20:44:38.079138,-16
2021-09-23 20:44:38.079144,-60
2021-09-23 20:44:38.079150,-91
2021-09-23 20:44:38.079156,-113
2021-09-23 20:44:38.079162,-117
2021-09-23 20:44:38.079168,-127
2021-09-23 20:44:38.079174,-134
2021-09-23 20:44:38.079180,-115
2021-09-23 20:44:38.079186,-108
2021-09-23 20:44:38.259023,-113
2021-09-23 20:44:38.259042,-117
2021-09-23 20:44:38.259050,-122
2021-09-23 20:44:38.259056,-120
2021-09-23 20:44:38.259062,-110
2021-09-23 20:44:38.259068,-108
2021-09-23 20:44:38.259074,-108
2021-09-23 20:44:38.259080,-91
2021-09-23 20:44:38.259086,-86
2021-09-23 20:44:38.259092,-88
2021-09-23 20:44:38.259098,-76
2021-09-23 20:44:38.259104,-67
2021-09-23 20:44:38.259110,-69
2021-09-23 20:44:38.259115,-62
2021-09-23 20:44:38.259121,-52
2021-09-23 20:44:38.259127,-48
2021-09-23 20:44:38.259133,-52
2021-09-23 20:44:38.259139,-57
2021-09-23 20:44:38.259145,-50
2021-09-23 20:44:38.259151,-40
2021-09-23 20:44:38.259157,-43
2021-09-23 20:44:38.259163,-43
2021-09-23 20:44:38.259169,-38
2021-09-23 20:44:38.259175,-40
2021-09-23 20:44:38.259181,-45
2021-09-23 20:44:38.259187,-40
2021-09-23 20:44:38.259193,-28
2021-09-23 20:44:38.259199,-16
2021-09-23 20:44:38.259205,-14
2021-09-23 20:44:38.259211,0
2021-09-23 20:44:38.484119,14
2021-09-23 20:44:38.484141,0
2021-09-23 20:44:38.484148,-31
2021-09-23 20:44:38.484155,-36
2021-09-23 20:44:38.484161,-26
2021-09-23 20:44:38.484167,-26
2021-09-23 20:44:38.484173,-24
2021-09-23 20:44:38.484179,0
2021-09-23 20:44:38.484185,93
2021-09-23 20:44:38.484191,384
2021-09-23 20:44:38.484197,884
2021-09-23 20:44:38.484202,1147
2021-09-23 20:44:38.484208,449
2021-09-23 20:44:38.484214,-548
2021-09-23 20:44:38.484220,-485
2021-09-23 20:44:38.484227,-28
2021-09-23 20:44:38.484233,-127
2021-09-23 20:44:38.484238,-211
2021-09-23 20:44:38.484255,-69
2021-09-23 20:44:38.484261,-64
2021-09-23 20:44:38.484267,-113
2021-09-23 20:44:38.484273,-74
2021-09-23 20:44:38.484279,-52
2021-09-23 20:44:38.484285,-62
2021-09-23 20:44:38.484291,-45
2021-09-23 20:44:38.484297,-24
2021-09-23 20:44:38.484303,-19
2021-09-23 20:44:38.484309,-16
2021-09-23 20:44:38.484315,-7
2021-09-23 20:44:38.484321,4
2021-09-23 20:44:38.709115,16
2021-09-23 20:44:38.709137,33
2021-09-23 20:44:38.709144,43
2021-09-23 20:44:38.709151,48
2021-09-23 20:44:38.709157,57
2021-09-23 20:44:38.709163,86
2021-09-23 20:44:38.709169,108
2021-09-23 20:44:38.709175,110
2021-09-23 20:44:38.709181,108
2021-09-23 20:44:38.709187,103
2021-09-23 20:44:38.709193,88
2021-09-23 20:44:38.709199,81
2021-09-23 20:44:38.709205,60
2021-09-23 20:44:38.709211,12
2021-09-23 20:44:38.709217,-43
2021-09-23 20:44:38.709223,-79
2021-09-23 20:44:38.709229,-101
2021-09-23 20:44:38.709236,-110
2021-09-23 20:44:38.709242,-108
2021-09-23 20:44:38.709248,-108
2021-09-23 20:44:38.709254,-113
2021-09-23 20:44:38.709260,-113
2021-09-23 20:44:38.709266,-103
2021-09-23 20:44:38.709272,-93
2021-09-23 20:44:38.709278,-91
2021-09-23 20:44:38.709284,-93
2021-09-23 20:44:38.709290,-88
2021-09-23 20:44:38.709296,-86
2021-09-23 20:44:38.709302,-86
2021-09-23 20:44:38.709308,-79
2021-09-23 20:44:38.979008,-67
2021-09-23 20:44:38.979028,-60
2021-09-23 20:44:38.979036,-67
2021-09-23 20:44:38.979042,-74
2021-09-23 20:44:38.979049,-60
2021-09-23 20:44:38.979055,-43
2021-09-23 20:44:38.979061,-33
2021-09-23 20:44:38.979067,-28
2021-09-23 20:44:38.979073,-28
2021-09-23 20:44:38.979080,-38
2021-09-23 20:44:38.979085,-36
2021-09-23 20:44:38.979091,-28
2021-09-23 20:44:38.979098,-28
2021-09-23 20:44:38.979103,-26
2021-09-23 20:44:38.979110,-24
2021-09-23 20:44:38.979115,-21
2021-09-23 20:44:38.979122,-26
2021-09-23 20:44:38.979128,-31
2021-09-23 20:44:38.979134,-24
2021-09-23 20:44:38.979140,-14
2021-09-23 20:44:38.979146,-24
2021-09-23 20:44:38.979152,-31
2021-09-23 20:44:38.979158,-28
2021-09-23 20:44:38.979164,-28
2021-09-23 20:44:38.979170,-33
2021-09-23 20:44:38.979176,-24
2021-09-23 20:44:38.979182,-14
2021-09-23 20:44:38.979188,-4
2021-09-23 20:44:38.979194,14
2021-09-23 20:44:38.979200,26
2021-09-23 20:44:39.247782,9
2021-09-23 20:44:39.247804,-12
2021-09-23 20:44:39.247811,-16
2021-09-23 20:44:39.247818,-12
2021-09-23 20:44:39.247824,-7
2021-09-23 20:44:39.247830,2
2021-09-23 20:44:39.247836,21
2021-09-23 20:44:39.247842,110
2021-09-23 20:44:39.247848,394
2021-09-23 20:44:39.247854,901
2021-09-23 20:44:39.247860,1207
2021-09-23 20:44:39.247866,545
2021-09-23 20:44:39.247872,-497
2021-09-23 20:44:39.247878,-500
2021-09-23 20:44:39.247884,-43
2021-09-23 20:44:39.247890,-139
2021-09-23 20:44:39.247897,-235
2021-09-23 20:44:39.247903,-86
2021-09-23 20:44:39.247909,-72
2021-09-23 20:44:39.247915,-127
2021-09-23 20:44:39.247920,-86
2021-09-23 20:44:39.247926,-57
2021-09-23 20:44:39.247932,-64
2021-09-23 20:44:39.247938,-48
2021-09-23 20:44:39.247944,-26
2021-09-23 20:44:39.247950,-26
2021-09-23 20:44:39.247956,-26
2021-09-23 20:44:39.247962,-12
2021-09-23 20:44:39.247974,2
2021-09-23 20:44:39.247980,12
2021-09-23 20:44:39.429133,24
2021-09-23 20:44:39.429155,43
2021-09-23 20:44:39.429163,60
2021-09-23 20:44:39.429169,69
2021-09-23 20:44:39.429175,88
2021-09-23 20:44:39.429181,115
2021-09-23 20:44:39.429187,129
2021-09-23 20:44:39.429193,129
2021-09-23 20:44:39.429199,125
2021-09-23 20:44:39.429205,122
2021-09-23 20:44:39.429211,108
2021-09-23 20:44:39.429217,81
2021-09-23 20:44:39.429223,40
2021-09-23 20:44:39.429229,-9
2021-09-23 20:44:39.429235,-50
2021-09-23 20:44:39.429241,-69
2021-09-23 20:44:39.429247,-84
2021-09-23 20:44:39.429253,-96
2021-09-23 20:44:39.429259,-96
2021-09-23 20:44:39.429265,-93
2021-09-23 20:44:39.429271,-96
2021-09-23 20:44:39.429277,-101
2021-09-23 20:44:39.429283,-96
2021-09-23 20:44:39.429288,-93
2021-09-23 20:44:39.429294,-93
2021-09-23 20:44:39.429300,-91
2021-09-23 20:44:39.429306,-91
2021-09-23 20:44:39.429312,-91
2021-09-23 20:44:39.429318,-84
2021-09-23 20:44:39.429324,-74
2021-09-23 20:44:39.654045,-69
2021-09-23 20:44:39.654063,-67
2021-09-23 20:44:39.654070,-60
2021-09-23 20:44:39.654077,-48
2021-09-23 20:44:39.654083,-43
2021-09-23 20:44:39.654089,-36
2021-09-23 20:44:39.654096,-28
2021-09-23 20:44:39.654102,-26
2021-09-23 20:44:39.654108,-28
2021-09-23 20:44:39.654114,-31
2021-09-23 20:44:39.654120,-31
2021-09-23 20:44:39.654126,-28
2021-09-23 20:44:39.654132,-31
2021-09-23 20:44:39.654138,-36
2021-09-23 20:44:39.654144,-28
2021-09-23 20:44:39.654150,-26
2021-09-23 20:44:39.654156,-26
2021-09-23 20:44:39.654162,-24
2021-09-23 20:44:39.654177,-31
2021-09-23 20:44:39.654183,-36
2021-09-23 20:44:39.654189,-26
2021-09-23 20:44:39.654195,-21
2021-09-23 20:44:39.654201,-28
2021-09-23 20:44:39.654207,-31
2021-09-23 20:44:39.654213,-31
2021-09-23 20:44:39.654219,-33
2021-09-23 20:44:39.654225,-31
2021-09-23 20:44:39.654231,-33
2021-09-23 20:44:39.654237,-38
2021-09-23 20:44:39.654243,-33
2021-09-23 20:44:39.924133,-28
2021-09-23 20:44:39.924156,-31
2021-09-23 20:44:39.924163,-40
2021-09-23 20:44:39.924169,-45
2021-09-23 20:44:39.924176,-31
2021-09-23 20:44:39.924182,-16
2021-09-23 20:44:39.924188,-12
2021-09-23 20:44:39.924194,-2
2021-09-23 20:44:39.924200,4
2021-09-23 20:44:39.924206,-9
2021-09-23 20:44:39.924212,-26
2021-09-23 20:44:39.924218,-26
2021-09-23 20:44:39.924224,-26
2021-09-23 20:44:39.924230,-21
2021-09-23 20:44:39.924236,-4
2021-09-23 20:44:39.924242,33
2021-09-23 20:44:39.924248,192
2021-09-23 20:44:39.924254,589
2021-09-23 20:44:39.924260,1137
2021-09-23 20:44:39.924266,1144
2021-09-23 20:44:39.924272,134
2021-09-23 20:44:39.924278,-637
2021-09-23 20:44:39.924284,-283
2021-09-23 20:44:39.924290,9
2021-09-23 20:44:39.924296,-185
2021-09-23 20:44:39.924302,-165
2021-09-23 20:44:39.924308,-40
2021-09-23 20:44:39.924314,-79
2021-09-23 20:44:39.924320,-88
2021-09-23 20:44:39.924326,-33
2021-09-23 20:44:40.104178,-33
2021-09-23 20:44:40.104200,-40
2021-09-23 20:44:40.104208,-14
2021-09-23 20:44:40.104214,-9
2021-09-23 20:44:40.104220,-12
2021-09-23 20:44:40.104226,0
2021-09-23 20:44:40.104232,9
2021-09-23 20:44:40.104238,16
2021-09-23 20:44:40.104245,33
2021-09-23 20:44:40.104250,45
2021-09-23 20:44:40.104256,57
2021-09-23 20:44:40.104262,72
2021-09-23 20:44:40.104268,88
2021-09-23 20:44:40.104274,108
2021-09-23 20:44:40.104280,125
2021-09-23 20:44:40.104288,134
2021-09-23 20:44:40.104295,132
2021-09-23 20:44:40.104301,127
2021-09-23 20:44:40.104308,122
2021-09-23 20:44:40.104313,113
2021-09-23 20:44:40.104320,86
2021-09-23 20:44:40.104325,48
2021-09-23 20:44:40.104331,9
2021-09-23 20:44:40.104338,-31
2021-09-23 20:44:40.104344,-69
2021-09-23 20:44:40.104350,-91
2021-09-23 20:44:40.104356,-101
2021-09-23 20:44:40.104361,-117
2021-09-23 20:44:40.104367,-117
2021-09-23 20:44:40.104373,-108
2021-09-23 20:44:40.329138,-101
2021-09-23 20:44:40.329160,-101
2021-09-23 20:44:40.329167,-101
2021-09-23 20:44:40.329173,-101
2021-09-23 20:44:40.329179,-103
2021-09-23 20:44:40.329185,-108
2021-09-23 20:44:40.329191,-103
2021-09-23 20:44:40.329197,-93
2021-09-23 20:44:40.329203,-88
2021-09-23 20:44:40.329209,-88
2021-09-23 20:44:40.329215,-91
2021-09-23 20:44:40.329221,-86
2021-09-23 20:44:40.329227,-76
2021-09-23 20:44:40.329233,-69
2021-09-23 20:44:40.329239,-69
2021-09-23 20:44:40.329245,-64
2021-09-23 20:44:40.329251,-62
2021-09-23 20:44:40.329257,-60
2021-09-23 20:44:40.329263,-52
2021-09-23 20:44:40.329269,-45
2021-09-23 20:44:40.329275,-43
2021-09-23 20:44:40.329281,-45
2021-09-23 20:44:40.329287,-45
2021-09-23 20:44:40.329292,-40
2021-09-23 20:44:40.329298,-36
2021-09-23 20:44:40.329304,-36
2021-09-23 20:44:40.329310,-31
2021-09-23 20:44:40.329317,-28
2021-09-23 20:44:40.329330,-33
2021-09-23 20:44:40.329336,-36
2021-09-23 20:44:40.554179,-28
2021-09-23 20:44:40.554226,-26
2021-09-23 20:44:40.554234,-28
2021-09-23 20:44:40.554241,-28
2021-09-23 20:44:40.554248,-28
2021-09-23 20:44:40.554255,-28
2021-09-23 20:44:40.554261,-24
2021-09-23 20:44:40.554268,-21
2021-09-23 20:44:40.554274,-21
2021-09-23 20:44:40.554280,-26
2021-09-23 20:44:40.554286,-26
2021-09-23 20:44:40.554292,-21
2021-09-23 20:44:40.554299,-14
2021-09-23 20:44:40.554305,-19
2021-09-23 20:44:40.554312,-31
2021-09-23 20:44:40.554318,-33
2021-09-23 20:44:40.554325,-28
2021-09-23 20:44:40.554331,-14
2021-09-23 20:44:40.554338,7
2021-09-23 20:44:40.554344,24
2021-09-23 20:44:40.554351,24
2021-09-23 20:44:40.554357,7
2021-09-23 20:44:40.554364,-9
2021-09-23 20:44:40.554370,-9
2021-09-23 20:44:40.554377,0
2021-09-23 20:44:40.554383,7
2021-09-23 20:44:40.554389,9
2021-09-23 20:44:40.554396,21
2021-09-23 20:44:40.554402,101
2021-09-23 20:44:40.554409,365
2021-09-23 20:44:40.824130,872
2021-09-23 20:44:40.824152,1279
2021-09-23 20:44:40.824159,697
2021-09-23 20:44:40.824165,-500
2021-09-23 20:44:40.824172,-625
2021-09-23 20:44:40.824178,-64
2021-09-23 20:44:40.824184,-96
2021-09-23 20:44:40.824190,-235
2021-09-23 20:44:40.824196,-86
2021-09-23 20:44:40.824202,-62
2021-09-23 20:44:40.824208,-120
2021-09-23 20:44:40.824214,-62
2021-09-23 20:44:40.824220,-24
2021-09-23 20:44:40.824226,-52
2021-09-23 20:44:40.824232,-48
2021-09-23 20:44:40.824238,-31
2021-09-23 20:44:40.824244,-26
2021-09-23 20:44:40.824250,-7
2021-09-23 20:44:40.824263,9
2021-09-23 20:44:40.824270,16
2021-09-23 20:44:40.824276,16
2021-09-23 20:44:40.824282,28
2021-09-23 20:44:40.824288,48
2021-09-23 20:44:40.824294,60
2021-09-23 20:44:40.824300,72
2021-09-23 20:44:40.824306,96
2021-09-23 20:44:40.824312,115
2021-09-23 20:44:40.824318,120
2021-09-23 20:44:40.824324,125
2021-09-23 20:44:40.824330,127
2021-09-23 20:44:41.049252,113
2021-09-23 20:44:41.049275,88
2021-09-23 20:44:41.049282,67
2021-09-23 20:44:41.049289,33
2021-09-23 20:44:41.049295,-4
2021-09-23 20:44:41.049301,-40
2021-09-23 20:44:41.049307,-69
2021-09-23 20:44:41.049313,-91
2021-09-23 20:44:41.049319,-113
2021-09-23 20:44:41.049325,-122
2021-09-23 20:44:41.049331,-122
2021-09-23 20:44:41.049337,-122
2021-09-23 20:44:41.049343,-122
2021-09-23 20:44:41.049349,-120
2021-09-23 20:44:41.049355,-125
2021-09-23 20:44:41.049361,-122
2021-09-23 20:44:41.049367,-113
2021-09-23 20:44:41.049373,-108
2021-09-23 20:44:41.049379,-101
2021-09-23 20:44:41.049387,-91
2021-09-23 20:44:41.049393,-91
2021-09-23 20:44:41.049409,-86
2021-09-23 20:44:41.049416,-76
2021-09-23 20:44:41.049422,-64
2021-09-23 20:44:41.049428,-55
2021-09-23 20:44:41.049434,-52
2021-09-23 20:44:41.049440,-50
2021-09-23 20:44:41.049446,-43
2021-09-23 20:44:41.049453,-33
2021-09-23 20:44:41.049459,-31
2021-09-23 20:44:41.407738,-33
2021-09-23 20:44:41.407758,-28
2021-09-23 20:44:41.407766,-28
2021-09-23 20:44:41.407772,-31
2021-09-23 20:44:41.407779,-36
2021-09-23 20:44:41.407785,-43
2021-09-23 20:44:41.407791,-40
2021-09-23 20:44:41.407797,-38
2021-09-23 20:44:41.407809,-45
2021-09-23 20:44:41.407815,-45
2021-09-23 20:44:41.407821,-33
2021-09-23 20:44:41.407827,-28
2021-09-23 20:44:41.407833,-33
2021-09-23 20:44:41.407839,-38
2021-09-23 20:44:41.407845,-33
2021-09-23 20:44:41.407851,-28
2021-09-23 20:44:41.407857,-28
2021-09-23 20:44:41.407863,-28
2021-09-23 20:44:41.407869,-24
2021-09-23 20:44:41.407875,-16
2021-09-23 20:44:41.407881,-16
2021-09-23 20:44:41.407887,-19
2021-09-23 20:44:41.407893,-19
2021-09-23 20:44:41.407899,-9
2021-09-23 20:44:41.407905,-7
2021-09-23 20:44:41.407911,-7
2021-09-23 20:44:41.407917,-9
2021-09-23 20:44:41.407923,-12
2021-09-23 20:44:41.407929,-7
2021-09-23 20:44:41.407934,-2
2021-09-23 20:44:41.499143,-12
2021-09-23 20:44:41.499164,-24
2021-09-23 20:44:41.499172,-12
2021-09-23 20:44:41.499178,16
2021-09-23 20:44:41.499184,24
2021-09-23 20:44:41.499191,14
2021-09-23 20:44:41.499197,7
2021-09-23 20:44:41.499203,-4
2021-09-23 20:44:41.499209,-14
2021-09-23 20:44:41.499215,-14
2021-09-23 20:44:41.499221,-7
2021-09-23 20:44:41.499227,0
2021-09-23 20:44:41.499233,14
2021-09-23 20:44:41.499239,79
2021-09-23 20:44:41.499245,317
2021-09-23 20:44:41.499252,803
2021-09-23 20:44:41.499258,1219
2021-09-23 20:44:41.499264,697
2021-09-23 20:44:41.499270,-466
2021-09-23 20:44:41.499276,-622
2021-09-23 20:44:41.499282,-79
2021-09-23 20:44:41.499288,-93
2021-09-23 20:44:41.499294,-226
2021-09-23 20:44:41.499299,-79
2021-09-23 20:44:41.499305,-52
2021-09-23 20:44:41.499311,-115
2021-09-23 20:44:41.499317,-67
2021-09-23 20:44:41.499323,-26
2021-09-23 20:44:41.499337,-45
2021-09-23 20:44:41.499344,-38
2021-09-23 20:44:41.769162,-12
2021-09-23 20:44:41.769184,-7
2021-09-23 20:44:41.769192,-4
2021-09-23 20:44:41.769198,9
2021-09-23 20:44:41.769205,24
2021-09-23 20:44:41.769211,31
2021-09-23 20:44:41.769217,31
2021-09-23 20:44:41.769223,40
2021-09-23 20:44:41.769229,60
2021-09-23 20:44:41.769235,69
2021-09-23 20:44:41.769241,76
2021-09-23 20:44:41.769247,81
2021-09-23 20:44:41.769253,79
2021-09-23 20:44:41.769259,88
2021-09-23 20:44:41.769265,101
2021-09-23 20:44:41.769271,91
2021-09-23 20:44:41.769277,79
2021-09-23 20:44:41.769284,67
2021-09-23 20:44:41.769290,38
2021-09-23 20:44:41.769296,4
2021-09-23 20:44:41.769302,-33
2021-09-23 20:44:41.769308,-72
2021-09-23 20:44:41.769314,-86
2021-09-23 20:44:41.769320,-93
2021-09-23 20:44:41.769326,-108
2021-09-23 20:44:41.769332,-115
2021-09-23 20:44:41.769338,-110
2021-09-23 20:44:41.769345,-108
2021-09-23 20:44:41.769351,-110
2021-09-23 20:44:41.769357,-110
2021-09-23 20:44:41.949158,-105
2021-09-23 20:44:41.949180,-93
2021-09-23 20:44:41.949188,-84
2021-09-23 20:44:41.949194,-76
2021-09-23 20:44:41.949201,-67
2021-09-23 20:44:41.949207,-62
2021-09-23 20:44:41.949213,-60
2021-09-23 20:44:41.949219,-50
2021-09-23 20:44:41.949225,-40
2021-09-23 20:44:41.949231,-43
2021-09-23 20:44:41.949237,-40
2021-09-23 20:44:41.949244,-33
2021-09-23 20:44:41.949250,-31
2021-09-23 20:44:41.949256,-33
2021-09-23 20:44:41.949262,-31
2021-09-23 20:44:41.949268,-28
2021-09-23 20:44:41.949274,-28
2021-09-23 20:44:41.949280,-31
2021-09-23 20:44:41.949295,-33
2021-09-23 20:44:41.949302,-31
2021-09-23 20:44:41.949308,-28
2021-09-23 20:44:41.949314,-26
2021-09-23 20:44:41.949321,-24
2021-09-23 20:44:41.949327,-28
2021-09-23 20:44:41.949333,-36
2021-09-23 20:44:41.949339,-33
2021-09-23 20:44:41.949345,-33
2021-09-23 20:44:41.949354,-28
2021-09-23 20:44:41.949361,-24
2021-09-23 20:44:41.949367,-21
2021-09-23 20:44:42.263577,-19
2021-09-23 20:44:42.263597,-16
2021-09-23 20:44:42.263605,-16
2021-09-23 20:44:42.263611,-16
2021-09-23 20:44:42.263618,-24
2021-09-23 20:44:42.263624,-28
2021-09-23 20:44:42.263630,-24
2021-09-23 20:44:42.263636,-16
2021-09-23 20:44:42.263642,-19
2021-09-23 20:44:42.263648,-26
2021-09-23 20:44:42.263654,-31
2021-09-23 20:44:42.263660,-36
2021-09-23 20:44:42.263712,-45
2021-09-23 20:44:42.263719,-48
2021-09-23 20:44:42.263725,-40
2021-09-23 20:44:42.263731,-26
2021-09-23 20:44:42.263737,-12
2021-09-23 20:44:42.263743,-16
2021-09-23 20:44:42.263749,-38
2021-09-23 20:44:42.263755,-48
2021-09-23 20:44:42.263762,-45
2021-09-23 20:44:42.263768,-38
2021-09-23 20:44:42.263774,-28
2021-09-23 20:44:42.263780,-26
2021-09-23 20:44:42.263786,-4
2021-09-23 20:44:42.263792,105
2021-09-23 20:44:42.263798,394
2021-09-23 20:44:42.263804,875
2021-09-23 20:44:42.263810,1072
2021-09-23 20:44:42.263816,274
2021-09-23 20:44:42.399129,-668
2021-09-23 20:44:42.399150,-449
2021-09-23 20:44:42.399158,2
2021-09-23 20:44:42.399164,-139
2021-09-23 20:44:42.399171,-175
2021-09-23 20:44:42.399177,-26
2021-09-23 20:44:42.399183,-45
2021-09-23 20:44:42.399189,-76
2021-09-23 20:44:42.399202,-26
2021-09-23 20:44:42.399209,-21
2021-09-23 20:44:42.399215,-43
2021-09-23 20:44:42.399221,-21
2021-09-23 20:44:42.399227,2
2021-09-23 20:44:42.399233,7
2021-09-23 20:44:42.399239,14
2021-09-23 20:44:42.399245,21
2021-09-23 20:44:42.399251,28
2021-09-23 20:44:42.399257,40
2021-09-23 20:44:42.399263,57
2021-09-23 20:44:42.399269,67
2021-09-23 20:44:42.399275,76
2021-09-23 20:44:42.399281,91
2021-09-23 20:44:42.399287,113
2021-09-23 20:44:42.399293,132
2021-09-23 20:44:42.399298,149
2021-09-23 20:44:42.399304,156
2021-09-23 20:44:42.399310,151
2021-09-23 20:44:42.399316,134
2021-09-23 20:44:42.399322,108
2021-09-23 20:44:42.399328,84
2021-09-23 20:44:42.714161,52
2021-09-23 20:44:42.714182,16
2021-09-23 20:44:42.714190,-24
2021-09-23 20:44:42.714196,-72
2021-09-23 20:44:42.714203,-93
2021-09-23 20:44:42.714209,-93
2021-09-23 20:44:42.714215,-101
2021-09-23 20:44:42.714221,-108
2021-09-23 20:44:42.714227,-113
2021-09-23 20:44:42.714233,-122
2021-09-23 20:44:42.714239,-120
2021-09-23 20:44:42.714245,-103
2021-09-23 20:44:42.714251,-98
2021-09-23 20:44:42.714257,-93
2021-09-23 20:44:42.714263,-79
2021-09-23 20:44:42.714269,-76
2021-09-23 20:44:42.714275,-74
2021-09-23 20:44:42.714281,-64
2021-09-23 20:44:42.714287,-55
2021-09-23 20:44:42.714293,-50
2021-09-23 20:44:42.714299,-43
2021-09-23 20:44:42.714304,-38
2021-09-23 20:44:42.714310,-43
2021-09-23 20:44:42.714316,-55
2021-09-23 20:44:42.714322,-55
2021-09-23 20:44:42.714328,-45
2021-09-23 20:44:42.714334,-43
2021-09-23 20:44:42.714340,-50
2021-09-23 20:44:42.714355,-50
2021-09-23 20:44:42.714362,-40
2021-09-23 20:44:42.894198,-40
2021-09-23 20:44:42.894221,-40
2021-09-23 20:44:42.894229,-38
2021-09-23 20:44:42.894235,-38
2021-09-23 20:44:42.894242,-33
2021-09-23 20:44:42.894248,-31
2021-09-23 20:44:42.894254,-28
2021-09-23 20:44:42.894260,-28
2021-09-23 20:44:42.894266,-43
2021-09-23 20:44:42.894272,-55
2021-09-23 20:44:42.894278,-50
2021-09-23 20:44:42.894284,-40
2021-09-23 20:44:42.894290,-43
2021-09-23 20:44:42.894296,-43
2021-09-23 20:44:42.894302,-45
2021-09-23 20:44:42.894308,-50
2021-09-23 20:44:42.894314,-43
2021-09-23 20:44:42.894320,-24
2021-09-23 20:44:42.894327,-7
2021-09-23 20:44:42.894333,-4
2021-09-23 20:44:42.894339,-21
2021-09-23 20:44:42.894345,-40
2021-09-23 20:44:42.894351,-45
2021-09-23 20:44:42.894357,-43
2021-09-23 20:44:42.894363,-38
2021-09-23 20:44:42.894369,-31
2021-09-23 20:44:42.894375,-26
2021-09-23 20:44:42.894381,-12
2021-09-23 20:44:42.894387,62
2021-09-23 20:44:42.894393,305
2021-09-23 20:44:43.119712,755
2021-09-23 20:44:43.119731,1091
2021-09-23 20:44:43.119738,550
2021-09-23 20:44:43.119744,-517
2021-09-23 20:44:43.119749,-598
2021-09-23 20:44:43.119755,-57
2021-09-23 20:44:43.119760,-67
2021-09-23 20:44:43.119766,-192
2021-09-23 20:44:43.119771,-64
2021-09-23 20:44:43.119776,-33
2021-09-23 20:44:43.119782,-84
2021-09-23 20:44:43.119787,-45
2021-09-23 20:44:43.119793,-9
2021-09-23 20:44:43.119798,-24
2021-09-23 20:44:43.119803,-24
2021-09-23 20:44:43.119808,-4
2021-09-23 20:44:43.119813,2
2021-09-23 20:44:43.119819,7
2021-09-23 20:44:43.119824,24
2021-09-23 20:44:43.119829,36
2021-09-23 20:44:43.119834,38
2021-09-23 20:44:43.119839,38
2021-09-23 20:44:43.119845,50
2021-09-23 20:44:43.119850,72
2021-09-23 20:44:43.119855,91
2021-09-23 20:44:43.119860,105
2021-09-23 20:44:43.119865,125
2021-09-23 20:44:43.119870,144
2021-09-23 20:44:43.119875,151
2021-09-23 20:44:43.119880,144
2021-09-23 20:44:43.387794,127
2021-09-23 20:44:43.387816,113
2021-09-23 20:44:43.387823,91
2021-09-23 20:44:43.387829,52
2021-09-23 20:44:43.387835,4
2021-09-23 20:44:43.387842,-36
2021-09-23 20:44:43.387848,-62
2021-09-23 20:44:43.387854,-93
2021-09-23 20:44:43.387860,-117
2021-09-23 20:44:43.387866,-120
2021-09-23 20:44:43.387872,-115
2021-09-23 20:44:43.387878,-117
2021-09-23 20:44:43.387884,-120
2021-09-23 20:44:43.387890,-122
2021-09-23 20:44:43.387896,-120
2021-09-23 20:44:43.387902,-113
2021-09-23 20:44:43.387908,-105
2021-09-23 20:44:43.387914,-98
2021-09-23 20:44:43.387920,-86
2021-09-23 20:44:43.387926,-74
2021-09-23 20:44:43.387932,-62
2021-09-23 20:44:43.387938,-50
2021-09-23 20:44:43.387944,-43
2021-09-23 20:44:43.387950,-45
2021-09-23 20:44:43.387956,-48
2021-09-23 20:44:43.387962,-33
2021-09-23 20:44:43.387968,-26
2021-09-23 20:44:43.387974,-31
2021-09-23 20:44:43.387980,-26
2021-09-23 20:44:43.387986,-21
2021-09-23 20:44:43.614161,-28
2021-09-23 20:44:43.614182,-36
2021-09-23 20:44:43.614190,-33
2021-09-23 20:44:43.614197,-33
2021-09-23 20:44:43.614203,-31
2021-09-23 20:44:43.614209,-31
2021-09-23 20:44:43.614215,-36
2021-09-23 20:44:43.614221,-36
2021-09-23 20:44:43.614234,-31
2021-09-23 20:44:43.614241,-31
2021-09-23 20:44:43.614247,-31
2021-09-23 20:44:43.614253,-26
2021-09-23 20:44:43.614259,-31
2021-09-23 20:44:43.614265,-33
2021-09-23 20:44:43.614271,-31
2021-09-23 20:44:43.614277,-26
2021-09-23 20:44:43.614283,-31
2021-09-23 20:44:43.614290,-38
2021-09-23 20:44:43.614296,-43
2021-09-23 20:44:43.614302,-43
2021-09-23 20:44:43.614308,-43
2021-09-23 20:44:43.614314,-38
2021-09-23 20:44:43.614320,-21
2021-09-23 20:44:43.614326,-2
2021-09-23 20:44:43.614332,0
2021-09-23 20:44:43.614338,-14
2021-09-23 20:44:43.614344,-33
2021-09-23 20:44:43.614350,-43
2021-09-23 20:44:43.614356,-33
2021-09-23 20:44:43.614362,-19
2021-09-23 20:44:43.794188,-19
2021-09-23 20:44:43.794209,-9
2021-09-23 20:44:43.794217,67
2021-09-23 20:44:43.794224,310
2021-09-23 20:44:43.794230,795
2021-09-23 20:44:43.794236,1224
2021-09-23 20:44:43.794242,757
2021-09-23 20:44:43.794248,-360
2021-09-23 20:44:43.794255,-574
2021-09-23 20:44:43.794261,-86
2021-09-23 20:44:43.794267,-84
2021-09-23 20:44:43.794273,-228
2021-09-23 20:44:43.794279,-110
2021-09-23 20:44:43.794285,-60
2021-09-23 20:44:43.794291,-105
2021-09-23 20:44:43.794297,-74
2021-09-23 20:44:43.794303,-45
2021-09-23 20:44:43.794309,-62
2021-09-23 20:44:43.794315,-55
2021-09-23 20:44:43.794321,-26
2021-09-23 20:44:43.794327,-21
2021-09-23 20:44:43.794333,-21
2021-09-23 20:44:43.794339,-2
2021-09-23 20:44:43.794345,7
2021-09-23 20:44:43.794350,12
2021-09-23 20:44:43.794357,28
2021-09-23 20:44:43.794362,45
2021-09-23 20:44:43.794368,45
2021-09-23 20:44:43.794383,50
2021-09-23 20:44:43.794389,74
2021-09-23 20:44:44.019162,98
2021-09-23 20:44:44.019184,115
2021-09-23 20:44:44.019191,120
2021-09-23 20:44:44.019198,122
2021-09-23 20:44:44.019205,115
2021-09-23 20:44:44.019211,101
2021-09-23 20:44:44.019217,81
2021-09-23 20:44:44.019223,55
2021-09-23 20:44:44.019230,16
2021-09-23 20:44:44.019236,-21
2021-09-23 20:44:44.019242,-57
2021-09-23 20:44:44.019248,-86
2021-09-23 20:44:44.019254,-96
2021-09-23 20:44:44.019260,-101
2021-09-23 20:44:44.019266,-103
2021-09-23 20:44:44.019272,-101
2021-09-23 20:44:44.019279,-98
2021-09-23 20:44:44.019285,-96
2021-09-23 20:44:44.019291,-88
2021-09-23 20:44:44.019297,-86
2021-09-23 20:44:44.019303,-86
2021-09-23 20:44:44.019310,-86
2021-09-23 20:44:44.019316,-79
2021-09-23 20:44:44.019322,-69
2021-09-23 20:44:44.019328,-60
2021-09-23 20:44:44.019334,-52
2021-09-23 20:44:44.019340,-48
2021-09-23 20:44:44.019346,-43
2021-09-23 20:44:44.019352,-36
2021-09-23 20:44:44.019358,-28
2021-09-23 20:44:44.244187,-31
2021-09-23 20:44:44.244208,-31
2021-09-23 20:44:44.244216,-24
2021-09-23 20:44:44.244222,-21
2021-09-23 20:44:44.244229,-31
2021-09-23 20:44:44.244235,-28
2021-09-23 20:44:44.244241,-19
2021-09-23 20:44:44.244247,-19
2021-09-23 20:44:44.244254,-24
2021-09-23 20:44:44.244260,-26
2021-09-23 20:44:44.244266,-31
2021-09-23 20:44:44.244272,-33
2021-09-23 20:44:44.244278,-38
2021-09-23 20:44:44.244284,-40
2021-09-23 20:44:44.244290,-36
2021-09-23 20:44:44.244296,-36
2021-09-23 20:44:44.244302,-38
2021-09-23 20:44:44.244308,-33
2021-09-23 20:44:44.244320,-26
2021-09-23 20:44:44.244327,-24
2021-09-23 20:44:44.244333,-24
2021-09-23 20:44:44.244339,-24
2021-09-23 20:44:44.244345,-24
2021-09-23 20:44:44.244351,-19
2021-09-23 20:44:44.244357,-19
2021-09-23 20:44:44.244363,-24
2021-09-23 20:44:44.244369,-26
2021-09-23 20:44:44.244376,-21
2021-09-23 20:44:44.244382,-12
2021-09-23 20:44:44.244388,2
2021-09-23 20:44:44.514194,12
2021-09-23 20:44:44.514216,7
2021-09-23 20:44:44.514223,-21
2021-09-23 20:44:44.514230,-43
2021-09-23 20:44:44.514236,-45
2021-09-23 20:44:44.514242,-38
2021-09-23 20:44:44.514248,-28
2021-09-23 20:44:44.514254,-16
2021-09-23 20:44:44.514260,12
2021-09-23 20:44:44.514266,132
2021-09-23 20:44:44.514272,483
2021-09-23 20:44:44.514278,1050
2021-09-23 20:44:44.514284,1214
2021-09-23 20:44:44.514290,307
2021-09-23 20:44:44.514296,-634
2021-09-23 20:44:44.514303,-396
2021-09-23 20:44:44.514309,-2
2021-09-23 20:44:44.514314,-168
2021-09-23 20:44:44.514320,-194
2021-09-23 20:44:44.514326,-50
2021-09-23 20:44:44.514332,-76
2021-09-23 20:44:44.514338,-110
2021-09-23 20:44:44.514344,-52
2021-09-23 20:44:44.514350,-33
2021-09-23 20:44:44.514356,-45
2021-09-23 20:44:44.514362,-26
2021-09-23 20:44:44.514368,-7
2021-09-23 20:44:44.514374,-12
2021-09-23 20:44:44.514380,-4
2021-09-23 20:44:44.514386,14
2021-09-23 20:44:44.784184,28
2021-09-23 20:44:44.784205,40
2021-09-23 20:44:44.784213,50
2021-09-23 20:44:44.784220,50
2021-09-23 20:44:44.784226,57
2021-09-23 20:44:44.784232,81
2021-09-23 20:44:44.784238,108
2021-09-23 20:44:44.784244,117
2021-09-23 20:44:44.784257,115
2021-09-23 20:44:44.784264,117
2021-09-23 20:44:44.784270,125
2021-09-23 20:44:44.784276,125
2021-09-23 20:44:44.784282,108
2021-09-23 20:44:44.784288,84
2021-09-23 20:44:44.784294,45
2021-09-23 20:44:44.784301,-2
2021-09-23 20:44:44.784307,-38
2021-09-23 20:44:44.784313,-67
2021-09-23 20:44:44.784319,-93
2021-09-23 20:44:44.784325,-108
2021-09-23 20:44:44.784331,-115
2021-09-23 20:44:44.784337,-113
2021-09-23 20:44:44.784343,-103
2021-09-23 20:44:44.784349,-96
2021-09-23 20:44:44.784355,-98
2021-09-23 20:44:44.784361,-98
2021-09-23 20:44:44.784367,-88
2021-09-23 20:44:44.784373,-88
2021-09-23 20:44:44.784379,-88
2021-09-23 20:44:44.784385,-79
2021-09-23 20:44:45.009088,-72
2021-09-23 20:44:45.009108,-67
2021-09-23 20:44:45.009116,-64
2021-09-23 20:44:45.009123,-55
2021-09-23 20:44:45.009129,-43
2021-09-23 20:44:45.009135,-38
2021-09-23 20:44:45.009141,-36
2021-09-23 20:44:45.009148,-36
2021-09-23 20:44:45.009154,-38
2021-09-23 20:44:45.009160,-36
2021-09-23 20:44:45.009166,-31
2021-09-23 20:44:45.009172,-28
2021-09-23 20:44:45.009179,-24
2021-09-23 20:44:45.009185,-28
2021-09-23 20:44:45.009191,-36
2021-09-23 20:44:45.009197,-31
2021-09-23 20:44:45.009204,-24
2021-09-23 20:44:45.009210,-26
2021-09-23 20:44:45.009216,-28
2021-09-23 20:44:45.009222,-31
2021-09-23 20:44:45.009228,-33
2021-09-23 20:44:45.009234,-28
2021-09-23 20:44:45.009240,-19
2021-09-23 20:44:45.009246,-16
2021-09-23 20:44:45.009253,-16
2021-09-23 20:44:45.009259,-16
2021-09-23 20:44:45.009265,-19
2021-09-23 20:44:45.009271,-16
2021-09-23 20:44:45.009284,-16
2021-09-23 20:44:45.009291,-19
2021-09-23 20:44:45.189188,-19
2021-09-23 20:44:45.189209,-16
2021-09-23 20:44:45.189217,-16
2021-09-23 20:44:45.189223,-14
2021-09-23 20:44:45.189229,-16
2021-09-23 20:44:45.189235,-21
2021-09-23 20:44:45.189241,-21
2021-09-23 20:44:45.189247,-16
2021-09-23 20:44:45.189254,-9
2021-09-23 20:44:45.189260,7
2021-09-23 20:44:45.189266,24
2021-09-23 20:44:45.189272,21
2021-09-23 20:44:45.189278,-7
2021-09-23 20:44:45.189284,-31
2021-09-23 20:44:45.189290,-36
2021-09-23 20:44:45.189296,-24
2021-09-23 20:44:45.189302,-16
2021-09-23 20:44:45.189308,-12
2021-09-23 20:44:45.189314,28
2021-09-23 20:44:45.189320,209
2021-09-23 20:44:45.189326,646
2021-09-23 20:44:45.189332,1197
2021-09-23 20:44:45.189338,1036
2021-09-23 20:44:45.189344,-115
2021-09-23 20:44:45.189350,-721
2021-09-23 20:44:45.189356,-235
2021-09-23 20:44:45.189362,-33
2021-09-23 20:44:45.189368,-240
2021-09-23 20:44:45.189374,-163
2021-09-23 20:44:45.189380,-55
2021-09-23 20:44:45.593534,-115
2021-09-23 20:44:45.593556,-103
2021-09-23 20:44:45.593563,-48
2021-09-23 20:44:45.593574,-57
2021-09-23 20:44:45.593580,-57
2021-09-23 20:44:45.593586,-31
2021-09-23 20:44:45.593592,-28
2021-09-23 20:44:45.593598,-28
2021-09-23 20:44:45.593604,-14
2021-09-23 20:44:45.593610,-4
2021-09-23 20:44:45.593616,-2
2021-09-23 20:44:45.593622,9
2021-09-23 20:44:45.593629,19
2021-09-23 20:44:45.593635,26
2021-09-23 20:44:45.593641,43
2021-09-23 20:44:45.593647,64
2021-09-23 20:44:45.593653,81
2021-09-23 20:44:45.593658,98
2021-09-23 20:44:45.593680,103
2021-09-23 20:44:45.593687,103
2021-09-23 20:44:45.593692,105
2021-09-23 20:44:45.593697,101
2021-09-23 20:44:45.593702,86
2021-09-23 20:44:45.593708,64
2021-09-23 20:44:45.593714,31
2021-09-23 20:44:45.593719,-4
2021-09-23 20:44:45.593725,-36
2021-09-23 20:44:45.593731,-67
2021-09-23 20:44:45.593737,-88
2021-09-23 20:44:45.593743,-93
2021-09-23 20:44:45.684197,-98
2021-09-23 20:44:45.684218,-103
2021-09-23 20:44:45.684226,-101
2021-09-23 20:44:45.684232,-93
2021-09-23 20:44:45.684238,-91
2021-09-23 20:44:45.684245,-93
2021-09-23 20:44:45.684251,-91
2021-09-23 20:44:45.684257,-81
2021-09-23 20:44:45.684263,-74
2021-09-23 20:44:45.684269,-76
2021-09-23 20:44:45.684275,-69
2021-09-23 20:44:45.684281,-62
2021-09-23 20:44:45.684287,-60
2021-09-23 20:44:45.684293,-55
2021-09-23 20:44:45.684299,-40
2021-09-23 20:44:45.684305,-36
2021-09-23 20:44:45.684311,-33
2021-09-23 20:44:45.684317,-33
2021-09-23 20:44:45.684323,-28
2021-09-23 20:44:45.684329,-24
2021-09-23 20:44:45.684335,-24
2021-09-23 20:44:45.684341,-26
2021-09-23 20:44:45.684347,-24
2021-09-23 20:44:45.684353,-33
2021-09-23 20:44:45.684359,-40
2021-09-23 20:44:45.684365,-28
2021-09-23 20:44:45.684370,-21
2021-09-23 20:44:45.684376,-28
2021-09-23 20:44:45.684382,-31
2021-09-23 20:44:45.684388,-33
2021-09-23 20:44:45.864204,-38
2021-09-23 20:44:45.864226,-31
2021-09-23 20:44:45.864233,-24
2021-09-23 20:44:45.864240,-28
2021-09-23 20:44:45.864246,-36
2021-09-23 20:44:45.864252,-40
2021-09-23 20:44:45.864258,-36
2021-09-23 20:44:45.864264,-31
2021-09-23 20:44:45.864280,-26
2021-09-23 20:44:45.864286,-24
2021-09-23 20:44:45.864292,-26
2021-09-23 20:44:45.864298,-43
2021-09-23 20:44:45.864304,-31
2021-09-23 20:44:45.864310,-12
2021-09-23 20:44:45.864316,-31
2021-09-23 20:44:45.864322,-52
2021-09-23 20:44:45.864329,-55
2021-09-23 20:44:45.864335,-50
2021-09-23 20:44:45.864341,-40
2021-09-23 20:44:45.864347,-21
2021-09-23 20:44:45.864353,-2
2021-09-23 20:44:45.864362,7
2021-09-23 20:44:45.864369,-12
2021-09-23 20:44:45.864375,-33
2021-09-23 20:44:45.864380,-28
2021-09-23 20:44:45.864386,-24
2021-09-23 20:44:45.864392,-26
2021-09-23 20:44:45.864398,-16
2021-09-23 20:44:45.864404,14
2021-09-23 20:44:45.864410,173
2021-09-23 20:44:46.089000,577
2021-09-23 20:44:46.089020,1089
2021-09-23 20:44:46.089028,969
2021-09-23 20:44:46.089034,-122
2021-09-23 20:44:46.089041,-759
2021-09-23 20:44:46.089047,-278
2021-09-23 20:44:46.089053,-21
2021-09-23 20:44:46.089059,-211
2021-09-23 20:44:46.089065,-149
2021-09-23 20:44:46.089071,-50
2021-09-23 20:44:46.089077,-110
2021-09-23 20:44:46.089083,-98
2021-09-23 20:44:46.089089,-33
2021-09-23 20:44:46.089095,-36
2021-09-23 20:44:46.089101,-50
2021-09-23 20:44:46.089107,-40
2021-09-23 20:44:46.089113,-21
2021-09-23 20:44:46.089120,-4
2021-09-23 20:44:46.089126,-2
2021-09-23 20:44:46.089133,2
2021-09-23 20:44:46.089139,28
2021-09-23 20:44:46.089145,48
2021-09-23 20:44:46.089151,45
2021-09-23 20:44:46.089157,57
2021-09-23 20:44:46.089163,84
2021-09-23 20:44:46.089169,91
2021-09-23 20:44:46.089175,101
2021-09-23 20:44:46.089181,120
2021-09-23 20:44:46.089193,125
2021-09-23 20:44:46.089199,125
2021-09-23 20:44:46.359213,134
2021-09-23 20:44:46.359234,125
2021-09-23 20:44:46.359241,101
2021-09-23 20:44:46.359248,72
2021-09-23 20:44:46.359254,24
2021-09-23 20:44:46.359260,-28
2021-09-23 20:44:46.359266,-55
2021-09-23 20:44:46.359272,-79
2021-09-23 20:44:46.359278,-101
2021-09-23 20:44:46.359284,-113
2021-09-23 20:44:46.359290,-129
2021-09-23 20:44:46.359296,-132
2021-09-23 20:44:46.359302,-120
2021-09-23 20:44:46.359308,-115
2021-09-23 20:44:46.359314,-122
2021-09-23 20:44:46.359320,-127
2021-09-23 20:44:46.359326,-108
2021-09-23 20:44:46.359332,-86
2021-09-23 20:44:46.359338,-91
2021-09-23 20:44:46.359344,-84
2021-09-23 20:44:46.359350,-62
2021-09-23 20:44:46.359356,-64
2021-09-23 20:44:46.359362,-62
2021-09-23 20:44:46.359368,-45
2021-09-23 20:44:46.359374,-40
2021-09-23 20:44:46.359380,-36
2021-09-23 20:44:46.359386,-40
2021-09-23 20:44:46.359393,-55
2021-09-23 20:44:46.359399,-43
2021-09-23 20:44:46.359404,-12
2021-09-23 20:44:46.629233,-4
2021-09-23 20:44:46.629254,-19
2021-09-23 20:44:46.629262,-16
2021-09-23 20:44:46.629268,-21
2021-09-23 20:44:46.629274,-33
2021-09-23 20:44:46.629280,-33
2021-09-23 20:44:46.629286,-33
2021-09-23 20:44:46.629292,-26
2021-09-23 20:44:46.629298,-19
2021-09-23 20:44:46.629304,-16
2021-09-23 20:44:46.629310,-14
2021-09-23 20:44:46.629316,-14
2021-09-23 20:44:46.629323,-21
2021-09-23 20:44:46.629329,-21
2021-09-23 20:44:46.629335,-33
2021-09-23 20:44:46.629341,-52
2021-09-23 20:44:46.629347,-48
2021-09-23 20:44:46.629353,-33
2021-09-23 20:44:46.629366,-12
2021-09-23 20:44:46.629372,12
2021-09-23 20:44:46.629378,2
2021-09-23 20:44:46.629385,-19
2021-09-23 20:44:46.629391,-12
2021-09-23 20:44:46.629397,-12
2021-09-23 20:44:46.629403,-38
2021-09-23 20:44:46.629409,-31
2021-09-23 20:44:46.629415,-2
2021-09-23 20:44:46.629421,-7
2021-09-23 20:44:46.629427,-7
2021-09-23 20:44:46.629433,64
2021-09-23 20:44:46.809233,295
2021-09-23 20:44:46.809255,735
2021-09-23 20:44:46.809263,1058
2021-09-23 20:44:46.809269,497
2021-09-23 20:44:46.809276,-560
2021-09-23 20:44:46.809282,-610
2021-09-23 20:44:46.809288,-62
2021-09-23 20:44:46.809294,-74
2021-09-23 20:44:46.809300,-199
2021-09-23 20:44:46.809306,-76
2021-09-23 20:44:46.809312,-52
2021-09-23 20:44:46.809318,-79
2021-09-23 20:44:46.809324,-24
2021-09-23 20:44:46.809330,-19
2021-09-23 20:44:46.809336,-57
2021-09-23 20:44:46.809342,-43
2021-09-23 20:44:46.809348,-14
2021-09-23 20:44:46.809355,-7
2021-09-23 20:44:46.809361,-2
2021-09-23 20:44:46.809367,0
2021-09-23 20:44:46.809373,4
2021-09-23 20:44:46.809379,26
2021-09-23 20:44:46.809385,48
2021-09-23 20:44:46.809391,60
2021-09-23 20:44:46.809397,74
2021-09-23 20:44:46.809403,88
2021-09-23 20:44:46.809409,96
2021-09-23 20:44:46.809423,113
2021-09-23 20:44:46.809429,139
2021-09-23 20:44:46.809435,153
2021-09-23 20:44:47.034419,146
2021-09-23 20:44:47.034441,134
2021-09-23 20:44:47.034448,122
2021-09-23 20:44:47.034455,88
2021-09-23 20:44:47.034461,33
2021-09-23 20:44:47.034467,-4
2021-09-23 20:44:47.034500,-21
2021-09-23 20:44:47.034512,-67
2021-09-23 20:44:47.034519,-113
2021-09-23 20:44:47.034525,-113
2021-09-23 20:44:47.034532,-105
2021-09-23 20:44:47.034538,-122
2021-09-23 20:44:47.034545,-129
2021-09-23 20:44:47.034551,-127
2021-09-23 20:44:47.034557,-127
2021-09-23 20:44:47.034563,-129
2021-09-23 20:44:47.034570,-127
2021-09-23 20:44:47.034576,-110
2021-09-23 20:44:47.034582,-88
2021-09-23 20:44:47.034588,-74
2021-09-23 20:44:47.034594,-72
2021-09-23 20:44:47.034600,-72
2021-09-23 20:44:47.034606,-55
2021-09-23 20:44:47.034612,-36
2021-09-23 20:44:47.034618,-48
2021-09-23 20:44:47.034625,-48
2021-09-23 20:44:47.034631,-12
2021-09-23 20:44:47.034637,-9
2021-09-23 20:44:47.034643,-40
2021-09-23 20:44:47.034649,-40
2021-09-23 20:44:47.259140,-31
2021-09-23 20:44:47.259160,-45
2021-09-23 20:44:47.259168,-40
2021-09-23 20:44:47.259174,-12
2021-09-23 20:44:47.259180,-2
2021-09-23 20:44:47.259186,-21
2021-09-23 20:44:47.259192,-38
2021-09-23 20:44:47.259198,-40
2021-09-23 20:44:47.259204,-36
2021-09-23 20:44:47.259210,-38
2021-09-23 20:44:47.259216,-28
2021-09-23 20:44:47.259222,-12
2021-09-23 20:44:47.259228,-14
2021-09-23 20:44:47.259234,-24
2021-09-23 20:44:47.259240,-33
2021-09-23 20:44:47.259247,-45
2021-09-23 20:44:47.259253,-57
2021-09-23 20:44:47.259259,-60
2021-09-23 20:44:47.259265,-45
2021-09-23 20:44:47.259271,-21
2021-09-23 20:44:47.259277,-12
2021-09-23 20:44:47.259283,-2
2021-09-23 20:44:47.259289,2
2021-09-23 20:44:47.259295,-19
2021-09-23 20:44:47.259301,-36
2021-09-23 20:44:47.259307,-26
2021-09-23 20:44:47.259313,-31
2021-09-23 20:44:47.259319,-45
2021-09-23 20:44:47.259334,-26
2021-09-23 20:44:47.259340,12
2021-09-23 20:44:47.527867,122
2021-09-23 20:44:47.527889,459
2021-09-23 20:44:47.527897,983
2021-09-23 20:44:47.527903,1091
2021-09-23 20:44:47.527909,187
2021-09-23 20:44:47.527916,-680
2021-09-23 20:44:47.527922,-406
2021-09-23 20:44:47.527928,-21
2021-09-23 20:44:47.527934,-173
2021-09-23 20:44:47.527940,-185
2021-09-23 20:44:47.527947,-64
2021-09-23 20:44:47.527953,-103
2021-09-23 20:44:47.527959,-113
2021-09-23 20:44:47.527965,-50
2021-09-23 20:44:47.527971,-45
2021-09-23 20:44:47.527977,-50
2021-09-23 20:44:47.527983,-28
2021-09-23 20:44:47.527989,-26
2021-09-23 20:44:47.527995,-26
2021-09-23 20:44:47.528001,-12
2021-09-23 20:44:47.528007,-2
2021-09-23 20:44:47.528013,9
2021-09-23 20:44:47.528019,31
2021-09-23 20:44:47.528025,45
2021-09-23 20:44:47.528031,55
2021-09-23 20:44:47.528037,76
2021-09-23 20:44:47.528043,93
2021-09-23 20:44:47.528049,103
2021-09-23 20:44:47.528055,115
2021-09-23 20:44:47.528061,120
2021-09-23 20:44:47.709218,127
2021-09-23 20:44:47.709240,132
2021-09-23 20:44:47.709248,120
2021-09-23 20:44:47.709254,98
2021-09-23 20:44:47.709260,69
2021-09-23 20:44:47.709267,36
2021-09-23 20:44:47.709273,2
2021-09-23 20:44:47.709279,-31
2021-09-23 20:44:47.709285,-74
2021-09-23 20:44:47.709291,-108
2021-09-23 20:44:47.709297,-120
2021-09-23 20:44:47.709304,-127
2021-09-23 20:44:47.709310,-129
2021-09-23 20:44:47.709316,-115
2021-09-23 20:44:47.709322,-98
2021-09-23 20:44:47.709329,-103
2021-09-23 20:44:47.709335,-120
2021-09-23 20:44:47.709341,-105
2021-09-23 20:44:47.709355,-76
2021-09-23 20:44:47.709361,-79
2021-09-23 20:44:47.709367,-96
2021-09-23 20:44:47.709374,-86
2021-09-23 20:44:47.709380,-74
2021-09-23 20:44:47.709386,-84
2021-09-23 20:44:47.709392,-64
2021-09-23 20:44:47.709398,-38
2021-09-23 20:44:47.709404,-50
2021-09-23 20:44:47.709410,-52
2021-09-23 20:44:47.709416,-24
2021-09-23 20:44:47.709422,-31
2021-09-23 20:44:47.934238,-52
2021-09-23 20:44:47.934260,-43
2021-09-23 20:44:47.934268,-31
2021-09-23 20:44:47.934275,-40
2021-09-23 20:44:47.934281,-48
2021-09-23 20:44:47.934287,-43
2021-09-23 20:44:47.934293,-43
2021-09-23 20:44:47.934299,-45
2021-09-23 20:44:47.934305,-36
2021-09-23 20:44:47.934311,-28
2021-09-23 20:44:47.934317,-43
2021-09-23 20:44:47.934323,-57
2021-09-23 20:44:47.934329,-36
2021-09-23 20:44:47.934335,-16
2021-09-23 20:44:47.934341,-24
2021-09-23 20:44:47.934347,-33
2021-09-23 20:44:47.934353,-26
2021-09-23 20:44:47.934359,-21
2021-09-23 20:44:47.934365,-19
2021-09-23 20:44:47.934371,-14
2021-09-23 20:44:47.934377,-14
2021-09-23 20:44:47.934383,-28
2021-09-23 20:44:47.934389,-43
2021-09-23 20:44:47.934394,-33
2021-09-23 20:44:47.934400,-21
2021-09-23 20:44:47.934406,7
2021-09-23 20:44:47.934412,31
2021-09-23 20:44:47.934418,19
2021-09-23 20:44:47.934424,2
2021-09-23 20:44:47.934430,-9
2021-09-23 20:44:48.159227,-24
2021-09-23 20:44:48.159248,-26
2021-09-23 20:44:48.159255,-21
2021-09-23 20:44:48.159262,-31
2021-09-23 20:44:48.159268,-26
2021-09-23 20:44:48.159274,19
2021-09-23 20:44:48.159280,175
2021-09-23 20:44:48.159286,541
2021-09-23 20:44:48.159292,1046
2021-09-23 20:44:48.159298,1002
2021-09-23 20:44:48.159304,-21
2021-09-23 20:44:48.159310,-714
2021-09-23 20:44:48.159316,-303
2021-09-23 20:44:48.159322,-19
2021-09-23 20:44:48.159328,-202
2021-09-23 20:44:48.159334,-163
2021-09-23 20:44:48.159340,-45
2021-09-23 20:44:48.159346,-98
2021-09-23 20:44:48.159352,-113
2021-09-23 20:44:48.159358,-40
2021-09-23 20:44:48.159364,-19
2021-09-23 20:44:48.159370,-36
2021-09-23 20:44:48.159376,-28
2021-09-23 20:44:48.159382,-9
2021-09-23 20:44:48.159387,-4
2021-09-23 20:44:48.159393,0
2021-09-23 20:44:48.159399,7
2021-09-23 20:44:48.159405,7
2021-09-23 20:44:48.159411,9
2021-09-23 20:44:48.159417,33
2021-09-23 20:44:48.473657,60
2021-09-23 20:44:48.473678,74
2021-09-23 20:44:48.473686,91
2021-09-23 20:44:48.473692,101
2021-09-23 20:44:48.473698,93
2021-09-23 20:44:48.473704,101
2021-09-23 20:44:48.473710,122
2021-09-23 20:44:48.473717,129
2021-09-23 20:44:48.473723,117
2021-09-23 20:44:48.473729,91
2021-09-23 20:44:48.473735,57
2021-09-23 20:44:48.473741,24
2021-09-23 20:44:48.473747,-9
2021-09-23 20:44:48.473754,-52
2021-09-23 20:44:48.473760,-91
2021-09-23 20:44:48.473766,-103
2021-09-23 20:44:48.473772,-103
2021-09-23 20:44:48.473778,-110
2021-09-23 20:44:48.473784,-110
2021-09-23 20:44:48.473790,-108
2021-09-23 20:44:48.473796,-110
2021-09-23 20:44:48.473803,-113
2021-09-23 20:44:48.473809,-110
2021-09-23 20:44:48.473815,-91
2021-09-23 20:44:48.473821,-76
2021-09-23 20:44:48.473827,-72
2021-09-23 20:44:48.473833,-72
2021-09-23 20:44:48.473839,-76
2021-09-23 20:44:48.473853,-74
2021-09-23 20:44:48.473860,-62
2021-09-23 20:44:48.654169,-50
2021-09-23 20:44:48.654188,-43
2021-09-23 20:44:48.654196,-33
2021-09-23 20:44:48.654203,-19
2021-09-23 20:44:48.654209,-14
2021-09-23 20:44:48.654215,-16
2021-09-23 20:44:48.654222,-16
2021-09-23 20:44:48.654228,-21
2021-09-23 20:44:48.654234,-26
2021-09-23 20:44:48.654240,-36
2021-09-23 20:44:48.654246,-43
2021-09-23 20:44:48.654252,-31
2021-09-23 20:44:48.654258,-19
2021-09-23 20:44:48.654265,-31
2021-09-23 20:44:48.654271,-45
2021-09-23 20:44:48.654277,-31
2021-09-23 20:44:48.654283,-14
2021-09-23 20:44:48.654289,-21
2021-09-23 20:44:48.654295,-26
2021-09-23 20:44:48.654301,-21
2021-09-23 20:44:48.654307,-19
2021-09-23 20:44:48.654313,-16
2021-09-23 20:44:48.654319,-26
2021-09-23 20:44:48.654325,-31
2021-09-23 20:44:48.654331,-9
2021-09-23 20:44:48.654337,-2
2021-09-23 20:44:48.654343,-16
2021-09-23 20:44:48.654349,-19
2021-09-23 20:44:48.654355,0
2021-09-23 20:44:48.654361,4
2021-09-23 20:44:48.879277,-9
2021-09-23 20:44:48.879299,-14
2021-09-23 20:44:48.879306,-19
2021-09-23 20:44:48.879313,-38
2021-09-23 20:44:48.879319,-43
2021-09-23 20:44:48.879325,-24
2021-09-23 20:44:48.879331,-4
2021-09-23 20:44:48.879337,-7
2021-09-23 20:44:48.879344,-12
2021-09-23 20:44:48.879350,-14
2021-09-23 20:44:48.879356,-28
2021-09-23 20:44:48.879362,-36
2021-09-23 20:44:48.879368,-21
2021-09-23 20:44:48.879374,-26
2021-09-23 20:44:48.879380,-48
2021-09-23 20:44:48.879386,-38
2021-09-23 20:44:48.879393,26
2021-09-23 20:44:48.879399,187
2021-09-23 20:44:48.879410,543
2021-09-23 20:44:48.879417,1046
2021-09-23 20:44:48.879423,1002
2021-09-23 20:44:48.879429,-2
2021-09-23 20:44:48.879436,-673
2021-09-23 20:44:48.879442,-288
2021-09-23 20:44:48.879448,-43
2021-09-23 20:44:48.879454,-204
2021-09-23 20:44:48.879460,-141
2021-09-23 20:44:48.879466,-50
2021-09-23 20:44:48.879472,-103
2021-09-23 20:44:48.879478,-88
2021-09-23 20:44:49.149370,-45
2021-09-23 20:44:49.149392,-55
2021-09-23 20:44:49.149399,-45
2021-09-23 20:44:49.149405,-19
2021-09-23 20:44:49.149412,-24
2021-09-23 20:44:49.149418,-26
2021-09-23 20:44:49.149424,-16
2021-09-23 20:44:49.149430,-12
2021-09-23 20:44:49.149436,14
2021-09-23 20:44:49.149442,36
2021-09-23 20:44:49.149448,16
2021-09-23 20:44:49.149454,19
2021-09-23 20:44:49.149460,64
2021-09-23 20:44:49.149466,81
2021-09-23 20:44:49.149472,67
2021-09-23 20:44:49.149478,88
2021-09-23 20:44:49.149484,129
2021-09-23 20:44:49.149490,137
2021-09-23 20:44:49.149496,122
2021-09-23 20:44:49.149502,110
2021-09-23 20:44:49.149508,98
2021-09-23 20:44:49.149515,74
2021-09-23 20:44:49.149521,43
2021-09-23 20:44:49.149527,0
2021-09-23 20:44:49.149533,-45
2021-09-23 20:44:49.149539,-69
2021-09-23 20:44:49.149545,-76
2021-09-23 20:44:49.149551,-88
2021-09-23 20:44:49.149557,-108
2021-09-23 20:44:49.149563,-103
2021-09-23 20:44:49.374239,-91
2021-09-23 20:44:49.374259,-96
2021-09-23 20:44:49.374267,-96
2021-09-23 20:44:49.374273,-88
2021-09-23 20:44:49.374280,-84
2021-09-23 20:44:49.374286,-86
2021-09-23 20:44:49.374292,-86
2021-09-23 20:44:49.374298,-81
2021-09-23 20:44:49.374322,-79
2021-09-23 20:44:49.374329,-84
2021-09-23 20:44:49.374335,-84
2021-09-23 20:44:49.374341,-64
2021-09-23 20:44:49.374347,-57
2021-09-23 20:44:49.374353,-67
2021-09-23 20:44:49.374359,-55
2021-09-23 20:44:49.374365,-36
2021-09-23 20:44:49.374371,-36
2021-09-23 20:44:49.374377,-45
2021-09-23 20:44:49.374383,-48
2021-09-23 20:44:49.374389,-38
2021-09-23 20:44:49.374395,-38
2021-09-23 20:44:49.374401,-40
2021-09-23 20:44:49.374407,-24
2021-09-23 20:44:49.374413,-14
2021-09-23 20:44:49.374419,-24
2021-09-23 20:44:49.374425,-31
2021-09-23 20:44:49.374431,-28
2021-09-23 20:44:49.374437,-26
2021-09-23 20:44:49.374443,-24
2021-09-23 20:44:49.374449,-24
2021-09-23 20:44:49.687899,-21
2021-09-23 20:44:49.687920,-14
2021-09-23 20:44:49.687928,-14
2021-09-23 20:44:49.687934,-16
2021-09-23 20:44:49.687940,-12
2021-09-23 20:44:49.687946,-14
2021-09-23 20:44:49.687952,-19
2021-09-23 20:44:49.687958,-9
2021-09-23 20:44:49.687964,-2
2021-09-23 20:44:49.687970,-14
2021-09-23 20:44:49.687977,-19
2021-09-23 20:44:49.687983,-14
2021-09-23 20:44:49.687989,-14
2021-09-23 20:44:49.687995,-12
2021-09-23 20:44:49.688001,-14
2021-09-23 20:44:49.688007,-31
2021-09-23 20:44:49.688013,-33
2021-09-23 20:44:49.688019,-24
2021-09-23 20:44:49.688025,-14
2021-09-23 20:44:49.688031,-19
2021-09-23 20:44:49.688037,-28
2021-09-23 20:44:49.688043,-31
2021-09-23 20:44:49.688049,-24
2021-09-23 20:44:49.688055,-14
2021-09-23 20:44:49.688061,-4
2021-09-23 20:44:49.688067,7
2021-09-23 20:44:49.688073,14
2021-09-23 20:44:49.688079,7
2021-09-23 20:44:49.688092,-12
2021-09-23 20:44:49.688098,-21
2021-09-23 20:44:49.779208,-14
2021-09-23 20:44:49.779226,-12
2021-09-23 20:44:49.779233,-21
2021-09-23 20:44:49.779239,-12
2021-09-23 20:44:49.779245,50
2021-09-23 20:44:49.779252,288
2021-09-23 20:44:49.779257,779
2021-09-23 20:44:49.779263,1163
2021-09-23 20:44:49.779269,625
2021-09-23 20:44:49.779275,-452
2021-09-23 20:44:49.779281,-562
2021-09-23 20:44:49.779287,-74
2021-09-23 20:44:49.779293,-103
2021-09-23 20:44:49.779299,-211
2021-09-23 20:44:49.779305,-79
2021-09-23 20:44:49.779317,-67
2021-09-23 20:44:49.779324,-125
2021-09-23 20:44:49.779330,-76
2021-09-23 20:44:49.779336,-48
2021-09-23 20:44:49.779342,-64
2021-09-23 20:44:49.779348,-55
2021-09-23 20:44:49.779354,-33
2021-09-23 20:44:49.779360,-21
2021-09-23 20:44:49.779366,-12
2021-09-23 20:44:49.779372,-4
2021-09-23 20:44:49.779378,7
2021-09-23 20:44:49.779384,21
2021-09-23 20:44:49.779390,28
2021-09-23 20:44:49.779396,24
2021-09-23 20:44:49.779402,45
2021-09-23 20:44:50.049155,93
2021-09-23 20:44:50.049177,110
2021-09-23 20:44:50.049185,108
2021-09-23 20:44:50.049191,120
2021-09-23 20:44:50.049197,132
2021-09-23 20:44:50.049203,137
2021-09-23 20:44:50.049209,127
2021-09-23 20:44:50.049215,115
2021-09-23 20:44:50.049221,113
2021-09-23 20:44:50.049226,81
2021-09-23 20:44:50.049232,21
2021-09-23 20:44:50.049238,-26
2021-09-23 20:44:50.049244,-50
2021-09-23 20:44:50.049250,-69
2021-09-23 20:44:50.049255,-91
2021-09-23 20:44:50.049261,-105
2021-09-23 20:44:50.049267,-103
2021-09-23 20:44:50.049272,-96
2021-09-23 20:44:50.049278,-105
2021-09-23 20:44:50.049284,-113
2021-09-23 20:44:50.049289,-98
2021-09-23 20:44:50.049295,-91
2021-09-23 20:44:50.049301,-96
2021-09-23 20:44:50.049307,-86
2021-09-23 20:44:50.049313,-72
2021-09-23 20:44:50.049319,-72
2021-09-23 20:44:50.049325,-74
2021-09-23 20:44:50.049331,-81
2021-09-23 20:44:50.049337,-74
2021-09-23 20:44:50.049343,-45
2021-09-23 20:44:50.274760,-31
2021-09-23 20:44:50.274781,-40
2021-09-23 20:44:50.274789,-38
2021-09-23 20:44:50.274796,-31
2021-09-23 20:44:50.274802,-38
2021-09-23 20:44:50.274808,-38
2021-09-23 20:44:50.274814,-28
2021-09-23 20:44:50.274820,-26
2021-09-23 20:44:50.274826,-31
2021-09-23 20:44:50.274832,-33
2021-09-23 20:44:50.274838,-24
2021-09-23 20:44:50.274844,-16
2021-09-23 20:44:50.274850,-26
2021-09-23 20:44:50.274856,-21
2021-09-23 20:44:50.274863,-7
2021-09-23 20:44:50.274869,-19
2021-09-23 20:44:50.274874,-36
2021-09-23 20:44:50.274881,-36
2021-09-23 20:44:50.274887,-36
2021-09-23 20:44:50.274893,-31
2021-09-23 20:44:50.274899,-28
2021-09-23 20:44:50.274905,-28
2021-09-23 20:44:50.274911,-26
2021-09-23 20:44:50.274917,-45
2021-09-23 20:44:50.274923,-52
2021-09-23 20:44:50.274929,-21
2021-09-23 20:44:50.274935,-26
2021-09-23 20:44:50.274941,-43
2021-09-23 20:44:50.274947,-12
2021-09-23 20:44:50.274953,2
2021-09-23 20:44:50.499276,-14
2021-09-23 20:44:50.499298,-24
2021-09-23 20:44:50.499305,-33
2021-09-23 20:44:50.499312,-43
2021-09-23 20:44:50.499318,-26
2021-09-23 20:44:50.499324,7
2021-09-23 20:44:50.499330,16
2021-09-23 20:44:50.499336,-14
2021-09-23 20:44:50.499352,-50
2021-09-23 20:44:50.499359,-36
2021-09-23 20:44:50.499365,-12
2021-09-23 20:44:50.499371,-33
2021-09-23 20:44:50.499377,-24
2021-09-23 20:44:50.499383,40
2021-09-23 20:44:50.499389,175
2021-09-23 20:44:50.499395,485
2021-09-23 20:44:50.499401,918
2021-09-23 20:44:50.499407,880
2021-09-23 20:44:50.499412,-19
2021-09-23 20:44:50.499418,-639
2021-09-23 20:44:50.499424,-264
2021-09-23 20:44:50.499430,-12
2021-09-23 20:44:50.499436,-153
2021-09-23 20:44:50.499442,-81
2021-09-23 20:44:50.499448,-4
2021-09-23 20:44:50.499454,-86
2021-09-23 20:44:50.499460,-67
2021-09-23 20:44:50.499466,-4
2021-09-23 20:44:50.499472,-26
2021-09-23 20:44:50.499478,-21
2021-09-23 20:44:50.724272,31
2021-09-23 20:44:50.724294,24
2021-09-23 20:44:50.724302,-4
2021-09-23 20:44:50.724309,21
2021-09-23 20:44:50.724316,48
2021-09-23 20:44:50.724323,28
2021-09-23 20:44:50.724329,50
2021-09-23 20:44:50.724336,91
2021-09-23 20:44:50.724342,79
2021-09-23 20:44:50.724349,81
2021-09-23 20:44:50.724355,125
2021-09-23 20:44:50.724362,139
2021-09-23 20:44:50.724368,151
2021-09-23 20:44:50.724375,158
2021-09-23 20:44:50.724382,141
2021-09-23 20:44:50.724388,153
2021-09-23 20:44:50.724395,165
2021-09-23 20:44:50.724401,127
2021-09-23 20:44:50.724408,93
2021-09-23 20:44:50.724414,76
2021-09-23 20:44:50.724421,26
2021-09-23 20:44:50.724434,-33
2021-09-23 20:44:50.724441,-55
2021-09-23 20:44:50.724448,-55
2021-09-23 20:44:50.724454,-76
2021-09-23 20:44:50.724460,-93
2021-09-23 20:44:50.724466,-88
2021-09-23 20:44:50.724472,-105
2021-09-23 20:44:50.724482,-132
2021-09-23 20:44:50.724488,-120
2021-09-23 20:44:50.949286,-88
2021-09-23 20:44:50.949309,-96
2021-09-23 20:44:50.949316,-115
2021-09-23 20:44:50.949323,-96
2021-09-23 20:44:50.949329,-76
2021-09-23 20:44:50.949335,-74
2021-09-23 20:44:50.949341,-57
2021-09-23 20:44:50.949347,-43
2021-09-23 20:44:50.949353,-72
2021-09-23 20:44:50.949359,-81
2021-09-23 20:44:50.949365,-38
2021-09-23 20:44:50.949371,-24
2021-09-23 20:44:50.949377,-43
2021-09-23 20:44:50.949383,-38
2021-09-23 20:44:50.949389,-31
2021-09-23 20:44:50.949395,-60
2021-09-23 20:44:50.949401,-72
2021-09-23 20:44:50.949407,-40
2021-09-23 20:44:50.949413,-4
2021-09-23 20:44:50.949419,-9
2021-09-23 20:44:50.949425,-28
2021-09-23 20:44:50.949431,-48
2021-09-23 20:44:50.949437,-72
2021-09-23 20:44:50.949442,-55
2021-09-23 20:44:50.949448,0
2021-09-23 20:44:50.949455,19
2021-09-23 20:44:50.949461,-26
2021-09-23 20:44:50.949467,-50
2021-09-23 20:44:50.949473,-16
2021-09-23 20:44:50.949479,-31
2021-09-23 20:44:51.174279,-91
2021-09-23 20:44:51.174300,-79
2021-09-23 20:44:51.174307,14
2021-09-23 20:44:51.174314,38
2021-09-23 20:44:51.174320,-26
2021-09-23 20:44:51.174326,-55
2021-09-23 20:44:51.174332,-38
2021-09-23 20:44:51.174338,-50
2021-09-23 20:44:51.174344,-76
2021-09-23 20:44:51.174350,-60
2021-09-23 20:44:51.174356,-14
2021-09-23 20:44:51.174362,2
2021-09-23 20:44:51.174368,113
2021-09-23 20:44:51.174374,430
2021-09-23 20:44:51.174381,800
2021-09-23 20:44:51.174387,769
2021-09-23 20:44:51.174393,-26
2021-09-23 20:44:51.174399,-685
2021-09-23 20:44:51.174405,-351
2021-09-23 20:44:51.174411,-12
2021-09-23 20:44:51.174417,-182
2021-09-23 20:44:51.174424,-173
2021-09-23 20:44:51.174430,4
2021-09-23 20:44:51.174436,-16
2021-09-23 20:44:51.174442,-125
2021-09-23 20:44:51.174448,-86
2021-09-23 20:44:51.174454,48
2021-09-23 20:44:51.174460,74
2021-09-23 20:44:51.174466,-4
2021-09-23 20:44:51.174472,-31
2021-09-23 20:44:51.399264,12
2021-09-23 20:44:51.399284,4
2021-09-23 20:44:51.399292,-40
2021-09-23 20:44:51.399298,-28
2021-09-23 20:44:51.399305,21
2021-09-23 20:44:51.399311,48
2021-09-23 20:44:51.399317,79
2021-09-23 20:44:51.399323,96
2021-09-23 20:44:51.399329,93
2021-09-23 20:44:51.399334,117
2021-09-23 20:44:51.399340,127
2021-09-23 20:44:51.399346,137
2021-09-23 20:44:51.399352,175
2021-09-23 20:44:51.399358,156
2021-09-23 20:44:51.399364,127
2021-09-23 20:44:51.399370,151
2021-09-23 20:44:51.399376,108
2021-09-23 20:44:51.399381,21
2021-09-23 20:44:51.399387,-28
2021-09-23 20:44:51.399393,-69
2021-09-23 20:44:51.399399,-98
2021-09-23 20:44:51.399405,-93
2021-09-23 20:44:51.399411,-125
2021-09-23 20:44:51.399417,-151
2021-09-23 20:44:51.399423,-113
2021-09-23 20:44:51.399429,-132
2021-09-23 20:44:51.399435,-163
2021-09-23 20:44:51.399441,-91
2021-09-23 20:44:51.399447,-74
2021-09-23 20:44:51.399453,-127
2021-09-23 20:44:51.667912,-115
2021-09-23 20:44:51.667933,-98
2021-09-23 20:44:51.667941,-163
2021-09-23 20:44:51.667947,-161
2021-09-23 20:44:51.667953,-79
2021-09-23 20:44:51.667959,-76
2021-09-23 20:44:51.667966,-91
2021-09-23 20:44:51.667972,-69
2021-09-23 20:44:51.667985,-93
2021-09-23 20:44:51.667992,-74
2021-09-23 20:44:51.667998,-21
2021-09-23 20:44:51.668004,-86
2021-09-23 20:44:51.668010,-132
2021-09-23 20:44:51.668016,-33
2021-09-23 20:44:51.668022,-31
2021-09-23 20:44:51.668029,-101
2021-09-23 20:44:51.668035,-55
2021-09-23 20:44:51.668040,-45
2021-09-23 20:44:51.668046,-93
2021-09-23 20:44:51.668052,-36
2021-09-23 20:44:51.668058,-24
2021-09-23 20:44:51.668064,-115
2021-09-23 20:44:51.668070,-115
2021-09-23 20:44:51.668076,-43
2021-09-23 20:44:51.668082,-38
2021-09-23 20:44:51.668088,-79
2021-09-23 20:44:51.668094,-88
2021-09-23 20:44:51.668103,-57
2021-09-23 20:44:51.668110,-50
2021-09-23 20:44:51.668116,-93
2021-09-23 20:44:51.893681,-84
2021-09-23 20:44:51.893701,-50
2021-09-23 20:44:51.893709,-67
2021-09-23 20:44:51.893716,-69
2021-09-23 20:44:51.893722,-52
2021-09-23 20:44:51.893728,-50
2021-09-23 20:44:51.893734,-84
2021-09-23 20:44:51.893741,-120
2021-09-23 20:44:51.893747,-132
2021-09-23 20:44:51.893753,-146
2021-09-23 20:44:51.893759,-132
2021-09-23 20:44:51.893765,-88
2021-09-23 20:44:51.893771,-26
2021-09-23 20:44:51.893778,156
2021-09-23 20:44:51.893784,488
2021-09-23 20:44:51.893790,745
2021-09-23 20:44:51.893797,490
2021-09-23 20:44:51.893803,-259
2021-09-23 20:44:51.893809,-589
2021-09-23 20:44:51.893815,-230
2021-09-23 20:44:51.893821,-69
2021-09-23 20:44:51.893827,-228
2021-09-23 20:44:51.893833,-175
2021-09-23 20:44:51.893839,-74
2021-09-23 20:44:51.893845,-103
2021-09-23 20:44:51.893851,-72
2021-09-23 20:44:51.893857,-43
2021-09-23 20:44:51.893864,-84
2021-09-23 20:44:51.893877,-86
2021-09-23 20:44:51.893884,-45
2021-09-23 20:44:52.164313,-12
2021-09-23 20:44:52.164334,-31
2021-09-23 20:44:52.164341,-64
2021-09-23 20:44:52.164348,-26
2021-09-23 20:44:52.164354,19
2021-09-23 20:44:52.164361,-14
2021-09-23 20:44:52.164367,-38
2021-09-23 20:44:52.164373,14
2021-09-23 20:44:52.164379,48
2021-09-23 20:44:52.164385,21
2021-09-23 20:44:52.164392,4
2021-09-23 20:44:52.164398,60
2021-09-23 20:44:52.164404,141
2021-09-23 20:44:52.164410,144
2021-09-23 20:44:52.164416,88
2021-09-23 20:44:52.164422,52
2021-09-23 20:44:52.164428,57
2021-09-23 20:44:52.164434,31
2021-09-23 20:44:52.164440,-9
2021-09-23 20:44:52.164446,-12
2021-09-23 20:44:52.164453,-84
2021-09-23 20:44:52.164459,-139
2021-09-23 20:44:52.164465,-86
2021-09-23 20:44:52.164471,-98
2021-09-23 20:44:52.164477,-146
2021-09-23 20:44:52.164483,-103
2021-09-23 20:44:52.164489,-88
2021-09-23 20:44:52.164495,-153
2021-09-23 20:44:52.164501,-153
2021-09-23 20:44:52.164507,-69
2021-09-23 20:44:52.344264,-52
2021-09-23 20:44:52.344287,-132
2021-09-23 20:44:52.344294,-120
2021-09-23 20:44:52.344301,-36
2021-09-23 20:44:52.344307,-91
2021-09-23 20:44:52.344313,-161
2021-09-23 20:44:52.344319,-103
2021-09-23 20:44:52.344325,-81
2021-09-23 20:44:52.344332,-139
2021-09-23 20:44:52.344338,-129
2021-09-23 20:44:52.344344,-76
2021-09-23 20:44:52.344350,-105
2021-09-23 20:44:52.344356,-122
2021-09-23 20:44:52.344362,-33
2021-09-23 20:44:52.344368,-43
2021-09-23 20:44:52.344374,-144
2021-09-23 20:44:52.344380,-113
2021-09-23 20:44:52.344386,-40
2021-09-23 20:44:52.344399,-81
2021-09-23 20:44:52.344406,-127
2021-09-23 20:44:52.344412,-79
2021-09-23 20:44:52.344418,-36
2021-09-23 20:44:52.344424,-76
2021-09-23 20:44:52.344430,-88
2021-09-23 20:44:52.344436,-48
2021-09-23 20:44:52.344442,-76
2021-09-23 20:44:52.344448,-117
2021-09-23 20:44:52.344453,-64
2021-09-23 20:44:52.344459,-9
2021-09-23 20:44:52.344465,-40
2021-09-23 20:44:52.569146,-74
2021-09-23 20:44:52.569167,-69
2021-09-23 20:44:52.569174,-48
2021-09-23 20:44:52.569181,-31
2021-09-23 20:44:52.569187,-36
2021-09-23 20:44:52.569193,-36
2021-09-23 20:44:52.569199,-31
2021-09-23 20:44:52.569205,-43
2021-09-23 20:44:52.569211,-57
2021-09-23 20:44:52.569217,-57
2021-09-23 20:44:52.569223,-48
2021-09-23 20:44:52.569230,-67
2021-09-23 20:44:52.569236,-76
2021-09-23 20:44:52.569242,-45
2021-09-23 20:44:52.569248,7
2021-09-23 20:44:52.569254,149
2021-09-23 20:44:52.569260,473
2021-09-23 20:44:52.569266,829
2021-09-23 20:44:52.569273,680
2021-09-23 20:44:52.569279,-199
2021-09-23 20:44:52.569285,-750
2021-09-23 20:44:52.569291,-365
2021-09-23 20:44:52.569297,-72
2021-09-23 20:44:52.569303,-185
2021-09-23 20:44:52.569309,-134
2021-09-23 20:44:52.569315,-43
2021-09-23 20:44:52.569321,-88
2021-09-23 20:44:52.569327,-74
2021-09-23 20:44:52.569333,-36
2021-09-23 20:44:52.569339,-60
2021-09-23 20:44:52.794310,-36
2021-09-23 20:44:52.794330,28
2021-09-23 20:44:52.794338,-4
2021-09-23 20:44:52.794344,-60
2021-09-23 20:44:52.794351,-7
2021-09-23 20:44:52.794357,57
2021-09-23 20:44:52.794363,40
2021-09-23 20:44:52.794369,12
2021-09-23 20:44:52.794381,21
2021-09-23 20:44:52.794387,69
2021-09-23 20:44:52.794393,96
2021-09-23 20:44:52.794399,74
2021-09-23 20:44:52.794405,103
2021-09-23 20:44:52.794411,163
2021-09-23 20:44:52.794418,139
2021-09-23 20:44:52.794424,120
2021-09-23 20:44:52.794430,173
2021-09-23 20:44:52.794436,173
2021-09-23 20:44:52.794442,108
2021-09-23 20:44:52.794448,60
2021-09-23 20:44:52.794454,-7
2021-09-23 20:44:52.794460,-79
2021-09-23 20:44:52.794466,-57
2021-09-23 20:44:52.794472,-45
2021-09-23 20:44:52.794478,-103
2021-09-23 20:44:52.794484,-132
2021-09-23 20:44:52.794490,-139
2021-09-23 20:44:52.794496,-156
2021-09-23 20:44:52.794502,-168
2021-09-23 20:44:52.794508,-153
2021-09-23 20:44:53.019330,-105
2021-09-23 20:44:53.019352,-117
2021-09-23 20:44:53.019360,-141
2021-09-23 20:44:53.019366,-127
2021-09-23 20:44:53.019372,-129
2021-09-23 20:44:53.019378,-69
2021-09-23 20:44:53.019384,-40
2021-09-23 20:44:53.019390,-101
2021-09-23 20:44:53.019396,-113
2021-09-23 20:44:53.019402,-84
2021-09-23 20:44:53.019408,-86
2021-09-23 20:44:53.019414,-110
2021-09-23 20:44:53.019420,-96
2021-09-23 20:44:53.019426,-48
2021-09-23 20:44:53.019432,-69
2021-09-23 20:44:53.019438,-81
2021-09-23 20:44:53.019444,-36
2021-09-23 20:44:53.019450,-48
2021-09-23 20:44:53.019456,-88
2021-09-23 20:44:53.019462,-72
2021-09-23 20:44:53.019468,-38
2021-09-23 20:44:53.019474,-26
2021-09-23 20:44:53.019480,-52
2021-09-23 20:44:53.019486,-62
2021-09-23 20:44:53.019492,-24
2021-09-23 20:44:53.019498,-28
2021-09-23 20:44:53.019504,-69
2021-09-23 20:44:53.019510,-38
2021-09-23 20:44:53.019524,-2
2021-09-23 20:44:53.019531,-16
2021-09-23 20:44:53.244311,-16
2021-09-23 20:44:53.244333,-26
2021-09-23 20:44:53.244341,-52
2021-09-23 20:44:53.244347,-19
2021-09-23 20:44:53.244353,7
2021-09-23 20:44:53.244360,-48
2021-09-23 20:44:53.244365,-79
2021-09-23 20:44:53.244371,-50
2021-09-23 20:44:53.244377,14
2021-09-23 20:44:53.244383,108
2021-09-23 20:44:53.244390,298
2021-09-23 20:44:53.244396,668
2021-09-23 20:44:53.244401,901
2021-09-23 20:44:53.244407,355
2021-09-23 20:44:53.244413,-589
2021-09-23 20:44:53.244420,-642
2021-09-23 20:44:53.244426,-129
2021-09-23 20:44:53.244432,-86
2021-09-23 20:44:53.244438,-141
2021-09-23 20:44:53.244444,-14
2021-09-23 20:44:53.244450,-28
2021-09-23 20:44:53.244457,-98
2021-09-23 20:44:53.244463,-48
2021-09-23 20:44:53.244469,0
2021-09-23 20:44:53.244475,-33
2021-09-23 20:44:53.244481,-36
2021-09-23 20:44:53.244487,12
2021-09-23 20:44:53.244493,24
2021-09-23 20:44:53.244500,7
2021-09-23 20:44:53.244506,4
2021-09-23 20:44:53.469277,9
2021-09-23 20:44:53.469299,38
2021-09-23 20:44:53.469306,76
2021-09-23 20:44:53.469313,79
2021-09-23 20:44:53.469319,76
2021-09-23 20:44:53.469325,108
2021-09-23 20:44:53.469331,134
2021-09-23 20:44:53.469337,132
2021-09-23 20:44:53.469343,134
2021-09-23 20:44:53.469349,168
2021-09-23 20:44:53.469355,197
2021-09-23 20:44:53.469361,170
2021-09-23 20:44:53.469367,132
2021-09-23 20:44:53.469373,122
2021-09-23 20:44:53.469379,62
2021-09-23 20:44:53.469385,-12
2021-09-23 20:44:53.469391,-26
2021-09-23 20:44:53.469397,-76
2021-09-23 20:44:53.469413,-137
2021-09-23 20:44:53.469419,-125
2021-09-23 20:44:53.469425,-132
2021-09-23 20:44:53.469431,-156
2021-09-23 20:44:53.469437,-115
2021-09-23 20:44:53.469443,-103
2021-09-23 20:44:53.469449,-139
2021-09-23 20:44:53.469456,-127
2021-09-23 20:44:53.469462,-103
2021-09-23 20:44:53.469468,-120
2021-09-23 20:44:53.469474,-105
2021-09-23 20:44:53.469480,-84
2021-09-23 20:44:53.737999,-98
2021-09-23 20:44:53.738022,-69
2021-09-23 20:44:53.738030,-40
2021-09-23 20:44:53.738036,-62
2021-09-23 20:44:53.738043,-74
2021-09-23 20:44:53.738049,-38
2021-09-23 20:44:53.738055,0
2021-09-23 20:44:53.738060,-24
2021-09-23 20:44:53.738066,-62
2021-09-23 20:44:53.738072,-43
2021-09-23 20:44:53.738078,-12
2021-09-23 20:44:53.738084,-33
2021-09-23 20:44:53.738090,-55
2021-09-23 20:44:53.738096,-14
2021-09-23 20:44:53.738102,-19
2021-09-23 20:44:53.738108,-64
2021-09-23 20:44:53.738114,-7
2021-09-23 20:44:53.738120,36
2021-09-23 20:44:53.738126,-21
2021-09-23 20:44:53.738132,-50
2021-09-23 20:44:53.738138,-36
2021-09-23 20:44:53.738144,-40
2021-09-23 20:44:53.738149,-62
2021-09-23 20:44:53.738155,-40
2021-09-23 20:44:53.738161,19
2021-09-23 20:44:53.738167,9
2021-09-23 20:44:53.738173,-45
2021-09-23 20:44:53.738180,-31
2021-09-23 20:44:53.738186,-9
2021-09-23 20:44:53.738192,-43
2021-09-23 20:44:53.964319,-55
2021-09-23 20:44:53.964341,-60
2021-09-23 20:44:53.964348,-45
2021-09-23 20:44:53.964355,21
2021-09-23 20:44:53.964361,9
2021-09-23 20:44:53.964367,-52
2021-09-23 20:44:53.964373,-38
2021-09-23 20:44:53.964379,4
2021-09-23 20:44:53.964392,-7
2021-09-23 20:44:53.964399,-57
2021-09-23 20:44:53.964405,-76
2021-09-23 20:44:53.964411,-21
2021-09-23 20:44:53.964417,36
2021-09-23 20:44:53.964423,26
2021-09-23 20:44:53.964429,120
2021-09-23 20:44:53.964435,452
2021-09-23 20:44:53.964442,844
2021-09-23 20:44:53.964447,844
2021-09-23 20:44:53.964454,108
2021-09-23 20:44:53.964460,-541
2021-09-23 20:44:53.964466,-295
2021-09-23 20:44:53.964472,0
2021-09-23 20:44:53.964478,-141
2021-09-23 20:44:53.964484,-156
2021-09-23 20:44:53.964490,-21
2021-09-23 20:44:53.964496,-7
2021-09-23 20:44:53.964502,-43
2021-09-23 20:44:53.964508,-26
2021-09-23 20:44:53.964514,-9
2021-09-23 20:44:53.964520,-16
2021-09-23 20:44:54.189316,-12
2021-09-23 20:44:54.189336,4
2021-09-23 20:44:54.189344,9
2021-09-23 20:44:54.189350,-7
2021-09-23 20:44:54.189356,0
2021-09-23 20:44:54.189363,36
2021-09-23 20:44:54.189369,64
2021-09-23 20:44:54.189375,72
2021-09-23 20:44:54.189381,43
2021-09-23 20:44:54.189387,67
2021-09-23 20:44:54.189393,151
2021-09-23 20:44:54.189399,141
2021-09-23 20:44:54.189405,110
2021-09-23 20:44:54.189412,151
2021-09-23 20:44:54.189418,161
2021-09-23 20:44:54.189424,125
2021-09-23 20:44:54.189430,117
2021-09-23 20:44:54.189436,125
2021-09-23 20:44:54.189443,125
2021-09-23 20:44:54.189449,117
2021-09-23 20:44:54.189455,74
2021-09-23 20:44:54.189461,7
2021-09-23 20:44:54.189467,-16
2021-09-23 20:44:54.189473,0
2021-09-23 20:44:54.189479,-21
2021-09-23 20:44:54.189485,-64
2021-09-23 20:44:54.189491,-72
2021-09-23 20:44:54.189497,-79
2021-09-23 20:44:54.189512,-62
2021-09-23 20:44:54.189518,-12
2021-09-23 20:44:54.414279,-38
2021-09-23 20:44:54.414299,-76
2021-09-23 20:44:54.414306,-28
2021-09-23 20:44:54.414313,0
2021-09-23 20:44:54.414319,-31
2021-09-23 20:44:54.414325,-55
2021-09-23 20:44:54.414331,-36
2021-09-23 20:44:54.414337,-24
2021-09-23 20:44:54.414343,-64
2021-09-23 20:44:54.414349,-91
2021-09-23 20:44:54.414356,-57
2021-09-23 20:44:54.414361,-2
2021-09-23 20:44:54.414367,28
2021-09-23 20:44:54.414374,4
2021-09-23 20:44:54.414380,-36
2021-09-23 20:44:54.414386,-16
2021-09-23 20:44:54.414392,14
2021-09-23 20:44:54.414398,-21
2021-09-23 20:44:54.414404,-64
2021-09-23 20:44:54.414410,-16
2021-09-23 20:44:54.414416,57
2021-09-23 20:44:54.414422,36
2021-09-23 20:44:54.414428,-19
2021-09-23 20:44:54.414434,-28
2021-09-23 20:44:54.414440,9
2021-09-23 20:44:54.414446,52
2021-09-23 20:44:54.414452,24
2021-09-23 20:44:54.414458,-12
2021-09-23 20:44:54.414464,2
2021-09-23 20:44:54.414470,12
2021-09-23 20:44:54.684324,9
2021-09-23 20:44:54.684345,24
2021-09-23 20:44:54.684352,9
2021-09-23 20:44:54.684359,-24
2021-09-23 20:44:54.684365,19
2021-09-23 20:44:54.684371,72
2021-09-23 20:44:54.684377,38
2021-09-23 20:44:54.684383,-4
2021-09-23 20:44:54.684389,19
2021-09-23 20:44:54.684396,48
2021-09-23 20:44:54.684402,26
2021-09-23 20:44:54.684408,12
2021-09-23 20:44:54.684420,31
2021-09-23 20:44:54.684427,21
2021-09-23 20:44:54.684433,-4
2021-09-23 20:44:54.684439,38
2021-09-23 20:44:54.684445,240
2021-09-23 20:44:54.684451,601
2021-09-23 20:44:54.684460,937
2021-09-23 20:44:54.684466,745
2021-09-23 20:44:54.684472,-129
2021-09-23 20:44:54.684478,-586
2021-09-23 20:44:54.684484,-182
2021-09-23 20:44:54.684490,19
2021-09-23 20:44:54.684496,-146
2021-09-23 20:44:54.684502,-84
2021-09-23 20:44:54.684508,50
2021-09-23 20:44:54.684514,7
2021-09-23 20:44:54.684520,-36
2021-09-23 20:44:54.684526,2
2021-09-23 20:44:54.864258,16
2021-09-23 20:44:54.864276,16
2021-09-23 20:44:54.864284,31
2021-09-23 20:44:54.864290,33
2021-09-23 20:44:54.864297,7
2021-09-23 20:44:54.864303,2
2021-09-23 20:44:54.864309,38
2021-09-23 20:44:54.864315,60
2021-09-23 20:44:54.864321,72
2021-09-23 20:44:54.864327,98
2021-09-23 20:44:54.864333,120
2021-09-23 20:44:54.864339,161
2021-09-23 20:44:54.864345,168
2021-09-23 20:44:54.864351,113
2021-09-23 20:44:54.864357,115
2021-09-23 20:44:54.864363,163
2021-09-23 20:44:54.864369,163
2021-09-23 20:44:54.864375,125
2021-09-23 20:44:54.864381,122
2021-09-23 20:44:54.864387,161
2021-09-23 20:44:54.864393,113
2021-09-23 20:44:54.864399,4
2021-09-23 20:44:54.864405,9
2021-09-23 20:44:54.864411,33
2021-09-23 20:44:54.864417,-55
2021-09-23 20:44:54.864423,-98
2021-09-23 20:44:54.864429,-79
2021-09-23 20:44:54.864435,-115
2021-09-23 20:44:54.864441,-132
2021-09-23 20:44:54.864447,-105
2021-09-23 20:44:55.089269,-103
2021-09-23 20:44:55.089289,-96
2021-09-23 20:44:55.089297,-79
2021-09-23 20:44:55.089303,-91
2021-09-23 20:44:55.089309,-105
2021-09-23 20:44:55.089316,-96
2021-09-23 20:44:55.089322,-76
2021-09-23 20:44:55.089328,-52
2021-09-23 20:44:55.089334,-50
2021-09-23 20:44:55.089340,-79
2021-09-23 20:44:55.089346,-76
2021-09-23 20:44:55.089352,-55
2021-09-23 20:44:55.089358,-57
2021-09-23 20:44:55.089364,-69
2021-09-23 20:44:55.089370,-38
2021-09-23 20:44:55.089376,4
2021-09-23 20:44:55.089382,-33
2021-09-23 20:44:55.089388,-48
2021-09-23 20:44:55.089394,-4
2021-09-23 20:44:55.089400,-31
2021-09-23 20:44:55.089406,-62
2021-09-23 20:44:55.089412,-50
2021-09-23 20:44:55.089418,-28
2021-09-23 20:44:55.089424,7
2021-09-23 20:44:55.089431,-14
2021-09-23 20:44:55.089436,-88
2021-09-23 20:44:55.089442,-60
2021-09-23 20:44:55.089448,26
2021-09-23 20:44:55.089455,-16
2021-09-23 20:44:55.089461,-67
2021-09-23 20:44:55.359339,-40
2021-09-23 20:44:55.359360,-57
2021-09-23 20:44:55.359368,-52
2021-09-23 20:44:55.359374,-24
2021-09-23 20:44:55.359381,-91
2021-09-23 20:44:55.359387,-98
2021-09-23 20:44:55.359393,-4
2021-09-23 20:44:55.359399,-26
2021-09-23 20:44:55.359405,-40
2021-09-23 20:44:55.359411,19
2021-09-23 20:44:55.359417,-7
2021-09-23 20:44:55.359423,-19
2021-09-23 20:44:55.359429,9
2021-09-23 20:44:55.359435,-40
2021-09-23 20:44:55.359441,-40
2021-09-23 20:44:55.359447,21
2021-09-23 20:44:55.359453,-21
2021-09-23 20:44:55.359459,-60
2021-09-23 20:44:55.359466,24
2021-09-23 20:44:55.359471,163
2021-09-23 20:44:55.359477,435
2021-09-23 20:44:55.359483,832
2021-09-23 20:44:55.359490,815
2021-09-23 20:44:55.359495,-14
2021-09-23 20:44:55.359501,-699
2021-09-23 20:44:55.359507,-401
2021-09-23 20:44:55.359513,-24
2021-09-23 20:44:55.359519,-141
2021-09-23 20:44:55.359532,-170
2021-09-23 20:44:55.359539,-40
2021-09-23 20:44:55.539325,-50
2021-09-23 20:44:55.539347,-86
2021-09-23 20:44:55.539355,-55
2021-09-23 20:44:55.539361,-38
2021-09-23 20:44:55.539367,-45
2021-09-23 20:44:55.539373,-48
2021-09-23 20:44:55.539379,-19
2021-09-23 20:44:55.539385,12
2021-09-23 20:44:55.539391,-9
2021-09-23 20:44:55.539398,-24
2021-09-23 20:44:55.539404,21
2021-09-23 20:44:55.539410,48
2021-09-23 20:44:55.539416,24
2021-09-23 20:44:55.539422,62
2021-09-23 20:44:55.539428,105
2021-09-23 20:44:55.539434,72
2021-09-23 20:44:55.539440,52
2021-09-23 20:44:55.539446,84
2021-09-23 20:44:55.539459,108
2021-09-23 20:44:55.539466,125
2021-09-23 20:44:55.539472,141
2021-09-23 20:44:55.539478,134
2021-09-23 20:44:55.539484,91
2021-09-23 20:44:55.539490,55
2021-09-23 20:44:55.539496,38
2021-09-23 20:44:55.539502,-26
2021-09-23 20:44:55.539508,-74
2021-09-23 20:44:55.539514,-81
2021-09-23 20:44:55.539520,-144
2021-09-23 20:44:55.539526,-156
2021-09-23 20:44:55.852981,-88
2021-09-23 20:44:55.853001,-113
2021-09-23 20:44:55.853008,-161
2021-09-23 20:44:55.853015,-146
2021-09-23 20:44:55.853021,-146
2021-09-23 20:44:55.853027,-161
2021-09-23 20:44:55.853033,-151
2021-09-23 20:44:55.853039,-120
2021-09-23 20:44:55.853045,-103
2021-09-23 20:44:55.853051,-103
2021-09-23 20:44:55.853057,-120
2021-09-23 20:44:55.853063,-146
2021-09-23 20:44:55.853069,-125
2021-09-23 20:44:55.853075,-76
2021-09-23 20:44:55.853081,-101
2021-09-23 20:44:55.853087,-105
2021-09-23 20:44:55.853093,-48
2021-09-23 20:44:55.853099,-50
2021-09-23 20:44:55.853114,-79
2021-09-23 20:44:55.853120,-62
2021-09-23 20:44:55.853127,-67
2021-09-23 20:44:55.853132,-81
2021-09-23 20:44:55.853139,-55
2021-09-23 20:44:55.853145,-31
2021-09-23 20:44:55.853150,-50
2021-09-23 20:44:55.853156,-79
2021-09-23 20:44:55.853162,-67
2021-09-23 20:44:55.853168,-55
2021-09-23 20:44:55.853174,-69
2021-09-23 20:44:55.853180,-52
2021-09-23 20:44:56.079250,-9
2021-09-23 20:44:56.079270,-38
2021-09-23 20:44:56.079277,-86
2021-09-23 20:44:56.079284,-36
2021-09-23 20:44:56.079290,-4
2021-09-23 20:44:56.079296,-45
2021-09-23 20:44:56.079302,-16
2021-09-23 20:44:56.079308,7
2021-09-23 20:44:56.079314,-38
2021-09-23 20:44:56.079321,-57
2021-09-23 20:44:56.079327,-60
2021-09-23 20:44:56.079333,-50
2021-09-23 20:44:56.079339,-7
2021-09-23 20:44:56.079345,-14
2021-09-23 20:44:56.079351,-45
2021-09-23 20:44:56.079357,28
2021-09-23 20:44:56.079364,257
2021-09-23 20:44:56.079370,615
2021-09-23 20:44:56.079376,906
2021-09-23 20:44:56.079382,502
2021-09-23 20:44:56.079388,-478
2021-09-23 20:44:56.079395,-690
2021-09-23 20:44:56.079401,-149
2021-09-23 20:44:56.079407,-21
2021-09-23 20:44:56.079413,-149
2021-09-23 20:44:56.079420,-69
2021-09-23 20:44:56.079426,2
2021-09-23 20:44:56.079432,-4
2021-09-23 20:44:56.079438,0
2021-09-23 20:44:56.079444,4
2021-09-23 20:44:56.259254,-14
2021-09-23 20:44:56.259274,-7
2021-09-23 20:44:56.259282,4
2021-09-23 20:44:56.259288,-7
2021-09-23 20:44:56.259294,48
2021-09-23 20:44:56.259300,98
2021-09-23 20:44:56.259306,50
2021-09-23 20:44:56.259312,38
2021-09-23 20:44:56.259324,86
2021-09-23 20:44:56.259331,79
2021-09-23 20:44:56.259337,57
2021-09-23 20:44:56.259343,129
2021-09-23 20:44:56.259349,194
2021-09-23 20:44:56.259355,149
2021-09-23 20:44:56.259361,117
2021-09-23 20:44:56.259367,185
2021-09-23 20:44:56.259373,228
2021-09-23 20:44:56.259379,173
2021-09-23 20:44:56.259385,125
2021-09-23 20:44:56.259391,141
2021-09-23 20:44:56.259397,101
2021-09-23 20:44:56.259403,-12
2021-09-23 20:44:56.259409,-79
2021-09-23 20:44:56.259414,-84
2021-09-23 20:44:56.259420,-64
2021-09-23 20:44:56.259426,-76
2021-09-23 20:44:56.259432,-141
2021-09-23 20:44:56.259438,-127
2021-09-23 20:44:56.259444,-72
2021-09-23 20:44:56.259450,-125
2021-09-23 20:44:56.484384,-182
2021-09-23 20:44:56.484405,-127
2021-09-23 20:44:56.484413,-76
2021-09-23 20:44:56.484419,-120
2021-09-23 20:44:56.484426,-144
2021-09-23 20:44:56.484432,-88
2021-09-23 20:44:56.484438,-67
2021-09-23 20:44:56.484444,-81
2021-09-23 20:44:56.484450,-57
2021-09-23 20:44:56.484456,-26
2021-09-23 20:44:56.484462,-40
2021-09-23 20:44:56.484468,-69
2021-09-23 20:44:56.484474,-62
2021-09-23 20:44:56.484480,-24
2021-09-23 20:44:56.484486,-28
2021-09-23 20:44:56.484492,-79
2021-09-23 20:44:56.484498,-60
2021-09-23 20:44:56.484505,-4
2021-09-23 20:44:56.484511,-14
2021-09-23 20:44:56.484517,-33
2021-09-23 20:44:56.484523,-28
2021-09-23 20:44:56.484528,-36
2021-09-23 20:44:56.484534,-40
2021-09-23 20:44:56.484540,-24
2021-09-23 20:44:56.484553,-4
2021-09-23 20:44:56.484559,-9
2021-09-23 20:44:56.484566,-21
2021-09-23 20:44:56.484572,-26
2021-09-23 20:44:56.484581,-16
2021-09-23 20:44:56.484587,-4
2021-09-23 20:44:56.753735,-12
2021-09-23 20:44:56.753756,-9
2021-09-23 20:44:56.753763,-7
2021-09-23 20:44:56.753769,-21
2021-09-23 20:44:56.753775,24
2021-09-23 20:44:56.753782,74
2021-09-23 20:44:56.753788,36
2021-09-23 20:44:56.753793,12
2021-09-23 20:44:56.753799,21
2021-09-23 20:44:56.753805,-7
2021-09-23 20:44:56.753812,-43
2021-09-23 20:44:56.753817,-33
2021-09-23 20:44:56.753823,14
2021-09-23 20:44:56.753829,33
2021-09-23 20:44:56.753835,33
2021-09-23 20:44:56.753841,129
2021-09-23 20:44:56.753847,404
2021-09-23 20:44:56.753853,824
2021-09-23 20:44:56.753859,945
2021-09-23 20:44:56.753865,206
2021-09-23 20:44:56.753871,-569
2021-09-23 20:44:56.753877,-360
2021-09-23 20:44:56.753883,9
2021-09-23 20:44:56.753889,-55
2021-09-23 20:44:56.753895,-74
2021-09-23 20:44:56.753901,-9
2021-09-23 20:44:56.753907,-26
2021-09-23 20:44:56.753913,-31
2021-09-23 20:44:56.753918,-21
2021-09-23 20:44:56.753924,-36
2021-09-23 20:44:56.934358,-26
2021-09-23 20:44:56.934380,21
2021-09-23 20:44:56.934388,60
2021-09-23 20:44:56.934394,36
2021-09-23 20:44:56.934401,0
2021-09-23 20:44:56.934407,16
2021-09-23 20:44:56.934413,48
2021-09-23 20:44:56.934419,57
2021-09-23 20:44:56.934425,52
2021-09-23 20:44:56.934431,36
2021-09-23 20:44:56.934437,52
2021-09-23 20:44:56.934443,86
2021-09-23 20:44:56.934449,117
2021-09-23 20:44:56.934455,158
2021-09-23 20:44:56.934461,153
2021-09-23 20:44:56.934467,132
2021-09-23 20:44:56.934473,151
2021-09-23 20:44:56.934479,137
2021-09-23 20:44:56.934494,88
2021-09-23 20:44:56.934501,79
2021-09-23 20:44:56.934507,79
2021-09-23 20:44:56.934512,36
2021-09-23 20:44:56.934518,-45
2021-09-23 20:44:56.934524,-103
2021-09-23 20:44:56.934530,-84
2021-09-23 20:44:56.934536,-48
2021-09-23 20:44:56.934542,-76
2021-09-23 20:44:56.934548,-108
2021-09-23 20:44:56.934554,-96
2021-09-23 20:44:56.934560,-96
2021-09-23 20:44:57.204373,-93
2021-09-23 20:44:57.204395,-62
2021-09-23 20:44:57.204403,-69
2021-09-23 20:44:57.204409,-91
2021-09-23 20:44:57.204416,-72
2021-09-23 20:44:57.204422,-69
2021-09-23 20:44:57.204428,-57
2021-09-23 20:44:57.204434,-26
2021-09-23 20:44:57.204440,-45
2021-09-23 20:44:57.204446,-55
2021-09-23 20:44:57.204452,-21
2021-09-23 20:44:57.204458,-7
2021-09-23 20:44:57.204464,-2
2021-09-23 20:44:57.204470,2
2021-09-23 20:44:57.204477,-7
2021-09-23 20:44:57.204483,-24
2021-09-23 20:44:57.204489,-31
2021-09-23 20:44:57.204494,0
2021-09-23 20:44:57.204500,7
2021-09-23 20:44:57.204506,-40
2021-09-23 20:44:57.204513,-36
2021-09-23 20:44:57.204519,9
2021-09-23 20:44:57.204525,-4
2021-09-23 20:44:57.204531,-16
2021-09-23 20:44:57.204537,14
2021-09-23 20:44:57.204543,12
2021-09-23 20:44:57.204549,-28
2021-09-23 20:44:57.204555,-19
2021-09-23 20:44:57.204561,9
2021-09-23 20:44:57.204567,16
2021-09-23 20:44:57.384344,14
2021-09-23 20:44:57.384366,0
2021-09-23 20:44:57.384373,31
2021-09-23 20:44:57.384380,76
2021-09-23 20:44:57.384386,14
2021-09-23 20:44:57.384392,-55
2021-09-23 20:44:57.384398,-4
2021-09-23 20:44:57.384404,48
2021-09-23 20:44:57.384411,33
2021-09-23 20:44:57.384417,26
2021-09-23 20:44:57.384423,69
2021-09-23 20:44:57.384429,281
2021-09-23 20:44:57.384435,762
2021-09-23 20:44:57.384441,1163
2021-09-23 20:44:57.384447,687
2021-09-23 20:44:57.384453,-300
2021-09-23 20:44:57.384459,-408
2021-09-23 20:44:57.384465,16
2021-09-23 20:44:57.384471,-62
2021-09-23 20:44:57.384477,-168
2021-09-23 20:44:57.384484,-12
2021-09-23 20:44:57.384490,-43
2021-09-23 20:44:57.384496,-146
2021-09-23 20:44:57.384501,-91
2021-09-23 20:44:57.384507,-45
2021-09-23 20:44:57.384513,-52
2021-09-23 20:44:57.384519,-43
2021-09-23 20:44:57.384525,-36
2021-09-23 20:44:57.384540,-9
2021-09-23 20:44:57.384547,21
2021-09-23 20:44:57.609374,16
2021-09-23 20:44:57.609396,26
2021-09-23 20:44:57.609403,36
2021-09-23 20:44:57.609410,-9
2021-09-23 20:44:57.609416,-36
2021-09-23 20:44:57.609422,4
2021-09-23 20:44:57.609428,40
2021-09-23 20:44:57.609434,50
2021-09-23 20:44:57.609440,76
2021-09-23 20:44:57.609446,101
2021-09-23 20:44:57.609452,105
2021-09-23 20:44:57.609458,117
2021-09-23 20:44:57.609464,105
2021-09-23 20:44:57.609471,91
2021-09-23 20:44:57.609477,81
2021-09-23 20:44:57.609483,14
2021-09-23 20:44:57.609489,-33
2021-09-23 20:44:57.609495,-9
2021-09-23 20:44:57.609501,-26
2021-09-23 20:44:57.609508,-84
2021-09-23 20:44:57.609514,-101
2021-09-23 20:44:57.609520,-84
2021-09-23 20:44:57.609526,-62
2021-09-23 20:44:57.609532,-67
2021-09-23 20:44:57.609538,-101
2021-09-23 20:44:57.609544,-86
2021-09-23 20:44:57.609550,-62
2021-09-23 20:44:57.609556,-81
2021-09-23 20:44:57.609569,-60
2021-09-23 20:44:57.609575,-33
2021-09-23 20:44:57.923029,-79
2021-09-23 20:44:57.923051,-84
2021-09-23 20:44:57.923059,-28
2021-09-23 20:44:57.923065,-33
2021-09-23 20:44:57.923071,-55
2021-09-23 20:44:57.923077,-21
2021-09-23 20:44:57.923083,-24
2021-09-23 20:44:57.923089,-52
2021-09-23 20:44:57.923095,-33
2021-09-23 20:44:57.923101,-21
2021-09-23 20:44:57.923107,-38
2021-09-23 20:44:57.923113,-50
2021-09-23 20:44:57.923119,-36
2021-09-23 20:44:57.923125,-7
2021-09-23 20:44:57.923131,-21
2021-09-23 20:44:57.923137,-43
2021-09-23 20:44:57.923143,-48
2021-09-23 20:44:57.923149,-74
2021-09-23 20:44:57.923155,-88
2021-09-23 20:44:57.923161,-62
2021-09-23 20:44:57.923167,-9
2021-09-23 20:44:57.923173,19
2021-09-23 20:44:57.923179,-14
2021-09-23 20:44:57.923185,-45
2021-09-23 20:44:57.923191,-33
2021-09-23 20:44:57.923197,-14
2021-09-23 20:44:57.923203,-12
2021-09-23 20:44:57.923209,-36
2021-09-23 20:44:57.923215,-38
2021-09-23 20:44:57.923221,28
2021-09-23 20:44:58.193755,40
2021-09-23 20:44:58.193776,-19
2021-09-23 20:44:58.193783,-2
2021-09-23 20:44:58.193790,33
2021-09-23 20:44:58.193797,-14
2021-09-23 20:44:58.193803,-48
2021-09-23 20:44:58.193809,-2
2021-09-23 20:44:58.193815,52
2021-09-23 20:44:58.193821,43
2021-09-23 20:44:58.193827,21
2021-09-23 20:44:58.193833,69
2021-09-23 20:44:58.193839,290
2021-09-23 20:44:58.193845,779
2021-09-23 20:44:58.193852,1233
2021-09-23 20:44:58.193858,846
2021-09-23 20:44:58.193864,-151
2021-09-23 20:44:58.193870,-396
2021-09-23 20:44:58.193876,-28
2021-09-23 20:44:58.193883,-74
2021-09-23 20:44:58.193889,-189
2021-09-23 20:44:58.193895,-14
2021-09-23 20:44:58.193901,24
2021-09-23 20:44:58.193907,-64
2021-09-23 20:44:58.193913,-21
2021-09-23 20:44:58.193919,2
2021-09-23 20:44:58.193926,-48
2021-09-23 20:44:58.193932,-40
2021-09-23 20:44:58.193938,-26
2021-09-23 20:44:58.193944,-14
2021-09-23 20:44:58.193950,43
2021-09-23 20:44:58.329377,79
2021-09-23 20:44:58.329399,45
2021-09-23 20:44:58.329407,14
2021-09-23 20:44:58.329413,19
2021-09-23 20:44:58.329419,33
2021-09-23 20:44:58.329425,36
2021-09-23 20:44:58.329431,4
2021-09-23 20:44:58.329437,24
2021-09-23 20:44:58.329443,122
2021-09-23 20:44:58.329449,141
2021-09-23 20:44:58.329455,93
2021-09-23 20:44:58.329462,127
2021-09-23 20:44:58.329468,146
2021-09-23 20:44:58.329474,91
2021-09-23 20:44:58.329480,72
2021-09-23 20:44:58.329486,64
2021-09-23 20:44:58.329492,-16
2021-09-23 20:44:58.329498,-93
2021-09-23 20:44:58.329504,-84
2021-09-23 20:44:58.329510,-72
2021-09-23 20:44:58.329516,-86
2021-09-23 20:44:58.329522,-84
2021-09-23 20:44:58.329528,-88
2021-09-23 20:44:58.329534,-125
2021-09-23 20:44:58.329540,-132
2021-09-23 20:44:58.329546,-110
2021-09-23 20:44:58.329552,-113
2021-09-23 20:44:58.329558,-146
2021-09-23 20:44:58.329564,-165
2021-09-23 20:44:58.329570,-149
2021-09-23 20:44:58.554311,-117
2021-09-23 20:44:58.554332,-74
2021-09-23 20:44:58.554339,-52
2021-09-23 20:44:58.554345,-72
2021-09-23 20:44:58.554351,-91
2021-09-23 20:44:58.554356,-91
2021-09-23 20:44:58.554362,-91
2021-09-23 20:44:58.554368,-86
2021-09-23 20:44:58.554379,-69
2021-09-23 20:44:58.554385,-74
2021-09-23 20:44:58.554391,-74
2021-09-23 20:44:58.554397,-21
2021-09-23 20:44:58.554403,0
2021-09-23 20:44:58.554409,-50
2021-09-23 20:44:58.554415,-79
2021-09-23 20:44:58.554420,-52
2021-09-23 20:44:58.554426,-40
2021-09-23 20:44:58.554432,-55
2021-09-23 20:44:58.554438,-60
2021-09-23 20:44:58.554443,-69
2021-09-23 20:44:58.554449,-55
2021-09-23 20:44:58.554455,-2
2021-09-23 20:44:58.554461,-7
2021-09-23 20:44:58.554466,-57
2021-09-23 20:44:58.554472,-45
2021-09-23 20:44:58.554478,4
2021-09-23 20:44:58.554484,12
2021-09-23 20:44:58.554489,-16
2021-09-23 20:44:58.554495,-21
2021-09-23 20:44:58.554501,0
2021-09-23 20:44:58.779374,19
2021-09-23 20:44:58.779396,16
2021-09-23 20:44:58.779403,7
2021-09-23 20:44:58.779409,4
2021-09-23 20:44:58.779416,16
2021-09-23 20:44:58.779422,12
2021-09-23 20:44:58.779428,-14
2021-09-23 20:44:58.779434,-19
2021-09-23 20:44:58.779440,7
2021-09-23 20:44:58.779446,12
2021-09-23 20:44:58.779452,7
2021-09-23 20:44:58.779458,122
2021-09-23 20:44:58.779464,517
2021-09-23 20:44:58.779470,1137
2021-09-23 20:44:58.779476,1269
2021-09-23 20:44:58.779482,324
2021-09-23 20:44:58.779488,-557
2021-09-23 20:44:58.779494,-324
2021-09-23 20:44:58.779500,7
2021-09-23 20:44:58.779506,-149
2021-09-23 20:44:58.779512,-175
2021-09-23 20:44:58.779518,-64
2021-09-23 20:44:58.779524,-86
2021-09-23 20:44:58.779530,-113
2021-09-23 20:44:58.779536,-48
2021-09-23 20:44:58.779542,-7
2021-09-23 20:44:58.779548,-57
2021-09-23 20:44:58.779554,-67
2021-09-23 20:44:58.779566,-14
2021-09-23 20:44:58.779573,-19
2021-09-23 20:44:59.049271,-36
2021-09-23 20:44:59.049292,16
2021-09-23 20:44:59.049299,50
2021-09-23 20:44:59.049305,2
2021-09-23 20:44:59.049312,-33
2021-09-23 20:44:59.049318,-19
2021-09-23 20:44:59.049324,-12
2021-09-23 20:44:59.049330,31
2021-09-23 20:44:59.049336,91
2021-09-23 20:44:59.049342,98
2021-09-23 20:44:59.049348,96
2021-09-23 20:44:59.049354,108
2021-09-23 20:44:59.049360,103
2021-09-23 20:44:59.049366,103
2021-09-23 20:44:59.049372,91
2021-09-23 20:44:59.049378,36
2021-09-23 20:44:59.049384,-7
2021-09-23 20:44:59.049390,-19
2021-09-23 20:44:59.049396,-38
2021-09-23 20:44:59.049402,-52
2021-09-23 20:44:59.049408,-62
2021-09-23 20:44:59.049414,-96
2021-09-23 20:44:59.049420,-113
2021-09-23 20:44:59.049425,-98
2021-09-23 20:44:59.049431,-113
2021-09-23 20:44:59.049437,-132
2021-09-23 20:44:59.049443,-108
2021-09-23 20:44:59.049449,-96
2021-09-23 20:44:59.049455,-105
2021-09-23 20:44:59.049461,-79
2021-09-23 20:44:59.274380,-69
2021-09-23 20:44:59.274401,-98
2021-09-23 20:44:59.274408,-103
2021-09-23 20:44:59.274414,-86
2021-09-23 20:44:59.274421,-79
2021-09-23 20:44:59.274427,-91
2021-09-23 20:44:59.274433,-108
2021-09-23 20:44:59.274439,-98
2021-09-23 20:44:59.274445,-55
2021-09-23 20:44:59.274451,-26
2021-09-23 20:44:59.274457,-38
2021-09-23 20:44:59.274463,-45
2021-09-23 20:44:59.274469,-45
2021-09-23 20:44:59.274474,-76
2021-09-23 20:44:59.274480,-64
2021-09-23 20:44:59.274486,0
2021-09-23 20:44:59.274492,7
2021-09-23 20:44:59.274498,-21
2021-09-23 20:44:59.274514,-26
2021-09-23 20:44:59.274521,-26
2021-09-23 20:44:59.274527,-38
2021-09-23 20:44:59.274533,-72
2021-09-23 20:44:59.274539,-86
2021-09-23 20:44:59.274544,-36
2021-09-23 20:44:59.274550,26
2021-09-23 20:44:59.274556,16
2021-09-23 20:44:59.274562,-31
2021-09-23 20:44:59.274568,-31
2021-09-23 20:44:59.274574,-16
2021-09-23 20:44:59.274580,-33
2021-09-23 20:44:59.499372,-24
2021-09-23 20:44:59.499394,0
2021-09-23 20:44:59.499401,-4
2021-09-23 20:44:59.499408,-4
2021-09-23 20:44:59.499414,-7
2021-09-23 20:44:59.499420,-21
2021-09-23 20:44:59.499426,-16
2021-09-23 20:44:59.499433,-4
2021-09-23 20:44:59.499439,2
2021-09-23 20:44:59.499445,-12
2021-09-23 20:44:59.499457,-36
2021-09-23 20:44:59.499464,38
2021-09-23 20:44:59.499470,310
2021-09-23 20:44:59.499476,820
2021-09-23 20:44:59.499482,1346
2021-09-23 20:44:59.499488,918
2021-09-23 20:44:59.499494,-355
2021-09-23 20:44:59.499500,-651
2021-09-23 20:44:59.499506,-72
2021-09-23 20:44:59.499512,-57
2021-09-23 20:44:59.499518,-250
2021-09-23 20:44:59.499524,-96
2021-09-23 20:44:59.499530,-33
2021-09-23 20:44:59.499536,-122
2021-09-23 20:44:59.499542,-93
2021-09-23 20:44:59.499548,-40
2021-09-23 20:44:59.499553,-48
2021-09-23 20:44:59.499559,-26
2021-09-23 20:44:59.499565,-19
2021-09-23 20:44:59.499571,-38
2021-09-23 20:44:59.724404,-16
2021-09-23 20:44:59.724426,4
2021-09-23 20:44:59.724433,-16
2021-09-23 20:44:59.724440,-19
2021-09-23 20:44:59.724446,36
2021-09-23 20:44:59.724452,76
2021-09-23 20:44:59.724458,64
2021-09-23 20:44:59.724464,52
2021-09-23 20:44:59.724477,64
2021-09-23 20:44:59.724483,74
2021-09-23 20:44:59.724489,86
2021-09-23 20:44:59.724495,105
2021-09-23 20:44:59.724501,110
2021-09-23 20:44:59.724507,103
2021-09-23 20:44:59.724513,101
2021-09-23 20:44:59.724519,67
2021-09-23 20:44:59.724526,12
2021-09-23 20:44:59.724531,2
2021-09-23 20:44:59.724538,-16
2021-09-23 20:44:59.724544,-62
2021-09-23 20:44:59.724550,-76
2021-09-23 20:44:59.724556,-91
2021-09-23 20:44:59.724562,-120
2021-09-23 20:44:59.724568,-127
2021-09-23 20:44:59.724574,-101
2021-09-23 20:44:59.724580,-93
2021-09-23 20:44:59.724586,-113
2021-09-23 20:44:59.724592,-103
2021-09-23 20:44:59.724598,-76
2021-09-23 20:44:59.724604,-96
2021-09-23 20:45:00.038098,-139
2021-09-23 20:45:00.038145,-103
2021-09-23 20:45:00.038152,-38
2021-09-23 20:45:00.038159,-55
2021-09-23 20:45:00.038165,-64
2021-09-23 20:45:00.038171,-33
2021-09-23 20:45:00.038178,-40
2021-09-23 20:45:00.038184,-57
2021-09-23 20:45:00.038190,-69
2021-09-23 20:45:00.038196,-86
2021-09-23 20:45:00.038202,-79
2021-09-23 20:45:00.038208,-55
2021-09-23 20:45:00.038214,-52
2021-09-23 20:45:00.038221,-60
2021-09-23 20:45:00.038227,-57
2021-09-23 20:45:00.038233,-64
2021-09-23 20:45:00.038239,-74
2021-09-23 20:45:00.038245,-67
2021-09-23 20:45:00.038251,-57
2021-09-23 20:45:00.038257,-67
2021-09-23 20:45:00.038263,-50
2021-09-23 20:45:00.038269,-16
2021-09-23 20:45:00.038275,-28
2021-09-23 20:45:00.038281,-72
2021-09-23 20:45:00.038287,-76
2021-09-23 20:45:00.038293,-45
2021-09-23 20:45:00.038299,-43
2021-09-23 20:45:00.038305,-40
2021-09-23 20:45:00.038317,-14
2021-09-23 20:45:00.038324,-19
2021-09-23 20:45:00.174335,-24
2021-09-23 20:45:00.174357,-21
2021-09-23 20:45:00.174365,-19
2021-09-23 20:45:00.174372,16
2021-09-23 20:45:00.174378,16
2021-09-23 20:45:00.174385,-48
2021-09-23 20:45:00.174391,-60
2021-09-23 20:45:00.174397,9
2021-09-23 20:45:00.174403,24
2021-09-23 20:45:00.174410,-2
2021-09-23 20:45:00.174416,103
2021-09-23 20:45:00.174422,432
2021-09-23 20:45:00.174428,997
2021-09-23 20:45:00.174434,1385
2021-09-23 20:45:00.174441,649
2021-09-23 20:45:00.174447,-569
2021-09-23 20:45:00.174455,-536
2021-09-23 20:45:00.174462,4
2021-09-23 20:45:00.174468,-137
2021-09-23 20:45:00.174474,-238
2021-09-23 20:45:00.174480,-67
2021-09-23 20:45:00.174487,-91
2021-09-23 20:45:00.174493,-132
2021-09-23 20:45:00.174499,-48
2021-09-23 20:45:00.174505,-38
2021-09-23 20:45:00.174512,-72
2021-09-23 20:45:00.174518,-40
2021-09-23 20:45:00.174524,-26
2021-09-23 20:45:00.174530,-36
2021-09-23 20:45:00.174536,4
2021-09-23 20:45:00.399309,28
2021-09-23 20:45:00.399329,4
2021-09-23 20:45:00.399337,4
2021-09-23 20:45:00.399343,40
2021-09-23 20:45:00.399349,43
2021-09-23 20:45:00.399355,24
2021-09-23 20:45:00.399362,28
2021-09-23 20:45:00.399368,33
2021-09-23 20:45:00.399374,69
2021-09-23 20:45:00.399380,132
2021-09-23 20:45:00.399386,127
2021-09-23 20:45:00.399392,93
2021-09-23 20:45:00.399398,88
2021-09-23 20:45:00.399404,60
2021-09-23 20:45:00.399410,9
2021-09-23 20:45:00.399417,-16
2021-09-23 20:45:00.399430,-9
2021-09-23 20:45:00.399437,-21
2021-09-23 20:45:00.399446,-72
2021-09-23 20:45:00.399453,-115
2021-09-23 20:45:00.399459,-149
2021-09-23 20:45:00.399465,-177
2021-09-23 20:45:00.399471,-158
2021-09-23 20:45:00.399477,-115
2021-09-23 20:45:00.399484,-120
2021-09-23 20:45:00.399490,-139
2021-09-23 20:45:00.399496,-103
2021-09-23 20:45:00.399502,-88
2021-09-23 20:45:00.399508,-117
2021-09-23 20:45:00.399514,-122
2021-09-23 20:45:00.668810,-125
2021-09-23 20:45:00.668831,-125
2021-09-23 20:45:00.668838,-72
2021-09-23 20:45:00.668845,-48
2021-09-23 20:45:00.668851,-84
2021-09-23 20:45:00.668857,-96
2021-09-23 20:45:00.668863,-79
2021-09-23 20:45:00.668870,-84
2021-09-23 20:45:00.668876,-86
2021-09-23 20:45:00.668882,-74
2021-09-23 20:45:00.668888,-67
2021-09-23 20:45:00.668894,-36
2021-09-23 20:45:00.668900,-14
2021-09-23 20:45:00.668906,-48
2021-09-23 20:45:00.668912,-81
2021-09-23 20:45:00.668918,-81
2021-09-23 20:45:00.668924,-67
2021-09-23 20:45:00.668930,-74
2021-09-23 20:45:00.668936,-84
2021-09-23 20:45:00.668942,-57
2021-09-23 20:45:00.668948,-45
2021-09-23 20:45:00.668954,-50
2021-09-23 20:45:00.668960,-26
2021-09-23 20:45:00.668966,-43
2021-09-23 20:45:00.668973,-72
2021-09-23 20:45:00.668979,-43
2021-09-23 20:45:00.668985,-14
2021-09-23 20:45:00.668991,-14
2021-09-23 20:45:00.668997,-24
2021-09-23 20:45:00.669003,-38
2021-09-23 20:45:00.849386,-33
2021-09-23 20:45:00.849409,-28
2021-09-23 20:45:00.849416,-28
2021-09-23 20:45:00.849423,-14
2021-09-23 20:45:00.849429,-2
2021-09-23 20:45:00.849435,4
2021-09-23 20:45:00.849442,64
2021-09-23 20:45:00.849448,288
2021-09-23 20:45:00.849460,783
2021-09-23 20:45:00.849467,1243
2021-09-23 20:45:00.849473,694
2021-09-23 20:45:00.849479,-541
2021-09-23 20:45:00.849485,-646
2021-09-23 20:45:00.849491,2
2021-09-23 20:45:00.849497,-48
2021-09-23 20:45:00.849503,-259
2021-09-23 20:45:00.849509,-96
2021-09-23 20:45:00.849515,-40
2021-09-23 20:45:00.849521,-120
2021-09-23 20:45:00.849528,-91
2021-09-23 20:45:00.849534,-50
2021-09-23 20:45:00.849540,-40
2021-09-23 20:45:00.849545,-19
2021-09-23 20:45:00.849552,-31
2021-09-23 20:45:00.849558,-52
2021-09-23 20:45:00.849563,-26
2021-09-23 20:45:00.849569,-9
2021-09-23 20:45:00.849575,-26
2021-09-23 20:45:00.849581,-4
2021-09-23 20:45:00.849587,50
2021-09-23 20:45:01.074396,48
2021-09-23 20:45:01.074417,43
2021-09-23 20:45:01.074425,81
2021-09-23 20:45:01.074431,91
2021-09-23 20:45:01.074438,81
2021-09-23 20:45:01.074444,93
2021-09-23 20:45:01.074450,98
2021-09-23 20:45:01.074456,101
2021-09-23 20:45:01.074462,96
2021-09-23 20:45:01.074468,48
2021-09-23 20:45:01.074474,9
2021-09-23 20:45:01.074480,28
2021-09-23 20:45:01.074486,9
2021-09-23 20:45:01.074492,-72
2021-09-23 20:45:01.074498,-103
2021-09-23 20:45:01.074505,-101
2021-09-23 20:45:01.074511,-125
2021-09-23 20:45:01.074517,-151
2021-09-23 20:45:01.074523,-168
2021-09-23 20:45:01.074528,-182
2021-09-23 20:45:01.074535,-163
2021-09-23 20:45:01.074541,-115
2021-09-23 20:45:01.074547,-122
2021-09-23 20:45:01.074553,-146
2021-09-23 20:45:01.074559,-98
2021-09-23 20:45:01.074565,-45
2021-09-23 20:45:01.074571,-72
2021-09-23 20:45:01.074577,-105
2021-09-23 20:45:01.074593,-81
2021-09-23 20:45:01.074600,-62
2021-09-23 20:45:01.299402,-79
2021-09-23 20:45:01.299424,-72
2021-09-23 20:45:01.299431,-31
2021-09-23 20:45:01.299438,-26
2021-09-23 20:45:01.299444,-62
2021-09-23 20:45:01.299450,-62
2021-09-23 20:45:01.299456,-33
2021-09-23 20:45:01.299462,-55
2021-09-23 20:45:01.299468,-79
2021-09-23 20:45:01.299474,-60
2021-09-23 20:45:01.299480,-57
2021-09-23 20:45:01.299486,-64
2021-09-23 20:45:01.299492,-67
2021-09-23 20:45:01.299498,-72
2021-09-23 20:45:01.299504,-36
2021-09-23 20:45:01.299510,-4
2021-09-23 20:45:01.299516,-19
2021-09-23 20:45:01.299522,-14
2021-09-23 20:45:01.299528,2
2021-09-23 20:45:01.299534,-19
2021-09-23 20:45:01.299541,-40
2021-09-23 20:45:01.299547,-52
2021-09-23 20:45:01.299560,-67
2021-09-23 20:45:01.299567,-69
2021-09-23 20:45:01.299573,-26
2021-09-23 20:45:01.299579,64
2021-09-23 20:45:01.299585,271
2021-09-23 20:45:01.299591,711
2021-09-23 20:45:01.299597,1192
2021-09-23 20:45:01.299603,822
2021-09-23 20:45:01.569408,-370
2021-09-23 20:45:01.569430,-699
2021-09-23 20:45:01.569438,-117
2021-09-23 20:45:01.569444,-43
2021-09-23 20:45:01.569451,-235
2021-09-23 20:45:01.569457,-108
2021-09-23 20:45:01.569463,-45
2021-09-23 20:45:01.569469,-115
2021-09-23 20:45:01.569475,-69
2021-09-23 20:45:01.569481,-50
2021-09-23 20:45:01.569487,-86
2021-09-23 20:45:01.569493,-33
2021-09-23 20:45:01.569499,14
2021-09-23 20:45:01.569505,4
2021-09-23 20:45:01.569511,9
2021-09-23 20:45:01.569518,16
2021-09-23 20:45:01.569524,21
2021-09-23 20:45:01.569530,21
2021-09-23 20:45:01.569545,26
2021-09-23 20:45:01.569552,86
2021-09-23 20:45:01.569558,110
2021-09-23 20:45:01.569564,57
2021-09-23 20:45:01.569570,67
2021-09-23 20:45:01.569576,122
2021-09-23 20:45:01.569582,132
2021-09-23 20:45:01.569588,144
2021-09-23 20:45:01.569594,156
2021-09-23 20:45:01.569600,134
2021-09-23 20:45:01.569606,103
2021-09-23 20:45:01.569612,69
2021-09-23 20:45:01.839402,36
2021-09-23 20:45:01.839422,2
2021-09-23 20:45:01.839430,-60
2021-09-23 20:45:01.839436,-110
2021-09-23 20:45:01.839442,-96
2021-09-23 20:45:01.839448,-91
2021-09-23 20:45:01.839455,-105
2021-09-23 20:45:01.839461,-101
2021-09-23 20:45:01.839467,-108
2021-09-23 20:45:01.839473,-125
2021-09-23 20:45:01.839479,-117
2021-09-23 20:45:01.839485,-122
2021-09-23 20:45:01.839491,-117
2021-09-23 20:45:01.839497,-96
2021-09-23 20:45:01.839503,-105
2021-09-23 20:45:01.839509,-105
2021-09-23 20:45:01.839515,-72
2021-09-23 20:45:01.839521,-52
2021-09-23 20:45:01.839527,-57
2021-09-23 20:45:01.839533,-64
2021-09-23 20:45:01.839540,-72
2021-09-23 20:45:01.839546,-84
2021-09-23 20:45:01.839552,-81
2021-09-23 20:45:01.839558,-45
2021-09-23 20:45:01.839564,-24
2021-09-23 20:45:01.839570,-50
2021-09-23 20:45:01.839576,-64
2021-09-23 20:45:01.839582,-52
2021-09-23 20:45:01.839588,-48
2021-09-23 20:45:01.839594,-48
2021-09-23 20:45:02.063047,-50
2021-09-23 20:45:02.063068,-64
2021-09-23 20:45:02.063075,-86
2021-09-23 20:45:02.063082,-79
2021-09-23 20:45:02.063088,-60
2021-09-23 20:45:02.063094,-48
2021-09-23 20:45:02.063101,-19
2021-09-23 20:45:02.063107,-12
2021-09-23 20:45:02.063113,-24
2021-09-23 20:45:02.063119,-26
2021-09-23 20:45:02.063125,-50
2021-09-23 20:45:02.063132,-67
2021-09-23 20:45:02.063138,-43
2021-09-23 20:45:02.063144,-60
2021-09-23 20:45:02.063150,-64
2021-09-23 20:45:02.063157,62
2021-09-23 20:45:02.063163,343
2021-09-23 20:45:02.063169,858
2021-09-23 20:45:02.063175,1358
2021-09-23 20:45:02.063181,820
2021-09-23 20:45:02.063187,-483
2021-09-23 20:45:02.063194,-663
2021-09-23 20:45:02.063200,-69
2021-09-23 20:45:02.063206,-122
2021-09-23 20:45:02.063212,-266
2021-09-23 20:45:02.063218,-50
2021-09-23 20:45:02.063224,-16
2021-09-23 20:45:02.063231,-117
2021-09-23 20:45:02.063237,-62
2021-09-23 20:45:02.063243,-31
2021-09-23 20:45:02.244435,-72
2021-09-23 20:45:02.244458,-57
2021-09-23 20:45:02.244466,-38
2021-09-23 20:45:02.244472,-50
2021-09-23 20:45:02.244479,-40
2021-09-23 20:45:02.244485,-2
2021-09-23 20:45:02.244491,19
2021-09-23 20:45:02.244497,24
2021-09-23 20:45:02.244503,50
2021-09-23 20:45:02.244509,72
2021-09-23 20:45:02.244515,64
2021-09-23 20:45:02.244522,72
2021-09-23 20:45:02.244528,98
2021-09-23 20:45:02.244534,101
2021-09-23 20:45:02.244540,69
2021-09-23 20:45:02.244546,69
2021-09-23 20:45:02.244552,139
2021-09-23 20:45:02.244558,161
2021-09-23 20:45:02.244564,108
2021-09-23 20:45:02.244570,86
2021-09-23 20:45:02.244577,50
2021-09-23 20:45:02.244582,-48
2021-09-23 20:45:02.244589,-84
2021-09-23 20:45:02.244594,-33
2021-09-23 20:45:02.244600,-31
2021-09-23 20:45:02.244607,-88
2021-09-23 20:45:02.244612,-132
2021-09-23 20:45:02.244619,-129
2021-09-23 20:45:02.244636,-103
2021-09-23 20:45:02.244642,-81
2021-09-23 20:45:02.513822,-64
2021-09-23 20:45:02.513844,-64
2021-09-23 20:45:02.513851,-96
2021-09-23 20:45:02.513858,-113
2021-09-23 20:45:02.513864,-101
2021-09-23 20:45:02.513870,-88
2021-09-23 20:45:02.513877,-91
2021-09-23 20:45:02.513883,-103
2021-09-23 20:45:02.513889,-93
2021-09-23 20:45:02.513895,-67
2021-09-23 20:45:02.513901,-48
2021-09-23 20:45:02.513908,-36
2021-09-23 20:45:02.513914,-45
2021-09-23 20:45:02.513920,-67
2021-09-23 20:45:02.513926,-74
2021-09-23 20:45:02.513932,-55
2021-09-23 20:45:02.513939,-62
2021-09-23 20:45:02.513945,-103
2021-09-23 20:45:02.513951,-115
2021-09-23 20:45:02.513957,-64
2021-09-23 20:45:02.513963,-26
2021-09-23 20:45:02.513969,-48
2021-09-23 20:45:02.513975,-67
2021-09-23 20:45:02.513981,-57
2021-09-23 20:45:02.513987,-45
2021-09-23 20:45:02.513993,-40
2021-09-23 20:45:02.513999,-40
2021-09-23 20:45:02.514005,-36
2021-09-23 20:45:02.514011,-21
2021-09-23 20:45:02.514017,-36
2021-09-23 20:45:02.739444,-52
2021-09-23 20:45:02.739467,-36
2021-09-23 20:45:02.739474,-31
2021-09-23 20:45:02.739481,-48
2021-09-23 20:45:02.739487,-16
2021-09-23 20:45:02.739494,64
2021-09-23 20:45:02.739500,303
2021-09-23 20:45:02.739506,844
2021-09-23 20:45:02.739512,1339
2021-09-23 20:45:02.739518,771
2021-09-23 20:45:02.739525,-495
2021-09-23 20:45:02.739531,-658
2021-09-23 20:45:02.739537,-93
2021-09-23 20:45:02.739543,-117
2021-09-23 20:45:02.739549,-257
2021-09-23 20:45:02.739555,-84
2021-09-23 20:45:02.739561,-28
2021-09-23 20:45:02.739567,-122
2021-09-23 20:45:02.739590,-103
2021-09-23 20:45:02.739596,-24
2021-09-23 20:45:02.739603,-14
2021-09-23 20:45:02.739609,-33
2021-09-23 20:45:02.739615,-50
2021-09-23 20:45:02.739621,-52
2021-09-23 20:45:02.739627,-21
2021-09-23 20:45:02.739633,4
2021-09-23 20:45:02.739639,14
2021-09-23 20:45:02.739646,43
2021-09-23 20:45:02.739652,57
2021-09-23 20:45:02.739658,38
2021-09-23 20:45:02.964339,67
2021-09-23 20:45:02.964360,129
2021-09-23 20:45:02.964367,115
2021-09-23 20:45:02.964374,76
2021-09-23 20:45:02.964380,115
2021-09-23 20:45:02.964386,165
2021-09-23 20:45:02.964392,129
2021-09-23 20:45:02.964398,76
2021-09-23 20:45:02.964405,96
2021-09-23 20:45:02.964411,117
2021-09-23 20:45:02.964417,69
2021-09-23 20:45:02.964423,-19
2021-09-23 20:45:02.964429,-64
2021-09-23 20:45:02.964435,-55
2021-09-23 20:45:02.964441,-79
2021-09-23 20:45:02.964447,-129
2021-09-23 20:45:02.964453,-146
2021-09-23 20:45:02.964459,-156
2021-09-23 20:45:02.964465,-144
2021-09-23 20:45:02.964471,-110
2021-09-23 20:45:02.964478,-108
2021-09-23 20:45:02.964484,-108
2021-09-23 20:45:02.964490,-115
2021-09-23 20:45:02.964496,-117
2021-09-23 20:45:02.964502,-57
2021-09-23 20:45:02.964508,-31
2021-09-23 20:45:02.964514,-84
2021-09-23 20:45:02.964520,-93
2021-09-23 20:45:02.964526,-64
2021-09-23 20:45:02.964532,-60
2021-09-23 20:45:03.189327,-50
2021-09-23 20:45:03.189348,-24
2021-09-23 20:45:03.189356,-14
2021-09-23 20:45:03.189362,-38
2021-09-23 20:45:03.189369,-55
2021-09-23 20:45:03.189375,-57
2021-09-23 20:45:03.189381,-76
2021-09-23 20:45:03.189387,-98
2021-09-23 20:45:03.189393,-72
2021-09-23 20:45:03.189399,-31
2021-09-23 20:45:03.189405,-36
2021-09-23 20:45:03.189411,-26
2021-09-23 20:45:03.189418,-9
2021-09-23 20:45:03.189423,-33
2021-09-23 20:45:03.189430,-38
2021-09-23 20:45:03.189436,-24
2021-09-23 20:45:03.189442,-36
2021-09-23 20:45:03.189448,-19
2021-09-23 20:45:03.189454,-4
2021-09-23 20:45:03.189461,-43
2021-09-23 20:45:03.189467,-57
2021-09-23 20:45:03.189473,-48
2021-09-23 20:45:03.189479,-36
2021-09-23 20:45:03.189485,-2
2021-09-23 20:45:03.189492,7
2021-09-23 20:45:03.189498,-16
2021-09-23 20:45:03.189504,84
2021-09-23 20:45:03.189510,447
2021-09-23 20:45:03.189516,1058
2021-09-23 20:45:03.189522,1363
2021-09-23 20:45:03.459361,483
2021-09-23 20:45:03.459380,-670
2021-09-23 20:45:03.459387,-502
2021-09-23 20:45:03.459394,4
2021-09-23 20:45:03.459400,-161
2021-09-23 20:45:03.459406,-202
2021-09-23 20:45:03.459413,-33
2021-09-23 20:45:03.459419,-69
2021-09-23 20:45:03.459425,-86
2021-09-23 20:45:03.459431,-28
2021-09-23 20:45:03.459437,-38
2021-09-23 20:45:03.459443,-43
2021-09-23 20:45:03.459449,-31
2021-09-23 20:45:03.459456,-31
2021-09-23 20:45:03.459462,4
2021-09-23 20:45:03.459468,21
2021-09-23 20:45:03.459474,9
2021-09-23 20:45:03.459480,28
2021-09-23 20:45:03.459486,50
2021-09-23 20:45:03.459492,38
2021-09-23 20:45:03.459497,26
2021-09-23 20:45:03.459503,45
2021-09-23 20:45:03.459509,81
2021-09-23 20:45:03.459515,108
2021-09-23 20:45:03.459521,122
2021-09-23 20:45:03.459527,132
2021-09-23 20:45:03.459533,125
2021-09-23 20:45:03.459539,115
2021-09-23 20:45:03.459551,134
2021-09-23 20:45:03.459557,129
2021-09-23 20:45:03.684449,67
2021-09-23 20:45:03.684472,28
2021-09-23 20:45:03.684479,4
2021-09-23 20:45:03.684486,-50
2021-09-23 20:45:03.684492,-86
2021-09-23 20:45:03.684498,-91
2021-09-23 20:45:03.684505,-76
2021-09-23 20:45:03.684511,-60
2021-09-23 20:45:03.684517,-91
2021-09-23 20:45:03.684523,-137
2021-09-23 20:45:03.684530,-122
2021-09-23 20:45:03.684536,-105
2021-09-23 20:45:03.684542,-113
2021-09-23 20:45:03.684548,-79
2021-09-23 20:45:03.684554,-55
2021-09-23 20:45:03.684560,-84
2021-09-23 20:45:03.684567,-81
2021-09-23 20:45:03.684573,-72
2021-09-23 20:45:03.684579,-72
2021-09-23 20:45:03.684585,-40
2021-09-23 20:45:03.684591,-26
2021-09-23 20:45:03.684597,-36
2021-09-23 20:45:03.684604,-31
2021-09-23 20:45:03.684610,-19
2021-09-23 20:45:03.684616,7
2021-09-23 20:45:03.684622,-19
2021-09-23 20:45:03.684628,-72
2021-09-23 20:45:03.684635,-50
2021-09-23 20:45:03.684641,-19
2021-09-23 20:45:03.684647,-40
2021-09-23 20:45:03.953864,-36
2021-09-23 20:45:03.953886,-24
2021-09-23 20:45:03.953894,-48
2021-09-23 20:45:03.953900,-40
2021-09-23 20:45:03.953907,-19
2021-09-23 20:45:03.953913,-7
2021-09-23 20:45:03.953919,9
2021-09-23 20:45:03.953925,-7
2021-09-23 20:45:03.953931,-24
2021-09-23 20:45:03.953937,-4
2021-09-23 20:45:03.953943,-19
2021-09-23 20:45:03.953949,-55
2021-09-23 20:45:03.953956,-26
2021-09-23 20:45:03.953962,-19
2021-09-23 20:45:03.953968,-45
2021-09-23 20:45:03.953974,-7
2021-09-23 20:45:03.953980,60
2021-09-23 20:45:03.953986,264
2021-09-23 20:45:03.953999,817
2021-09-23 20:45:03.954006,1327
2021-09-23 20:45:03.954012,750
2021-09-23 20:45:03.954018,-512
2021-09-23 20:45:03.954024,-644
2021-09-23 20:45:03.954030,-48
2021-09-23 20:45:03.954036,-96
2021-09-23 20:45:03.954043,-276
2021-09-23 20:45:03.954049,-122
2021-09-23 20:45:03.954055,-74
2021-09-23 20:45:03.954061,-134
2021-09-23 20:45:03.954067,-79
2021-09-23 20:45:04.223085,-19
2021-09-23 20:45:04.223107,-26
2021-09-23 20:45:04.223115,-31
2021-09-23 20:45:04.223121,-31
2021-09-23 20:45:04.223128,-31
2021-09-23 20:45:04.223134,-12
2021-09-23 20:45:04.223140,12
2021-09-23 20:45:04.223147,9
2021-09-23 20:45:04.223153,24
2021-09-23 20:45:04.223159,79
2021-09-23 20:45:04.223165,101
2021-09-23 20:45:04.223171,93
2021-09-23 20:45:04.223177,93
2021-09-23 20:45:04.223183,103
2021-09-23 20:45:04.223189,105
2021-09-23 20:45:04.223195,101
2021-09-23 20:45:04.223201,134
2021-09-23 20:45:04.223207,165
2021-09-23 20:45:04.223214,141
2021-09-23 20:45:04.223220,117
2021-09-23 20:45:04.223226,108
2021-09-23 20:45:04.223232,52
2021-09-23 20:45:04.223238,-28
2021-09-23 20:45:04.223244,-72
2021-09-23 20:45:04.223250,-103
2021-09-23 20:45:04.223257,-134
2021-09-23 20:45:04.223263,-113
2021-09-23 20:45:04.223269,-88
2021-09-23 20:45:04.223275,-103
2021-09-23 20:45:04.223281,-105
2021-09-23 20:45:04.314443,-98
2021-09-23 20:45:04.314465,-127
2021-09-23 20:45:04.314472,-129
2021-09-23 20:45:04.314478,-105
2021-09-23 20:45:04.314485,-110
2021-09-23 20:45:04.314491,-96
2021-09-23 20:45:04.314497,-60
2021-09-23 20:45:04.314503,-38
2021-09-23 20:45:04.314516,-16
2021-09-23 20:45:04.314523,-14
2021-09-23 20:45:04.314531,-19
2021-09-23 20:45:04.314538,-26
2021-09-23 20:45:04.314544,-60
2021-09-23 20:45:04.314550,-64
2021-09-23 20:45:04.314557,-52
2021-09-23 20:45:04.314563,-81
2021-09-23 20:45:04.314569,-84
2021-09-23 20:45:04.314575,-45
2021-09-23 20:45:04.314581,-36
2021-09-23 20:45:04.314587,-60
2021-09-23 20:45:04.314593,-84
2021-09-23 20:45:04.314599,-84
2021-09-23 20:45:04.314605,-62
2021-09-23 20:45:04.314612,-33
2021-09-23 20:45:04.314618,-31
2021-09-23 20:45:04.314624,-45
2021-09-23 20:45:04.314630,-60
2021-09-23 20:45:04.314636,-79
2021-09-23 20:45:04.314642,-86
2021-09-23 20:45:04.314648,-101
2021-09-23 20:45:04.539462,-101
2021-09-23 20:45:04.539484,-28
2021-09-23 20:45:04.539492,9
2021-09-23 20:45:04.539498,-38
2021-09-23 20:45:04.539505,-52
2021-09-23 20:45:04.539511,-48
2021-09-23 20:45:04.539517,-84
2021-09-23 20:45:04.539523,-88
2021-09-23 20:45:04.539529,-36
2021-09-23 20:45:04.539535,-14
2021-09-23 20:45:04.539541,-55
2021-09-23 20:45:04.539548,-57
2021-09-23 20:45:04.539554,74
2021-09-23 20:45:04.539560,413
2021-09-23 20:45:04.539566,1007
2021-09-23 20:45:04.539572,1332
2021-09-23 20:45:04.539578,483
2021-09-23 20:45:04.539584,-637
2021-09-23 20:45:04.539590,-471
2021-09-23 20:45:04.539596,0
2021-09-23 20:45:04.539602,-204
2021-09-23 20:45:04.539608,-281
2021-09-23 20:45:04.539614,-96
2021-09-23 20:45:04.539620,-117
2021-09-23 20:45:04.539626,-168
2021-09-23 20:45:04.539632,-91
2021-09-23 20:45:04.539638,-60
2021-09-23 20:45:04.539645,-60
2021-09-23 20:45:04.539658,-36
2021-09-23 20:45:04.539665,-45
2021-09-23 20:45:04.854384,-57
2021-09-23 20:45:04.854403,-26
2021-09-23 20:45:04.854411,-7
2021-09-23 20:45:04.854417,-14
2021-09-23 20:45:04.854423,0
2021-09-23 20:45:04.854429,16
2021-09-23 20:45:04.854435,28
2021-09-23 20:45:04.854441,57
2021-09-23 20:45:04.854447,72
2021-09-23 20:45:04.854453,74
2021-09-23 20:45:04.854459,120
2021-09-23 20:45:04.854465,146
2021-09-23 20:45:04.854471,113
2021-09-23 20:45:04.854477,96
2021-09-23 20:45:04.854483,103
2021-09-23 20:45:04.854489,105
2021-09-23 20:45:04.854495,96
2021-09-23 20:45:04.854500,55
2021-09-23 20:45:04.854506,-2
2021-09-23 20:45:04.854513,-50
2021-09-23 20:45:04.854518,-62
2021-09-23 20:45:04.854524,-50
2021-09-23 20:45:04.854530,-96
2021-09-23 20:45:04.854536,-156
2021-09-23 20:45:04.854542,-117
2021-09-23 20:45:04.854548,-72
2021-09-23 20:45:04.854554,-110
2021-09-23 20:45:04.854560,-120
2021-09-23 20:45:04.854566,-76
2021-09-23 20:45:04.854572,-86
2021-09-23 20:45:04.989461,-120
2021-09-23 20:45:04.989482,-115
2021-09-23 20:45:04.989490,-105
2021-09-23 20:45:04.989496,-88
2021-09-23 20:45:04.989502,-52
2021-09-23 20:45:04.989508,-57
2021-09-23 20:45:04.989514,-64
2021-09-23 20:45:04.989520,-28
2021-09-23 20:45:04.989526,-40
2021-09-23 20:45:04.989532,-62
2021-09-23 20:45:04.989538,-36
2021-09-23 20:45:04.989544,-50
2021-09-23 20:45:04.989551,-79
2021-09-23 20:45:04.989557,-33
2021-09-23 20:45:04.989563,-14
2021-09-23 20:45:04.989569,-52
2021-09-23 20:45:04.989575,-45
2021-09-23 20:45:04.989581,-28
2021-09-23 20:45:04.989594,-52
2021-09-23 20:45:04.989600,-43
2021-09-23 20:45:04.989606,-28
2021-09-23 20:45:04.989612,-62
2021-09-23 20:45:04.989618,-67
2021-09-23 20:45:04.989624,-26
2021-09-23 20:45:04.989630,-21
2021-09-23 20:45:04.989636,-57
2021-09-23 20:45:04.989642,-60
2021-09-23 20:45:04.989648,-40
2021-09-23 20:45:04.989654,-45
2021-09-23 20:45:04.989660,-48
2021-09-23 20:45:05.259387,-40
2021-09-23 20:45:05.259406,-62
2021-09-23 20:45:05.259413,-74
2021-09-23 20:45:05.259420,-45
2021-09-23 20:45:05.259426,-28
2021-09-23 20:45:05.259433,-19
2021-09-23 20:45:05.259439,-4
2021-09-23 20:45:05.259445,-21
2021-09-23 20:45:05.259451,-57
2021-09-23 20:45:05.259457,-60
2021-09-23 20:45:05.259463,-28
2021-09-23 20:45:05.259470,-19
2021-09-23 20:45:05.259476,-28
2021-09-23 20:45:05.259482,28
2021-09-23 20:45:05.259488,242
2021-09-23 20:45:05.259495,728
2021-09-23 20:45:05.259507,1325
2021-09-23 20:45:05.259514,1086
2021-09-23 20:45:05.259521,-180
2021-09-23 20:45:05.259527,-723
2021-09-23 20:45:05.259533,-173
2021-09-23 20:45:05.259539,-33
2021-09-23 20:45:05.259545,-266
2021-09-23 20:45:05.259552,-149
2021-09-23 20:45:05.259558,-36
2021-09-23 20:45:05.259564,-105
2021-09-23 20:45:05.259570,-108
2021-09-23 20:45:05.259576,-60
2021-09-23 20:45:05.259583,-38
2021-09-23 20:45:05.259589,-40
2021-09-23 20:45:05.529466,-50
2021-09-23 20:45:05.529487,-31
2021-09-23 20:45:05.529494,-7
2021-09-23 20:45:05.529500,-16
2021-09-23 20:45:05.529507,0
2021-09-23 20:45:05.529513,52
2021-09-23 20:45:05.529519,45
2021-09-23 20:45:05.529525,9
2021-09-23 20:45:05.529539,45
2021-09-23 20:45:05.529545,93
2021-09-23 20:45:05.529551,76
2021-09-23 20:45:05.529558,62
2021-09-23 20:45:05.529564,93
2021-09-23 20:45:05.529569,108
2021-09-23 20:45:05.529576,115
2021-09-23 20:45:05.529582,134
2021-09-23 20:45:05.529588,115
2021-09-23 20:45:05.529594,86
2021-09-23 20:45:05.529599,69
2021-09-23 20:45:05.529605,19
2021-09-23 20:45:05.529611,-38
2021-09-23 20:45:05.529617,-52
2021-09-23 20:45:05.529623,-64
2021-09-23 20:45:05.529629,-81
2021-09-23 20:45:05.529635,-105
2021-09-23 20:45:05.529642,-127
2021-09-23 20:45:05.529647,-117
2021-09-23 20:45:05.529653,-103
2021-09-23 20:45:05.529659,-115
2021-09-23 20:45:05.529665,-129
2021-09-23 20:45:05.709425,-117
2021-09-23 20:45:05.709447,-110
2021-09-23 20:45:05.709454,-132
2021-09-23 20:45:05.709461,-141
2021-09-23 20:45:05.709467,-122
2021-09-23 20:45:05.709473,-103
2021-09-23 20:45:05.709479,-91
2021-09-23 20:45:05.709485,-76
2021-09-23 20:45:05.709491,-62
2021-09-23 20:45:05.709497,-52
2021-09-23 20:45:05.709503,-45
2021-09-23 20:45:05.709509,-43
2021-09-23 20:45:05.709515,-43
2021-09-23 20:45:05.709521,-55
2021-09-23 20:45:05.709527,-76
2021-09-23 20:45:05.709533,-81
2021-09-23 20:45:05.709539,-55
2021-09-23 20:45:05.709545,-48
2021-09-23 20:45:05.709551,-50
2021-09-23 20:45:05.709557,-28
2021-09-23 20:45:05.709563,-33
2021-09-23 20:45:05.709569,-64
2021-09-23 20:45:05.709575,-76
2021-09-23 20:45:05.709581,-69
2021-09-23 20:45:05.709587,-60
2021-09-23 20:45:05.709593,-69
2021-09-23 20:45:05.709600,-69
2021-09-23 20:45:05.709606,-40
2021-09-23 20:45:05.709620,-24
2021-09-23 20:45:05.709626,-26
2021-09-23 20:45:05.934409,-50
2021-09-23 20:45:05.934429,-79
2021-09-23 20:45:05.934437,-60
2021-09-23 20:45:05.934443,-43
2021-09-23 20:45:05.934449,-55
2021-09-23 20:45:05.934455,-55
2021-09-23 20:45:05.934462,-45
2021-09-23 20:45:05.934468,-38
2021-09-23 20:45:05.934474,-36
2021-09-23 20:45:05.934480,-36
2021-09-23 20:45:05.934486,-14
2021-09-23 20:45:05.934492,-14
2021-09-23 20:45:05.934498,-31
2021-09-23 20:45:05.934504,-36
2021-09-23 20:45:05.934510,-38
2021-09-23 20:45:05.934516,-60
2021-09-23 20:45:05.934522,-76
2021-09-23 20:45:05.934528,-57
2021-09-23 20:45:05.934534,-9
2021-09-23 20:45:05.934540,57
2021-09-23 20:45:05.934546,322
2021-09-23 20:45:05.934552,913
2021-09-23 20:45:05.934559,1363
2021-09-23 20:45:05.934565,654
2021-09-23 20:45:05.934571,-627
2021-09-23 20:45:05.934577,-637
2021-09-23 20:45:05.934583,-16
2021-09-23 20:45:05.934589,-120
2021-09-23 20:45:05.934595,-286
2021-09-23 20:45:05.934601,-105
2021-09-23 20:45:06.203189,-60
2021-09-23 20:45:06.203212,-127
2021-09-23 20:45:06.203219,-93
2021-09-23 20:45:06.203226,-52
2021-09-23 20:45:06.203232,-50
2021-09-23 20:45:06.203238,-33
2021-09-23 20:45:06.203274,-31
2021-09-23 20:45:06.203281,-45
2021-09-23 20:45:06.203287,-19
2021-09-23 20:45:06.203293,24
2021-09-23 20:45:06.203299,36
2021-09-23 20:45:06.203305,14
2021-09-23 20:45:06.203311,7
2021-09-23 20:45:06.203317,43
2021-09-23 20:45:06.203323,45
2021-09-23 20:45:06.203329,26
2021-09-23 20:45:06.203335,76
2021-09-23 20:45:06.203341,144
2021-09-23 20:45:06.203347,146
2021-09-23 20:45:06.203353,137
2021-09-23 20:45:06.203359,149
2021-09-23 20:45:06.203365,129
2021-09-23 20:45:06.203377,103
2021-09-23 20:45:06.203384,115
2021-09-23 20:45:06.203390,88
2021-09-23 20:45:06.203396,-12
2021-09-23 20:45:06.203403,-69
2021-09-23 20:45:06.203409,-60
2021-09-23 20:45:06.203415,-69
2021-09-23 20:45:06.203421,-105
2021-09-23 20:45:06.384455,-93
2021-09-23 20:45:06.384476,-84
2021-09-23 20:45:06.384483,-134
2021-09-23 20:45:06.384490,-161
2021-09-23 20:45:06.384496,-161
2021-09-23 20:45:06.384502,-158
2021-09-23 20:45:06.384508,-122
2021-09-23 20:45:06.384514,-122
2021-09-23 20:45:06.384521,-156
2021-09-23 20:45:06.384527,-127
2021-09-23 20:45:06.384533,-88
2021-09-23 20:45:06.384539,-110
2021-09-23 20:45:06.384545,-113
2021-09-23 20:45:06.384551,-79
2021-09-23 20:45:06.384557,-84
2021-09-23 20:45:06.384563,-86
2021-09-23 20:45:06.384569,-48
2021-09-23 20:45:06.384575,-43
2021-09-23 20:45:06.384581,-60
2021-09-23 20:45:06.384587,-55
2021-09-23 20:45:06.384593,-79
2021-09-23 20:45:06.384599,-101
2021-09-23 20:45:06.384605,-76
2021-09-23 20:45:06.384611,-57
2021-09-23 20:45:06.384617,-48
2021-09-23 20:45:06.384623,-38
2021-09-23 20:45:06.384629,-38
2021-09-23 20:45:06.384635,-48
2021-09-23 20:45:06.384641,-67
2021-09-23 20:45:06.384647,-69
2021-09-23 20:45:06.609540,-60
2021-09-23 20:45:06.609563,-76
2021-09-23 20:45:06.609571,-69
2021-09-23 20:45:06.609577,-21
2021-09-23 20:45:06.609583,-14
2021-09-23 20:45:06.609589,-33
2021-09-23 20:45:06.609596,-24
2021-09-23 20:45:06.609602,-28
2021-09-23 20:45:06.609615,-43
2021-09-23 20:45:06.609621,-38
2021-09-23 20:45:06.609627,-48
2021-09-23 20:45:06.609633,-60
2021-09-23 20:45:06.609640,-26
2021-09-23 20:45:06.609646,2
2021-09-23 20:45:06.609652,9
2021-09-23 20:45:06.609658,194
2021-09-23 20:45:06.609665,707
2021-09-23 20:45:06.609671,1286
2021-09-23 20:45:06.609677,1012
2021-09-23 20:45:06.609684,-235
2021-09-23 20:45:06.609690,-735
2021-09-23 20:45:06.609696,-175
2021-09-23 20:45:06.609702,-38
2021-09-23 20:45:06.609708,-242
2021-09-23 20:45:06.609714,-115
2021-09-23 20:45:06.609721,-43
2021-09-23 20:45:06.609727,-129
2021-09-23 20:45:06.609735,-69
2021-09-23 20:45:06.609741,4
2021-09-23 20:45:06.609747,-38
2021-09-23 20:45:06.879509,-48
2021-09-23 20:45:06.879531,0
2021-09-23 20:45:06.879538,7
2021-09-23 20:45:06.879545,0
2021-09-23 20:45:06.879551,14
2021-09-23 20:45:06.879557,24
2021-09-23 20:45:06.879564,7
2021-09-23 20:45:06.879570,14
2021-09-23 20:45:06.879576,62
2021-09-23 20:45:06.879582,72
2021-09-23 20:45:06.879588,60
2021-09-23 20:45:06.879594,81
2021-09-23 20:45:06.879600,122
2021-09-23 20:45:06.879606,137
2021-09-23 20:45:06.879612,141
2021-09-23 20:45:06.879619,158
2021-09-23 20:45:06.879625,161
2021-09-23 20:45:06.879631,144
2021-09-23 20:45:06.879637,127
2021-09-23 20:45:06.879643,86
2021-09-23 20:45:06.879649,24
2021-09-23 20:45:06.879655,-31
2021-09-23 20:45:06.879661,-76
2021-09-23 20:45:06.879667,-103
2021-09-23 20:45:06.879673,-81
2021-09-23 20:45:06.879680,-81
2021-09-23 20:45:06.879686,-151
2021-09-23 20:45:06.879692,-177
2021-09-23 20:45:06.879708,-146
2021-09-23 20:45:06.879714,-153
2021-09-23 20:45:07.104903,-163
2021-09-23 20:45:07.104922,-144
2021-09-23 20:45:07.104929,-144
2021-09-23 20:45:07.104935,-161
2021-09-23 20:45:07.104941,-144
2021-09-23 20:45:07.104947,-115
2021-09-23 20:45:07.104953,-113
2021-09-23 20:45:07.104958,-93
2021-09-23 20:45:07.104964,-64
2021-09-23 20:45:07.104970,-84
2021-09-23 20:45:07.104976,-93
2021-09-23 20:45:07.104981,-48
2021-09-23 20:45:07.104987,-38
2021-09-23 20:45:07.104993,-69
2021-09-23 20:45:07.104999,-52
2021-09-23 20:45:07.105004,-45
2021-09-23 20:45:07.105009,-81
2021-09-23 20:45:07.105015,-74
2021-09-23 20:45:07.105021,-50
2021-09-23 20:45:07.105027,-55
2021-09-23 20:45:07.105033,-69
2021-09-23 20:45:07.105038,-43
2021-09-23 20:45:07.105044,2
2021-09-23 20:45:07.105049,-14
2021-09-23 20:45:07.105054,-50
2021-09-23 20:45:07.105059,-38
2021-09-23 20:45:07.105065,-36
2021-09-23 20:45:07.105070,-33
2021-09-23 20:45:07.105082,-2
2021-09-23 20:45:07.105089,-16
2021-09-23 20:45:07.374502,-50
2021-09-23 20:45:07.374523,-31
2021-09-23 20:45:07.374530,-19
2021-09-23 20:45:07.374537,-40
2021-09-23 20:45:07.374543,-21
2021-09-23 20:45:07.374549,21
2021-09-23 20:45:07.374556,40
2021-09-23 20:45:07.374562,28
2021-09-23 20:45:07.374568,-4
2021-09-23 20:45:07.374574,-50
2021-09-23 20:45:07.374581,-60
2021-09-23 20:45:07.374587,-7
2021-09-23 20:45:07.374593,26
2021-09-23 20:45:07.374600,-9
2021-09-23 20:45:07.374606,-16
2021-09-23 20:45:07.374613,72
2021-09-23 20:45:07.374619,324
2021-09-23 20:45:07.374625,865
2021-09-23 20:45:07.374638,1401
2021-09-23 20:45:07.374645,880
2021-09-23 20:45:07.374651,-430
2021-09-23 20:45:07.374657,-663
2021-09-23 20:45:07.374664,-91
2021-09-23 20:45:07.374670,-88
2021-09-23 20:45:07.374676,-240
2021-09-23 20:45:07.374682,-105
2021-09-23 20:45:07.374688,-55
2021-09-23 20:45:07.374695,-110
2021-09-23 20:45:07.374701,-91
2021-09-23 20:45:07.374707,-31
2021-09-23 20:45:07.554496,0
2021-09-23 20:45:07.554516,-19
2021-09-23 20:45:07.554524,-50
2021-09-23 20:45:07.554530,-55
2021-09-23 20:45:07.554536,-31
2021-09-23 20:45:07.554542,-4
2021-09-23 20:45:07.554548,-7
2021-09-23 20:45:07.554555,-19
2021-09-23 20:45:07.554561,12
2021-09-23 20:45:07.554567,52
2021-09-23 20:45:07.554573,55
2021-09-23 20:45:07.554579,45
2021-09-23 20:45:07.554585,64
2021-09-23 20:45:07.554591,93
2021-09-23 20:45:07.554597,108
2021-09-23 20:45:07.554603,122
2021-09-23 20:45:07.554609,141
2021-09-23 20:45:07.554615,132
2021-09-23 20:45:07.554621,115
2021-09-23 20:45:07.554627,93
2021-09-23 20:45:07.554633,33
2021-09-23 20:45:07.554639,-9
2021-09-23 20:45:07.554645,-16
2021-09-23 20:45:07.554651,-50
2021-09-23 20:45:07.554657,-108
2021-09-23 20:45:07.554663,-127
2021-09-23 20:45:07.554668,-117
2021-09-23 20:45:07.554674,-129
2021-09-23 20:45:07.554681,-153
2021-09-23 20:45:07.554687,-137
2021-09-23 20:45:07.869539,-108
2021-09-23 20:45:07.869562,-115
2021-09-23 20:45:07.869569,-117
2021-09-23 20:45:07.869576,-113
2021-09-23 20:45:07.869582,-113
2021-09-23 20:45:07.869588,-110
2021-09-23 20:45:07.869595,-110
2021-09-23 20:45:07.869601,-96
2021-09-23 20:45:07.869615,-76
2021-09-23 20:45:07.869622,-98
2021-09-23 20:45:07.869627,-93
2021-09-23 20:45:07.869632,-43
2021-09-23 20:45:07.869638,-31
2021-09-23 20:45:07.869643,-62
2021-09-23 20:45:07.869648,-62
2021-09-23 20:45:07.869654,-40
2021-09-23 20:45:07.869660,-43
2021-09-23 20:45:07.869666,-52
2021-09-23 20:45:07.869671,-38
2021-09-23 20:45:07.869677,-31
2021-09-23 20:45:07.869683,-64
2021-09-23 20:45:07.869689,-57
2021-09-23 20:45:07.869695,-21
2021-09-23 20:45:07.869701,-40
2021-09-23 20:45:07.869708,-50
2021-09-23 20:45:07.869714,-28
2021-09-23 20:45:07.869720,-33
2021-09-23 20:45:07.869726,-28
2021-09-23 20:45:07.869732,-16
2021-09-23 20:45:07.869738,-19
2021-09-23 20:45:08.004503,-19
2021-09-23 20:45:08.004525,-31
2021-09-23 20:45:08.004533,-38
2021-09-23 20:45:08.004539,-19
2021-09-23 20:45:08.004545,-16
2021-09-23 20:45:08.004552,-24
2021-09-23 20:45:08.004558,0
2021-09-23 20:45:08.004564,24
2021-09-23 20:45:08.004570,9
2021-09-23 20:45:08.004577,-21
2021-09-23 20:45:08.004583,-21
2021-09-23 20:45:08.004589,2
2021-09-23 20:45:08.004595,-2
2021-09-23 20:45:08.004601,-36
2021-09-23 20:45:08.004607,-26
2021-09-23 20:45:08.004613,16
2021-09-23 20:45:08.004619,60
2021-09-23 20:45:08.004625,271
2021-09-23 20:45:08.004631,820
2021-09-23 20:45:08.004637,1392
2021-09-23 20:45:08.004643,945
2021-09-23 20:45:08.004649,-363
2021-09-23 20:45:08.004655,-651
2021-09-23 20:45:08.004662,-52
2021-09-23 20:45:08.004668,-55
2021-09-23 20:45:08.004674,-271
2021-09-23 20:45:08.004680,-132
2021-09-23 20:45:08.004686,-69
2021-09-23 20:45:08.004699,-134
2021-09-23 20:45:08.004706,-103
2021-09-23 20:45:08.273168,-69
2021-09-23 20:45:08.273189,-60
2021-09-23 20:45:08.273196,-19
2021-09-23 20:45:08.273203,-24
2021-09-23 20:45:08.273209,-48
2021-09-23 20:45:08.273215,-16
2021-09-23 20:45:08.273222,-2
2021-09-23 20:45:08.273228,-7
2021-09-23 20:45:08.273234,12
2021-09-23 20:45:08.273240,28
2021-09-23 20:45:08.273246,31
2021-09-23 20:45:08.273252,33
2021-09-23 20:45:08.273258,36
2021-09-23 20:45:08.273265,55
2021-09-23 20:45:08.273271,93
2021-09-23 20:45:08.273277,129
2021-09-23 20:45:08.273283,139
2021-09-23 20:45:08.273289,125
2021-09-23 20:45:08.273295,117
2021-09-23 20:45:08.273302,103
2021-09-23 20:45:08.273308,69
2021-09-23 20:45:08.273314,38
2021-09-23 20:45:08.273320,12
2021-09-23 20:45:08.273327,-19
2021-09-23 20:45:08.273333,-57
2021-09-23 20:45:08.273339,-86
2021-09-23 20:45:08.273345,-93
2021-09-23 20:45:08.273351,-101
2021-09-23 20:45:08.273357,-129
2021-09-23 20:45:08.273363,-158
2021-09-23 20:45:08.454532,-156
2021-09-23 20:45:08.454552,-134
2021-09-23 20:45:08.454559,-120
2021-09-23 20:45:08.454566,-125
2021-09-23 20:45:08.454572,-120
2021-09-23 20:45:08.454578,-98
2021-09-23 20:45:08.454584,-103
2021-09-23 20:45:08.454590,-113
2021-09-23 20:45:08.454597,-88
2021-09-23 20:45:08.454603,-74
2021-09-23 20:45:08.454609,-91
2021-09-23 20:45:08.454615,-72
2021-09-23 20:45:08.454621,-40
2021-09-23 20:45:08.454627,-98
2021-09-23 20:45:08.454633,-141
2021-09-23 20:45:08.454639,-64
2021-09-23 20:45:08.454645,-12
2021-09-23 20:45:08.454652,-45
2021-09-23 20:45:08.454667,-57
2021-09-23 20:45:08.454673,-36
2021-09-23 20:45:08.454680,-28
2021-09-23 20:45:08.454686,-21
2021-09-23 20:45:08.454692,-19
2021-09-23 20:45:08.454698,-55
2021-09-23 20:45:08.454704,-81
2021-09-23 20:45:08.454710,-72
2021-09-23 20:45:08.454716,-62
2021-09-23 20:45:08.454722,-50
2021-09-23 20:45:08.454728,-38
2021-09-23 20:45:08.454734,-36
2021-09-23 20:45:08.679508,-4
2021-09-23 20:45:08.679529,16
2021-09-23 20:45:08.679536,-16
2021-09-23 20:45:08.679543,-28
2021-09-23 20:45:08.679549,-14
2021-09-23 20:45:08.679555,-33
2021-09-23 20:45:08.679561,-48
2021-09-23 20:45:08.679567,-38
2021-09-23 20:45:08.679574,-38
2021-09-23 20:45:08.679580,-26
2021-09-23 20:45:08.679586,-4
2021-09-23 20:45:08.679592,9
2021-09-23 20:45:08.679598,26
2021-09-23 20:45:08.679604,24
2021-09-23 20:45:08.679611,-12
2021-09-23 20:45:08.679617,-45
2021-09-23 20:45:08.679623,-50
2021-09-23 20:45:08.679629,-26
2021-09-23 20:45:08.679636,16
2021-09-23 20:45:08.679642,158
2021-09-23 20:45:08.679648,574
2021-09-23 20:45:08.679654,1183
2021-09-23 20:45:08.679660,1219
2021-09-23 20:45:08.679666,134
2021-09-23 20:45:08.679673,-740
2021-09-23 20:45:08.679679,-370
2021-09-23 20:45:08.679685,-21
2021-09-23 20:45:08.679691,-211
2021-09-23 20:45:08.679698,-156
2021-09-23 20:45:08.679704,-7
2021-09-23 20:45:08.948927,-96
2021-09-23 20:45:08.948948,-122
2021-09-23 20:45:08.948956,-50
2021-09-23 20:45:08.948963,-57
2021-09-23 20:45:08.948969,-69
2021-09-23 20:45:08.948975,-33
2021-09-23 20:45:08.948981,-9
2021-09-23 20:45:08.948988,-9
2021-09-23 20:45:08.949001,-14
2021-09-23 20:45:08.949008,-14
2021-09-23 20:45:08.949014,9
2021-09-23 20:45:08.949020,26
2021-09-23 20:45:08.949026,31
2021-09-23 20:45:08.949032,55
2021-09-23 20:45:08.949039,43
2021-09-23 20:45:08.949045,16
2021-09-23 20:45:08.949051,62
2021-09-23 20:45:08.949057,117
2021-09-23 20:45:08.949063,117
2021-09-23 20:45:08.949069,129
2021-09-23 20:45:08.949075,144
2021-09-23 20:45:08.949081,105
2021-09-23 20:45:08.949088,76
2021-09-23 20:45:08.949094,60
2021-09-23 20:45:08.949100,31
2021-09-23 20:45:08.949106,14
2021-09-23 20:45:08.949113,-40
2021-09-23 20:45:08.949119,-110
2021-09-23 20:45:08.949125,-113
2021-09-23 20:45:08.949131,-113
