Time,ECG
2021-09-24 15:14:00.195652,99
2021-09-24 15:14:00.195675,102
2021-09-24 15:14:00.195683,99
2021-09-24 15:14:00.195689,92
2021-09-24 15:14:00.195696,92
2021-09-24 15:14:00.195702,94
2021-09-24 15:14:00.195709,92
2021-09-24 15:14:00.195715,92
2021-09-24 15:14:00.195722,87
2021-09-24 15:14:00.195728,75
2021-09-24 15:14:00.195735,72
2021-09-24 15:14:00.195741,72
2021-09-24 15:14:00.195748,70
2021-09-24 15:14:00.195754,72
2021-09-24 15:14:00.195761,68
2021-09-24 15:14:00.195767,46
2021-09-24 15:14:00.195773,26
2021-09-24 15:14:00.195780,19
2021-09-24 15:14:00.195787,24
2021-09-24 15:14:00.195793,24
2021-09-24 15:14:00.195799,12
2021-09-24 15:14:00.195806,17
2021-09-24 15:14:00.195812,38
2021-09-24 15:14:00.195819,48
2021-09-24 15:14:00.195825,48
2021-09-24 15:14:00.195832,51
2021-09-24 15:14:00.195838,43
2021-09-24 15:14:00.195845,36
2021-09-24 15:14:00.195851,38
2021-09-24 15:14:00.195858,38
2021-09-24 15:14:00.376349,31
2021-09-24 15:14:00.376373,26
2021-09-24 15:14:00.376384,9
2021-09-24 15:14:00.376396,-41
2021-09-24 15:14:00.376409,-148
2021-09-24 15:14:00.376421,-361
2021-09-24 15:14:00.376434,-524
2021-09-24 15:14:00.376442,-335
2021-09-24 15:14:00.376449,172
2021-09-24 15:14:00.376456,612
2021-09-24 15:14:00.376463,568
2021-09-24 15:14:00.376470,204
2021-09-24 15:14:00.376477,48
2021-09-24 15:14:00.376483,38
2021-09-24 15:14:00.376490,-77
2021-09-24 15:14:00.376497,-136
2021-09-24 15:14:00.376504,-99
2021-09-24 15:14:00.376511,-119
2021-09-24 15:14:00.376518,-162
2021-09-24 15:14:00.376525,-165
2021-09-24 15:14:00.376532,-165
2021-09-24 15:14:00.376539,-179
2021-09-24 15:14:00.376546,-187
2021-09-24 15:14:00.376553,-187
2021-09-24 15:14:00.376560,-199
2021-09-24 15:14:00.376567,-218
2021-09-24 15:14:00.376574,-238
2021-09-24 15:14:00.376580,-255
2021-09-24 15:14:00.376587,-272
2021-09-24 15:14:00.376626,-293
2021-09-24 15:14:00.601363,-318
2021-09-24 15:14:00.601387,-352
2021-09-24 15:14:00.601395,-381
2021-09-24 15:14:00.601401,-400
2021-09-24 15:14:00.601408,-408
2021-09-24 15:14:00.601415,-405
2021-09-24 15:14:00.601421,-395
2021-09-24 15:14:00.601428,-371
2021-09-24 15:14:00.601435,-315
2021-09-24 15:14:00.601441,-225
2021-09-24 15:14:00.601448,-121
2021-09-24 15:14:00.601454,-19
2021-09-24 15:14:00.601461,60
2021-09-24 15:14:00.601467,116
2021-09-24 15:14:00.601474,162
2021-09-24 15:14:00.601480,196
2021-09-24 15:14:00.601487,213
2021-09-24 15:14:00.601493,221
2021-09-24 15:14:00.601500,221
2021-09-24 15:14:00.601506,216
2021-09-24 15:14:00.601513,208
2021-09-24 15:14:00.601519,201
2021-09-24 15:14:00.601526,194
2021-09-24 15:14:00.601532,184
2021-09-24 15:14:00.601539,174
2021-09-24 15:14:00.601545,165
2021-09-24 15:14:00.601552,153
2021-09-24 15:14:00.601558,138
2021-09-24 15:14:00.601565,123
2021-09-24 15:14:00.601571,119
2021-09-24 15:14:00.915748,116
2021-09-24 15:14:00.915779,109
2021-09-24 15:14:00.915790,104
2021-09-24 15:14:00.915801,102
2021-09-24 15:14:00.915811,102
2021-09-24 15:14:00.915822,102
2021-09-24 15:14:00.915832,94
2021-09-24 15:14:00.915842,87
2021-09-24 15:14:00.915852,89
2021-09-24 15:14:00.915862,94
2021-09-24 15:14:00.915872,94
2021-09-24 15:14:00.915883,92
2021-09-24 15:14:00.915893,87
2021-09-24 15:14:00.915903,82
2021-09-24 15:14:00.915913,85
2021-09-24 15:14:00.915923,87
2021-09-24 15:14:00.915933,82
2021-09-24 15:14:00.915943,80
2021-09-24 15:14:00.915953,77
2021-09-24 15:14:00.915964,82
2021-09-24 15:14:00.915974,87
2021-09-24 15:14:00.915984,82
2021-09-24 15:14:00.915994,65
2021-09-24 15:14:00.916004,41
2021-09-24 15:14:00.916014,14
2021-09-24 15:14:00.916024,12
2021-09-24 15:14:00.916035,12
2021-09-24 15:14:00.916045,9
2021-09-24 15:14:00.916055,26
2021-09-24 15:14:00.916066,46
2021-09-24 15:14:01.231078,38
2021-09-24 15:14:01.231099,38
2021-09-24 15:14:01.231106,46
2021-09-24 15:14:01.231113,43
2021-09-24 15:14:01.231119,41
2021-09-24 15:14:01.231125,41
2021-09-24 15:14:01.231130,31
2021-09-24 15:14:01.231136,26
2021-09-24 15:14:01.231142,19
2021-09-24 15:14:01.231148,-17
2021-09-24 15:14:01.231154,-106
2021-09-24 15:14:01.231160,-306
2021-09-24 15:14:01.231166,-531
2021-09-24 15:14:01.231172,-468
2021-09-24 15:14:01.231178,-9
2021-09-24 15:14:01.231184,524
2021-09-24 15:14:01.231190,629
2021-09-24 15:14:01.231196,269
2021-09-24 15:14:01.231202,36
2021-09-24 15:14:01.231208,46
2021-09-24 15:14:01.231214,-38
2021-09-24 15:14:01.231220,-138
2021-09-24 15:14:01.231226,-116
2021-09-24 15:14:01.231232,-116
2021-09-24 15:14:01.231238,-155
2021-09-24 15:14:01.231244,-153
2021-09-24 15:14:01.231250,-145
2021-09-24 15:14:01.231256,-167
2021-09-24 15:14:01.231262,-184
2021-09-24 15:14:01.231268,-187
2021-09-24 15:14:01.321375,-194
2021-09-24 15:14:01.321396,-211
2021-09-24 15:14:01.321404,-240
2021-09-24 15:14:01.321411,-259
2021-09-24 15:14:01.321418,-279
2021-09-24 15:14:01.321424,-303
2021-09-24 15:14:01.321431,-327
2021-09-24 15:14:01.321438,-352
2021-09-24 15:14:01.321444,-378
2021-09-24 15:14:01.321451,-400
2021-09-24 15:14:01.321457,-417
2021-09-24 15:14:01.321464,-415
2021-09-24 15:14:01.321471,-393
2021-09-24 15:14:01.321477,-359
2021-09-24 15:14:01.321484,-310
2021-09-24 15:14:01.321491,-228
2021-09-24 15:14:01.321497,-121
2021-09-24 15:14:01.321504,-19
2021-09-24 15:14:01.321510,60
2021-09-24 15:14:01.321517,128
2021-09-24 15:14:01.321524,179
2021-09-24 15:14:01.321530,208
2021-09-24 15:14:01.321537,223
2021-09-24 15:14:01.321543,230
2021-09-24 15:14:01.321550,230
2021-09-24 15:14:01.321556,230
2021-09-24 15:14:01.321563,225
2021-09-24 15:14:01.321579,213
2021-09-24 15:14:01.321586,204
2021-09-24 15:14:01.321593,189
2021-09-24 15:14:01.546473,165
2021-09-24 15:14:01.546494,155
2021-09-24 15:14:01.546502,153
2021-09-24 15:14:01.546509,136
2021-09-24 15:14:01.546516,106
2021-09-24 15:14:01.546522,94
2021-09-24 15:14:01.546529,97
2021-09-24 15:14:01.546535,94
2021-09-24 15:14:01.546542,92
2021-09-24 15:14:01.546548,85
2021-09-24 15:14:01.546554,75
2021-09-24 15:14:01.546561,75
2021-09-24 15:14:01.546567,85
2021-09-24 15:14:01.546574,87
2021-09-24 15:14:01.546580,85
2021-09-24 15:14:01.546587,82
2021-09-24 15:14:01.546593,75
2021-09-24 15:14:01.546600,72
2021-09-24 15:14:01.546606,82
2021-09-24 15:14:01.546613,89
2021-09-24 15:14:01.546619,89
2021-09-24 15:14:01.546626,80
2021-09-24 15:14:01.546632,72
2021-09-24 15:14:01.546639,65
2021-09-24 15:14:01.546645,58
2021-09-24 15:14:01.546652,51
2021-09-24 15:14:01.546658,46
2021-09-24 15:14:01.546665,46
2021-09-24 15:14:01.546671,60
2021-09-24 15:14:01.546678,77
2021-09-24 15:14:01.726060,85
2021-09-24 15:14:01.726083,77
2021-09-24 15:14:01.726091,68
2021-09-24 15:14:01.726098,63
2021-09-24 15:14:01.726104,58
2021-09-24 15:14:01.726111,51
2021-09-24 15:14:01.726118,43
2021-09-24 15:14:01.726124,38
2021-09-24 15:14:01.726131,19
2021-09-24 15:14:01.726138,-34
2021-09-24 15:14:01.726144,-126
2021-09-24 15:14:01.726151,-310
2021-09-24 15:14:01.726158,-495
2021-09-24 15:14:01.726165,-371
2021-09-24 15:14:01.726171,128
2021-09-24 15:14:01.726178,604
2021-09-24 15:14:01.726185,563
2021-09-24 15:14:01.726191,184
2021-09-24 15:14:01.726198,48
2021-09-24 15:14:01.726204,60
2021-09-24 15:14:01.726211,-60
2021-09-24 15:14:01.726218,-148
2021-09-24 15:14:01.726224,-121
2021-09-24 15:14:01.726231,-121
2021-09-24 15:14:01.726238,-150
2021-09-24 15:14:01.726244,-157
2021-09-24 15:14:01.726251,-157
2021-09-24 15:14:01.726257,-177
2021-09-24 15:14:01.726264,-191
2021-09-24 15:14:01.726271,-191
2021-09-24 15:14:01.996522,-201
2021-09-24 15:14:01.996547,-223
2021-09-24 15:14:01.996555,-240
2021-09-24 15:14:01.996562,-267
2021-09-24 15:14:01.996568,-298
2021-09-24 15:14:01.996575,-332
2021-09-24 15:14:01.996581,-361
2021-09-24 15:14:01.996588,-386
2021-09-24 15:14:01.996594,-422
2021-09-24 15:14:01.996601,-446
2021-09-24 15:14:01.996607,-439
2021-09-24 15:14:01.996614,-422
2021-09-24 15:14:01.996652,-403
2021-09-24 15:14:01.996659,-361
2021-09-24 15:14:01.996665,-291
2021-09-24 15:14:01.996672,-196
2021-09-24 15:14:01.996678,-89
2021-09-24 15:14:01.996685,7
2021-09-24 15:14:01.996691,77
2021-09-24 15:14:01.996697,133
2021-09-24 15:14:01.996704,172
2021-09-24 15:14:01.996710,189
2021-09-24 15:14:01.996717,201
2021-09-24 15:14:01.996723,213
2021-09-24 15:14:01.996730,218
2021-09-24 15:14:01.996736,211
2021-09-24 15:14:01.996743,201
2021-09-24 15:14:01.996749,191
2021-09-24 15:14:01.996756,182
2021-09-24 15:14:01.996762,174
2021-09-24 15:14:02.265881,170
2021-09-24 15:14:02.265913,157
2021-09-24 15:14:02.265925,143
2021-09-24 15:14:02.265935,133
2021-09-24 15:14:02.265945,131
2021-09-24 15:14:02.265955,128
2021-09-24 15:14:02.265965,123
2021-09-24 15:14:02.265975,114
2021-09-24 15:14:02.265985,104
2021-09-24 15:14:02.265995,99
2021-09-24 15:14:02.266005,92
2021-09-24 15:14:02.266015,92
2021-09-24 15:14:02.266025,97
2021-09-24 15:14:02.266035,94
2021-09-24 15:14:02.266045,87
2021-09-24 15:14:02.266055,85
2021-09-24 15:14:02.266065,89
2021-09-24 15:14:02.266075,94
2021-09-24 15:14:02.266085,102
2021-09-24 15:14:02.266095,97
2021-09-24 15:14:02.266105,82
2021-09-24 15:14:02.266115,77
2021-09-24 15:14:02.266125,77
2021-09-24 15:14:02.266135,70
2021-09-24 15:14:02.266144,58
2021-09-24 15:14:02.266155,55
2021-09-24 15:14:02.266165,68
2021-09-24 15:14:02.266175,85
2021-09-24 15:14:02.266184,92
2021-09-24 15:14:02.266195,92
2021-09-24 15:14:02.446376,94
2021-09-24 15:14:02.446399,92
2021-09-24 15:14:02.446407,82
2021-09-24 15:14:02.446414,80
2021-09-24 15:14:02.446421,82
2021-09-24 15:14:02.446427,85
2021-09-24 15:14:02.446434,65
2021-09-24 15:14:02.446440,19
2021-09-24 15:14:02.446447,-58
2021-09-24 15:14:02.446453,-225
2021-09-24 15:14:02.446460,-444
2021-09-24 15:14:02.446466,-422
2021-09-24 15:14:02.446473,-7
2021-09-24 15:14:02.446480,514
2021-09-24 15:14:02.446486,646
2021-09-24 15:14:02.446493,313
2021-09-24 15:14:02.446499,75
2021-09-24 15:14:02.446506,80
2021-09-24 15:14:02.446512,2
2021-09-24 15:14:02.446519,-106
2021-09-24 15:14:02.446526,-99
2021-09-24 15:14:02.446532,-89
2021-09-24 15:14:02.446539,-121
2021-09-24 15:14:02.446545,-128
2021-09-24 15:14:02.446552,-123
2021-09-24 15:14:02.446559,-140
2021-09-24 15:14:02.446565,-157
2021-09-24 15:14:02.446590,-162
2021-09-24 15:14:02.446597,-177
2021-09-24 15:14:02.446604,-196
2021-09-24 15:14:02.671100,-213
2021-09-24 15:14:02.671127,-238
2021-09-24 15:14:02.671140,-269
2021-09-24 15:14:02.671152,-286
2021-09-24 15:14:02.671163,-310
2021-09-24 15:14:02.671175,-344
2021-09-24 15:14:02.671186,-376
2021-09-24 15:14:02.671197,-395
2021-09-24 15:14:02.671209,-405
2021-09-24 15:14:02.671220,-400
2021-09-24 15:14:02.671232,-386
2021-09-24 15:14:02.671243,-349
2021-09-24 15:14:02.671255,-291
2021-09-24 15:14:02.671266,-216
2021-09-24 15:14:02.671277,-121
2021-09-24 15:14:02.671288,-24
2021-09-24 15:14:02.671298,53
2021-09-24 15:14:02.671309,111
2021-09-24 15:14:02.671321,157
2021-09-24 15:14:02.671332,187
2021-09-24 15:14:02.671344,199
2021-09-24 15:14:02.671354,206
2021-09-24 15:14:02.671367,206
2021-09-24 15:14:02.671378,201
2021-09-24 15:14:02.671390,196
2021-09-24 15:14:02.671400,191
2021-09-24 15:14:02.671411,184
2021-09-24 15:14:02.671423,170
2021-09-24 15:14:02.671435,160
2021-09-24 15:14:02.671446,153
2021-09-24 15:14:02.985612,140
2021-09-24 15:14:02.985634,131
2021-09-24 15:14:02.985642,128
2021-09-24 15:14:02.985649,119
2021-09-24 15:14:02.985656,114
2021-09-24 15:14:02.985663,106
2021-09-24 15:14:02.985669,94
2021-09-24 15:14:02.985676,92
2021-09-24 15:14:02.985683,94
2021-09-24 15:14:02.985689,94
2021-09-24 15:14:02.985696,97
2021-09-24 15:14:02.985703,94
2021-09-24 15:14:02.985709,87
2021-09-24 15:14:02.985716,87
2021-09-24 15:14:02.985722,89
2021-09-24 15:14:02.985729,80
2021-09-24 15:14:02.985735,65
2021-09-24 15:14:02.985742,65
2021-09-24 15:14:02.985749,72
2021-09-24 15:14:02.985755,75
2021-09-24 15:14:02.985762,70
2021-09-24 15:14:02.985768,63
2021-09-24 15:14:02.985775,60
2021-09-24 15:14:02.985782,55
2021-09-24 15:14:02.985788,43
2021-09-24 15:14:02.985795,38
2021-09-24 15:14:02.985801,51
2021-09-24 15:14:02.985808,70
2021-09-24 15:14:02.985815,80
2021-09-24 15:14:02.985821,75
2021-09-24 15:14:03.121382,75
2021-09-24 15:14:03.121407,82
2021-09-24 15:14:03.121416,80
2021-09-24 15:14:03.121423,70
2021-09-24 15:14:03.121430,68
2021-09-24 15:14:03.121437,68
2021-09-24 15:14:03.121444,53
2021-09-24 15:14:03.121451,24
2021-09-24 15:14:03.121458,-34
2021-09-24 15:14:03.121465,-165
2021-09-24 15:14:03.121472,-395
2021-09-24 15:14:03.121479,-493
2021-09-24 15:14:03.121486,-199
2021-09-24 15:14:03.121493,349
2021-09-24 15:14:03.121500,694
2021-09-24 15:14:03.121506,519
2021-09-24 15:14:03.121513,165
2021-09-24 15:14:03.121520,82
2021-09-24 15:14:03.121527,60
2021-09-24 15:14:03.121534,-65
2021-09-24 15:14:03.121541,-102
2021-09-24 15:14:03.121548,-70
2021-09-24 15:14:03.121555,-94
2021-09-24 15:14:03.121562,-131
2021-09-24 15:14:03.121569,-131
2021-09-24 15:14:03.121576,-133
2021-09-24 15:14:03.121583,-150
2021-09-24 15:14:03.121590,-160
2021-09-24 15:14:03.121629,-170
2021-09-24 15:14:03.121636,-184
2021-09-24 15:14:03.346569,-199
2021-09-24 15:14:03.346601,-213
2021-09-24 15:14:03.346613,-238
2021-09-24 15:14:03.346624,-262
2021-09-24 15:14:03.346634,-291
2021-09-24 15:14:03.346644,-325
2021-09-24 15:14:03.346655,-347
2021-09-24 15:14:03.346665,-364
2021-09-24 15:14:03.346675,-381
2021-09-24 15:14:03.346685,-393
2021-09-24 15:14:03.346696,-395
2021-09-24 15:14:03.346706,-378
2021-09-24 15:14:03.346716,-335
2021-09-24 15:14:03.346726,-259
2021-09-24 15:14:03.346736,-160
2021-09-24 15:14:03.346746,-60
2021-09-24 15:14:03.346756,24
2021-09-24 15:14:03.346766,97
2021-09-24 15:14:03.346776,155
2021-09-24 15:14:03.346786,189
2021-09-24 15:14:03.346796,194
2021-09-24 15:14:03.346806,187
2021-09-24 15:14:03.346816,182
2021-09-24 15:14:03.346826,189
2021-09-24 15:14:03.346836,189
2021-09-24 15:14:03.346846,182
2021-09-24 15:14:03.346857,177
2021-09-24 15:14:03.346867,167
2021-09-24 15:14:03.346877,153
2021-09-24 15:14:03.346887,143
2021-09-24 15:14:03.615791,136
2021-09-24 15:14:03.615816,131
2021-09-24 15:14:03.615824,121
2021-09-24 15:14:03.615831,109
2021-09-24 15:14:03.615838,92
2021-09-24 15:14:03.615845,87
2021-09-24 15:14:03.615851,94
2021-09-24 15:14:03.615858,92
2021-09-24 15:14:03.615865,87
2021-09-24 15:14:03.615871,82
2021-09-24 15:14:03.615878,77
2021-09-24 15:14:03.615884,77
2021-09-24 15:14:03.615891,82
2021-09-24 15:14:03.615897,85
2021-09-24 15:14:03.615904,85
2021-09-24 15:14:03.615911,82
2021-09-24 15:14:03.615917,82
2021-09-24 15:14:03.615924,85
2021-09-24 15:14:03.615930,89
2021-09-24 15:14:03.615937,89
2021-09-24 15:14:03.615944,87
2021-09-24 15:14:03.615950,85
2021-09-24 15:14:03.615957,77
2021-09-24 15:14:03.615963,77
2021-09-24 15:14:03.615970,85
2021-09-24 15:14:03.615976,92
2021-09-24 15:14:03.615983,87
2021-09-24 15:14:03.615990,72
2021-09-24 15:14:03.615996,65
2021-09-24 15:14:03.616003,63
2021-09-24 15:14:03.841424,55
2021-09-24 15:14:03.841447,43
2021-09-24 15:14:03.841455,43
2021-09-24 15:14:03.841477,51
2021-09-24 15:14:03.841484,63
2021-09-24 15:14:03.841491,70
2021-09-24 15:14:03.841498,68
2021-09-24 15:14:03.841505,68
2021-09-24 15:14:03.841512,63
2021-09-24 15:14:03.841519,51
2021-09-24 15:14:03.841525,51
2021-09-24 15:14:03.841532,58
2021-09-24 15:14:03.841539,55
2021-09-24 15:14:03.841546,36
2021-09-24 15:14:03.841553,-12
2021-09-24 15:14:03.841560,-114
2021-09-24 15:14:03.841567,-303
2021-09-24 15:14:03.841574,-490
2021-09-24 15:14:03.841580,-383
2021-09-24 15:14:03.841587,70
2021-09-24 15:14:03.841594,568
2021-09-24 15:14:03.841601,672
2021-09-24 15:14:03.841608,315
2021-09-24 15:14:03.841615,68
2021-09-24 15:14:03.841622,68
2021-09-24 15:14:03.841629,-17
2021-09-24 15:14:03.841636,-121
2021-09-24 15:14:03.841642,-106
2021-09-24 15:14:03.841649,-99
2021-09-24 15:14:03.841656,-128
2021-09-24 15:14:04.111503,-133
2021-09-24 15:14:04.111527,-133
2021-09-24 15:14:04.111535,-153
2021-09-24 15:14:04.111542,-167
2021-09-24 15:14:04.111548,-170
2021-09-24 15:14:04.111555,-182
2021-09-24 15:14:04.111562,-201
2021-09-24 15:14:04.111568,-218
2021-09-24 15:14:04.111575,-240
2021-09-24 15:14:04.111581,-272
2021-09-24 15:14:04.111588,-291
2021-09-24 15:14:04.111595,-313
2021-09-24 15:14:04.111601,-342
2021-09-24 15:14:04.111608,-371
2021-09-24 15:14:04.111614,-398
2021-09-24 15:14:04.111621,-412
2021-09-24 15:14:04.111659,-408
2021-09-24 15:14:04.111666,-391
2021-09-24 15:14:04.111673,-361
2021-09-24 15:14:04.111679,-308
2021-09-24 15:14:04.111686,-225
2021-09-24 15:14:04.111692,-133
2021-09-24 15:14:04.111699,-36
2021-09-24 15:14:04.111705,46
2021-09-24 15:14:04.111712,104
2021-09-24 15:14:04.111718,148
2021-09-24 15:14:04.111725,174
2021-09-24 15:14:04.111731,187
2021-09-24 15:14:04.111738,194
2021-09-24 15:14:04.111744,204
2021-09-24 15:14:04.291441,201
2021-09-24 15:14:04.291465,189
2021-09-24 15:14:04.291473,179
2021-09-24 15:14:04.291479,174
2021-09-24 15:14:04.291486,167
2021-09-24 15:14:04.291492,157
2021-09-24 15:14:04.291499,145
2021-09-24 15:14:04.291505,131
2021-09-24 15:14:04.291512,111
2021-09-24 15:14:04.291518,104
2021-09-24 15:14:04.291525,104
2021-09-24 15:14:04.291531,102
2021-09-24 15:14:04.291538,97
2021-09-24 15:14:04.291544,89
2021-09-24 15:14:04.291551,82
2021-09-24 15:14:04.291558,82
2021-09-24 15:14:04.291564,87
2021-09-24 15:14:04.291601,89
2021-09-24 15:14:04.291608,89
2021-09-24 15:14:04.291614,82
2021-09-24 15:14:04.291621,75
2021-09-24 15:14:04.291627,77
2021-09-24 15:14:04.291633,82
2021-09-24 15:14:04.291640,87
2021-09-24 15:14:04.291646,87
2021-09-24 15:14:04.291652,85
2021-09-24 15:14:04.291659,82
2021-09-24 15:14:04.291672,80
2021-09-24 15:14:04.291679,77
2021-09-24 15:14:04.291685,72
2021-09-24 15:14:04.561378,72
2021-09-24 15:14:04.561409,70
2021-09-24 15:14:04.561422,60
2021-09-24 15:14:04.561432,48
2021-09-24 15:14:04.561442,53
2021-09-24 15:14:04.561452,60
2021-09-24 15:14:04.561462,53
2021-09-24 15:14:04.561472,43
2021-09-24 15:14:04.561482,43
2021-09-24 15:14:04.561492,46
2021-09-24 15:14:04.561502,48
2021-09-24 15:14:04.561512,51
2021-09-24 15:14:04.561522,51
2021-09-24 15:14:04.561532,38
2021-09-24 15:14:04.561542,26
2021-09-24 15:14:04.561552,12
2021-09-24 15:14:04.561562,7
2021-09-24 15:14:04.561572,17
2021-09-24 15:14:04.561582,14
2021-09-24 15:14:04.561592,7
2021-09-24 15:14:04.561602,19
2021-09-24 15:14:04.561612,41
2021-09-24 15:14:04.561621,48
2021-09-24 15:14:04.561631,48
2021-09-24 15:14:04.561641,48
2021-09-24 15:14:04.561651,48
2021-09-24 15:14:04.561661,51
2021-09-24 15:14:04.561671,51
2021-09-24 15:14:04.561681,53
2021-09-24 15:14:04.561691,51
2021-09-24 15:14:04.741634,38
2021-09-24 15:14:04.741655,7
2021-09-24 15:14:04.741662,-53
2021-09-24 15:14:04.741669,-189
2021-09-24 15:14:04.741676,-415
2021-09-24 15:14:04.741682,-485
2021-09-24 15:14:04.741689,-182
2021-09-24 15:14:04.741695,352
2021-09-24 15:14:04.741702,692
2021-09-24 15:14:04.741708,505
2021-09-24 15:14:04.741715,140
2021-09-24 15:14:04.741722,58
2021-09-24 15:14:04.741728,31
2021-09-24 15:14:04.741735,-87
2021-09-24 15:14:04.741741,-109
2021-09-24 15:14:04.741748,-82
2021-09-24 15:14:04.741754,-109
2021-09-24 15:14:04.741761,-136
2021-09-24 15:14:04.741767,-138
2021-09-24 15:14:04.741774,-148
2021-09-24 15:14:04.741780,-157
2021-09-24 15:14:04.741787,-167
2021-09-24 15:14:04.741793,-179
2021-09-24 15:14:04.741800,-191
2021-09-24 15:14:04.741806,-206
2021-09-24 15:14:04.741813,-218
2021-09-24 15:14:04.741819,-240
2021-09-24 15:14:04.741826,-269
2021-09-24 15:14:04.741832,-293
2021-09-24 15:14:04.741839,-323
2021-09-24 15:14:05.055106,-354
2021-09-24 15:14:05.055129,-381
2021-09-24 15:14:05.055137,-398
2021-09-24 15:14:05.055144,-412
2021-09-24 15:14:05.055151,-410
2021-09-24 15:14:05.055157,-393
2021-09-24 15:14:05.055164,-364
2021-09-24 15:14:05.055171,-301
2021-09-24 15:14:05.055177,-216
2021-09-24 15:14:05.055184,-131
2021-09-24 15:14:05.055191,-41
2021-09-24 15:14:05.055197,36
2021-09-24 15:14:05.055204,89
2021-09-24 15:14:05.055211,138
2021-09-24 15:14:05.055217,172
2021-09-24 15:14:05.055224,184
2021-09-24 15:14:05.055231,191
2021-09-24 15:14:05.055237,189
2021-09-24 15:14:05.055244,187
2021-09-24 15:14:05.055250,182
2021-09-24 15:14:05.055257,177
2021-09-24 15:14:05.055264,167
2021-09-24 15:14:05.055270,160
2021-09-24 15:14:05.055277,150
2021-09-24 15:14:05.055284,143
2021-09-24 15:14:05.055290,136
2021-09-24 15:14:05.055297,126
2021-09-24 15:14:05.055303,119
2021-09-24 15:14:05.055310,114
2021-09-24 15:14:05.055317,106
2021-09-24 15:14:05.191099,102
2021-09-24 15:14:05.191122,104
2021-09-24 15:14:05.191130,104
2021-09-24 15:14:05.191137,99
2021-09-24 15:14:05.191144,97
2021-09-24 15:14:05.191150,94
2021-09-24 15:14:05.191157,94
2021-09-24 15:14:05.191164,99
2021-09-24 15:14:05.191170,104
2021-09-24 15:14:05.191177,102
2021-09-24 15:14:05.191183,94
2021-09-24 15:14:05.191190,87
2021-09-24 15:14:05.191197,89
2021-09-24 15:14:05.191203,94
2021-09-24 15:14:05.191210,94
2021-09-24 15:14:05.191216,87
2021-09-24 15:14:05.191223,82
2021-09-24 15:14:05.191229,75
2021-09-24 15:14:05.191236,77
2021-09-24 15:14:05.191242,80
2021-09-24 15:14:05.191249,77
2021-09-24 15:14:05.191264,75
2021-09-24 15:14:05.191272,72
2021-09-24 15:14:05.191278,72
2021-09-24 15:14:05.191285,72
2021-09-24 15:14:05.191291,75
2021-09-24 15:14:05.191298,72
2021-09-24 15:14:05.191304,68
2021-09-24 15:14:05.191311,63
2021-09-24 15:14:05.191317,65
2021-09-24 15:14:05.461549,68
2021-09-24 15:14:05.461581,70
2021-09-24 15:14:05.461593,65
2021-09-24 15:14:05.461603,43
2021-09-24 15:14:05.461613,17
2021-09-24 15:14:05.461624,12
2021-09-24 15:14:05.461634,19
2021-09-24 15:14:05.461644,7
2021-09-24 15:14:05.461655,4
2021-09-24 15:14:05.461665,21
2021-09-24 15:14:05.461675,34
2021-09-24 15:14:05.461685,36
2021-09-24 15:14:05.461695,36
2021-09-24 15:14:05.461705,31
2021-09-24 15:14:05.461715,24
2021-09-24 15:14:05.461726,17
2021-09-24 15:14:05.461736,14
2021-09-24 15:14:05.461746,21
2021-09-24 15:14:05.461756,21
2021-09-24 15:14:05.461767,17
2021-09-24 15:14:05.461777,-4
2021-09-24 15:14:05.461787,-60
2021-09-24 15:14:05.461797,-184
2021-09-24 15:14:05.461808,-408
2021-09-24 15:14:05.461818,-519
2021-09-24 15:14:05.461828,-262
2021-09-24 15:14:05.461838,269
2021-09-24 15:14:05.461861,655
2021-09-24 15:14:05.461872,522
2021-09-24 15:14:05.461882,150
2021-09-24 15:14:05.821506,38
2021-09-24 15:14:05.821528,26
2021-09-24 15:14:05.821535,-89
2021-09-24 15:14:05.821542,-136
2021-09-24 15:14:05.821549,-104
2021-09-24 15:14:05.821556,-121
2021-09-24 15:14:05.821562,-145
2021-09-24 15:14:05.821569,-143
2021-09-24 15:14:05.821575,-157
2021-09-24 15:14:05.821582,-189
2021-09-24 15:14:05.821589,-199
2021-09-24 15:14:05.821595,-196
2021-09-24 15:14:05.821602,-211
2021-09-24 15:14:05.821608,-225
2021-09-24 15:14:05.821615,-240
2021-09-24 15:14:05.821621,-267
2021-09-24 15:14:05.821628,-289
2021-09-24 15:14:05.821635,-303
2021-09-24 15:14:05.821641,-325
2021-09-24 15:14:05.821648,-354
2021-09-24 15:14:05.821654,-378
2021-09-24 15:14:05.821661,-395
2021-09-24 15:14:05.821667,-398
2021-09-24 15:14:05.821674,-391
2021-09-24 15:14:05.821680,-376
2021-09-24 15:14:05.821687,-342
2021-09-24 15:14:05.821694,-286
2021-09-24 15:14:05.821700,-206
2021-09-24 15:14:05.821707,-104
2021-09-24 15:14:05.821713,-7
2021-09-24 15:14:05.911487,70
2021-09-24 15:14:05.911512,133
2021-09-24 15:14:05.911519,177
2021-09-24 15:14:05.911526,201
2021-09-24 15:14:05.911533,213
2021-09-24 15:14:05.911539,223
2021-09-24 15:14:05.911546,225
2021-09-24 15:14:05.911552,223
2021-09-24 15:14:05.911559,211
2021-09-24 15:14:05.911565,194
2021-09-24 15:14:05.911572,182
2021-09-24 15:14:05.911578,170
2021-09-24 15:14:05.911585,160
2021-09-24 15:14:05.911591,153
2021-09-24 15:14:05.911598,133
2021-09-24 15:14:05.911604,119
2021-09-24 15:14:05.911611,116
2021-09-24 15:14:05.911628,116
2021-09-24 15:14:05.911667,109
2021-09-24 15:14:05.911674,106
2021-09-24 15:14:05.911680,94
2021-09-24 15:14:05.911686,80
2021-09-24 15:14:05.911693,80
2021-09-24 15:14:05.911700,92
2021-09-24 15:14:05.911706,92
2021-09-24 15:14:05.911713,89
2021-09-24 15:14:05.911719,85
2021-09-24 15:14:05.911726,82
2021-09-24 15:14:05.911732,87
2021-09-24 15:14:05.911739,92
2021-09-24 15:14:06.136391,92
2021-09-24 15:14:06.136413,87
2021-09-24 15:14:06.136421,80
2021-09-24 15:14:06.136428,77
2021-09-24 15:14:06.136434,82
2021-09-24 15:14:06.136441,87
2021-09-24 15:14:06.136447,89
2021-09-24 15:14:06.136454,82
2021-09-24 15:14:06.136460,68
2021-09-24 15:14:06.136467,63
2021-09-24 15:14:06.136473,63
2021-09-24 15:14:06.136480,60
2021-09-24 15:14:06.136486,53
2021-09-24 15:14:06.136493,43
2021-09-24 15:14:06.136499,36
2021-09-24 15:14:06.136505,34
2021-09-24 15:14:06.136512,38
2021-09-24 15:14:06.136518,38
2021-09-24 15:14:06.136525,36
2021-09-24 15:14:06.136531,41
2021-09-24 15:14:06.136538,43
2021-09-24 15:14:06.136544,34
2021-09-24 15:14:06.136551,17
2021-09-24 15:14:06.136557,2
2021-09-24 15:14:06.136564,4
2021-09-24 15:14:06.136570,4
2021-09-24 15:14:06.136577,-9
2021-09-24 15:14:06.136583,-9
2021-09-24 15:14:06.136590,7
2021-09-24 15:14:06.136596,24
2021-09-24 15:14:06.361432,31
2021-09-24 15:14:06.361455,31
2021-09-24 15:14:06.361463,26
2021-09-24 15:14:06.361470,29
2021-09-24 15:14:06.361476,34
2021-09-24 15:14:06.361483,34
2021-09-24 15:14:06.361490,31
2021-09-24 15:14:06.361496,21
2021-09-24 15:14:06.361503,4
2021-09-24 15:14:06.361509,-24
2021-09-24 15:14:06.361516,-99
2021-09-24 15:14:06.361523,-281
2021-09-24 15:14:06.361529,-500
2021-09-24 15:14:06.361536,-461
2021-09-24 15:14:06.361542,-41
2021-09-24 15:14:06.361549,493
2021-09-24 15:14:06.361555,653
2021-09-24 15:14:06.361562,323
2021-09-24 15:14:06.361568,51
2021-09-24 15:14:06.361575,41
2021-09-24 15:14:06.361581,-31
2021-09-24 15:14:06.361588,-131
2021-09-24 15:14:06.361594,-114
2021-09-24 15:14:06.361601,-102
2021-09-24 15:14:06.361607,-136
2021-09-24 15:14:06.361614,-143
2021-09-24 15:14:06.361620,-145
2021-09-24 15:14:06.361627,-172
2021-09-24 15:14:06.361633,-184
2021-09-24 15:14:06.361688,-182
2021-09-24 15:14:06.586508,-196
2021-09-24 15:14:06.586540,-213
2021-09-24 15:14:06.586553,-225
2021-09-24 15:14:06.586564,-242
2021-09-24 15:14:06.586574,-262
2021-09-24 15:14:06.586585,-281
2021-09-24 15:14:06.586595,-310
2021-09-24 15:14:06.586605,-342
2021-09-24 15:14:06.586615,-364
2021-09-24 15:14:06.586625,-383
2021-09-24 15:14:06.586636,-395
2021-09-24 15:14:06.586646,-400
2021-09-24 15:14:06.586656,-393
2021-09-24 15:14:06.586666,-369
2021-09-24 15:14:06.586676,-325
2021-09-24 15:14:06.586687,-257
2021-09-24 15:14:06.586697,-167
2021-09-24 15:14:06.586707,-72
2021-09-24 15:14:06.586718,9
2021-09-24 15:14:06.586728,82
2021-09-24 15:14:06.586738,143
2021-09-24 15:14:06.586748,182
2021-09-24 15:14:06.586758,201
2021-09-24 15:14:06.586768,211
2021-09-24 15:14:06.586778,213
2021-09-24 15:14:06.586789,216
2021-09-24 15:14:06.586799,211
2021-09-24 15:14:06.586809,204
2021-09-24 15:14:06.586852,194
2021-09-24 15:14:06.586862,182
2021-09-24 15:14:06.811231,172
2021-09-24 15:14:06.811254,162
2021-09-24 15:14:06.811263,153
2021-09-24 15:14:06.811270,143
2021-09-24 15:14:06.811277,133
2021-09-24 15:14:06.811284,123
2021-09-24 15:14:06.811291,109
2021-09-24 15:14:06.811298,109
2021-09-24 15:14:06.811305,109
2021-09-24 15:14:06.811312,102
2021-09-24 15:14:06.811319,94
2021-09-24 15:14:06.811326,85
2021-09-24 15:14:06.811333,80
2021-09-24 15:14:06.811340,82
2021-09-24 15:14:06.811347,85
2021-09-24 15:14:06.811354,85
2021-09-24 15:14:06.811361,89
2021-09-24 15:14:06.811368,87
2021-09-24 15:14:06.811375,82
2021-09-24 15:14:06.811382,75
2021-09-24 15:14:06.811389,75
2021-09-24 15:14:06.811396,75
2021-09-24 15:14:06.811418,70
2021-09-24 15:14:06.811424,70
2021-09-24 15:14:06.811431,72
2021-09-24 15:14:06.811437,70
2021-09-24 15:14:06.811444,65
2021-09-24 15:14:06.811451,58
2021-09-24 15:14:06.811457,51
2021-09-24 15:14:06.811464,46
2021-09-24 15:14:07.080661,43
2021-09-24 15:14:07.080691,43
2021-09-24 15:14:07.080703,38
2021-09-24 15:14:07.080714,29
2021-09-24 15:14:07.080724,24
2021-09-24 15:14:07.080734,19
2021-09-24 15:14:07.080744,9
2021-09-24 15:14:07.080754,-4
2021-09-24 15:14:07.080765,-14
2021-09-24 15:14:07.080775,-14
2021-09-24 15:14:07.080785,-19
2021-09-24 15:14:07.080795,-24
2021-09-24 15:14:07.080805,-7
2021-09-24 15:14:07.080816,12
2021-09-24 15:14:07.080826,19
2021-09-24 15:14:07.080836,24
2021-09-24 15:14:07.080846,26
2021-09-24 15:14:07.080856,26
2021-09-24 15:14:07.080866,29
2021-09-24 15:14:07.080876,34
2021-09-24 15:14:07.080886,29
2021-09-24 15:14:07.080896,21
2021-09-24 15:14:07.080907,9
2021-09-24 15:14:07.080917,-17
2021-09-24 15:14:07.080927,-72
2021-09-24 15:14:07.080937,-225
2021-09-24 15:14:07.080947,-463
2021-09-24 15:14:07.080957,-522
2021-09-24 15:14:07.080967,-187
2021-09-24 15:14:07.080978,383
2021-09-24 15:14:07.261504,670
2021-09-24 15:14:07.261528,403
2021-09-24 15:14:07.261536,94
2021-09-24 15:14:07.261543,65
2021-09-24 15:14:07.261550,9
2021-09-24 15:14:07.261556,-111
2021-09-24 15:14:07.261563,-111
2021-09-24 15:14:07.261570,-82
2021-09-24 15:14:07.261576,-111
2021-09-24 15:14:07.261583,-133
2021-09-24 15:14:07.261589,-143
2021-09-24 15:14:07.261596,-157
2021-09-24 15:14:07.261602,-162
2021-09-24 15:14:07.261609,-167
2021-09-24 15:14:07.261615,-182
2021-09-24 15:14:07.261622,-199
2021-09-24 15:14:07.261628,-216
2021-09-24 15:14:07.261635,-233
2021-09-24 15:14:07.261641,-247
2021-09-24 15:14:07.261648,-267
2021-09-24 15:14:07.261685,-293
2021-09-24 15:14:07.261692,-327
2021-09-24 15:14:07.261698,-354
2021-09-24 15:14:07.261704,-374
2021-09-24 15:14:07.261711,-391
2021-09-24 15:14:07.261717,-388
2021-09-24 15:14:07.261724,-378
2021-09-24 15:14:07.261730,-361
2021-09-24 15:14:07.261737,-320
2021-09-24 15:14:07.261743,-247
2021-09-24 15:14:07.531534,-150
2021-09-24 15:14:07.531567,-53
2021-09-24 15:14:07.531579,29
2021-09-24 15:14:07.531589,89
2021-09-24 15:14:07.531600,140
2021-09-24 15:14:07.531610,182
2021-09-24 15:14:07.531620,208
2021-09-24 15:14:07.531630,221
2021-09-24 15:14:07.531641,216
2021-09-24 15:14:07.531651,196
2021-09-24 15:14:07.531661,187
2021-09-24 15:14:07.531671,189
2021-09-24 15:14:07.531681,182
2021-09-24 15:14:07.531691,170
2021-09-24 15:14:07.531702,160
2021-09-24 15:14:07.531712,148
2021-09-24 15:14:07.531722,133
2021-09-24 15:14:07.531732,126
2021-09-24 15:14:07.531742,119
2021-09-24 15:14:07.531753,111
2021-09-24 15:14:07.531763,102
2021-09-24 15:14:07.531773,97
2021-09-24 15:14:07.531783,94
2021-09-24 15:14:07.531793,94
2021-09-24 15:14:07.531803,94
2021-09-24 15:14:07.531813,89
2021-09-24 15:14:07.531824,85
2021-09-24 15:14:07.531834,85
2021-09-24 15:14:07.531844,87
2021-09-24 15:14:07.531854,89
2021-09-24 15:14:07.801608,94
2021-09-24 15:14:07.801631,89
2021-09-24 15:14:07.801639,85
2021-09-24 15:14:07.801646,80
2021-09-24 15:14:07.801652,77
2021-09-24 15:14:07.801659,72
2021-09-24 15:14:07.801665,70
2021-09-24 15:14:07.801672,72
2021-09-24 15:14:07.801678,60
2021-09-24 15:14:07.801685,53
2021-09-24 15:14:07.801691,58
2021-09-24 15:14:07.801698,63
2021-09-24 15:14:07.801704,65
2021-09-24 15:14:07.801711,65
2021-09-24 15:14:07.801717,48
2021-09-24 15:14:07.801724,26
2021-09-24 15:14:07.801730,17
2021-09-24 15:14:07.801737,17
2021-09-24 15:14:07.801743,17
2021-09-24 15:14:07.801750,19
2021-09-24 15:14:07.801756,34
2021-09-24 15:14:07.801763,48
2021-09-24 15:14:07.801769,51
2021-09-24 15:14:07.801808,53
2021-09-24 15:14:07.801814,55
2021-09-24 15:14:07.801821,53
2021-09-24 15:14:07.801827,51
2021-09-24 15:14:07.801834,43
2021-09-24 15:14:07.801840,43
2021-09-24 15:14:07.801847,43
2021-09-24 15:14:07.981496,29
2021-09-24 15:14:07.981521,-9
2021-09-24 15:14:07.981528,-89
2021-09-24 15:14:07.981535,-272
2021-09-24 15:14:07.981542,-478
2021-09-24 15:14:07.981548,-420
2021-09-24 15:14:07.981555,19
2021-09-24 15:14:07.981561,548
2021-09-24 15:14:07.981568,636
2021-09-24 15:14:07.981574,269
2021-09-24 15:14:07.981581,68
2021-09-24 15:14:07.981587,94
2021-09-24 15:14:07.981594,0
2021-09-24 15:14:07.981601,-102
2021-09-24 15:14:07.981607,-92
2021-09-24 15:14:07.981614,-99
2021-09-24 15:14:07.981620,-128
2021-09-24 15:14:07.981627,-121
2021-09-24 15:14:07.981633,-123
2021-09-24 15:14:07.981672,-150
2021-09-24 15:14:07.981678,-165
2021-09-24 15:14:07.981685,-170
2021-09-24 15:14:07.981691,-182
2021-09-24 15:14:07.981698,-194
2021-09-24 15:14:07.981704,-206
2021-09-24 15:14:07.981711,-228
2021-09-24 15:14:07.981717,-252
2021-09-24 15:14:07.981724,-269
2021-09-24 15:14:07.981731,-293
2021-09-24 15:14:07.981737,-332
2021-09-24 15:14:08.206279,-361
2021-09-24 15:14:08.206303,-376
2021-09-24 15:14:08.206310,-381
2021-09-24 15:14:08.206317,-381
2021-09-24 15:14:08.206324,-364
2021-09-24 15:14:08.206330,-327
2021-09-24 15:14:08.206336,-274
2021-09-24 15:14:08.206343,-199
2021-09-24 15:14:08.206349,-106
2021-09-24 15:14:08.206356,-9
2021-09-24 15:14:08.206363,75
2021-09-24 15:14:08.206370,138
2021-09-24 15:14:08.206376,182
2021-09-24 15:14:08.206383,204
2021-09-24 15:14:08.206389,216
2021-09-24 15:14:08.206395,221
2021-09-24 15:14:08.206402,225
2021-09-24 15:14:08.206419,225
2021-09-24 15:14:08.206426,221
2021-09-24 15:14:08.206433,208
2021-09-24 15:14:08.206440,196
2021-09-24 15:14:08.206446,187
2021-09-24 15:14:08.206452,179
2021-09-24 15:14:08.206459,170
2021-09-24 15:14:08.206465,157
2021-09-24 15:14:08.206472,148
2021-09-24 15:14:08.206478,140
2021-09-24 15:14:08.206485,133
2021-09-24 15:14:08.206491,128
2021-09-24 15:14:08.206498,126
2021-09-24 15:14:08.431518,123
2021-09-24 15:14:08.431542,116
2021-09-24 15:14:08.431550,109
2021-09-24 15:14:08.431557,104
2021-09-24 15:14:08.431563,102
2021-09-24 15:14:08.431570,99
2021-09-24 15:14:08.431576,94
2021-09-24 15:14:08.431583,89
2021-09-24 15:14:08.431589,87
2021-09-24 15:14:08.431596,89
2021-09-24 15:14:08.431602,92
2021-09-24 15:14:08.431609,92
2021-09-24 15:14:08.431616,82
2021-09-24 15:14:08.431622,75
2021-09-24 15:14:08.431629,77
2021-09-24 15:14:08.431635,77
2021-09-24 15:14:08.431642,75
2021-09-24 15:14:08.431648,77
2021-09-24 15:14:08.431655,77
2021-09-24 15:14:08.431661,80
2021-09-24 15:14:08.431699,70
2021-09-24 15:14:08.431706,46
2021-09-24 15:14:08.431712,31
2021-09-24 15:14:08.431719,19
2021-09-24 15:14:08.431725,9
2021-09-24 15:14:08.431732,2
2021-09-24 15:14:08.431738,2
2021-09-24 15:14:08.431744,12
2021-09-24 15:14:08.431751,34
2021-09-24 15:14:08.431757,41
2021-09-24 15:14:08.701577,38
2021-09-24 15:14:08.701601,41
2021-09-24 15:14:08.701640,41
2021-09-24 15:14:08.701647,31
2021-09-24 15:14:08.701653,26
2021-09-24 15:14:08.701660,26
2021-09-24 15:14:08.701667,19
2021-09-24 15:14:08.701674,9
2021-09-24 15:14:08.701680,-19
2021-09-24 15:14:08.701687,-94
2021-09-24 15:14:08.701694,-264
2021-09-24 15:14:08.701700,-490
2021-09-24 15:14:08.701707,-488
2021-09-24 15:14:08.701713,-94
2021-09-24 15:14:08.701720,446
2021-09-24 15:14:08.701727,648
2021-09-24 15:14:08.701733,349
2021-09-24 15:14:08.701740,70
2021-09-24 15:14:08.701746,65
2021-09-24 15:14:08.701753,4
2021-09-24 15:14:08.701760,-111
2021-09-24 15:14:08.701766,-106
2021-09-24 15:14:08.701773,-87
2021-09-24 15:14:08.701779,-119
2021-09-24 15:14:08.701786,-133
2021-09-24 15:14:08.701792,-126
2021-09-24 15:14:08.701799,-140
2021-09-24 15:14:08.701805,-155
2021-09-24 15:14:08.701812,-160
2021-09-24 15:14:08.701819,-174
2021-09-24 15:14:08.881470,-189
2021-09-24 15:14:08.881494,-199
2021-09-24 15:14:08.881502,-213
2021-09-24 15:14:08.881510,-235
2021-09-24 15:14:08.881517,-259
2021-09-24 15:14:08.881524,-289
2021-09-24 15:14:08.881531,-320
2021-09-24 15:14:08.881538,-344
2021-09-24 15:14:08.881545,-366
2021-09-24 15:14:08.881552,-381
2021-09-24 15:14:08.881559,-386
2021-09-24 15:14:08.881566,-383
2021-09-24 15:14:08.881573,-354
2021-09-24 15:14:08.881612,-298
2021-09-24 15:14:08.881619,-218
2021-09-24 15:14:08.881626,-121
2021-09-24 15:14:08.881633,-26
2021-09-24 15:14:08.881640,51
2021-09-24 15:14:08.881647,121
2021-09-24 15:14:08.881654,179
2021-09-24 15:14:08.881661,208
2021-09-24 15:14:08.881668,223
2021-09-24 15:14:08.881675,233
2021-09-24 15:14:08.881682,235
2021-09-24 15:14:08.881689,233
2021-09-24 15:14:08.881695,225
2021-09-24 15:14:08.881702,206
2021-09-24 15:14:08.881710,189
2021-09-24 15:14:08.881717,184
2021-09-24 15:14:08.881724,177
2021-09-24 15:14:09.195169,165
2021-09-24 15:14:09.195193,157
2021-09-24 15:14:09.195201,150
2021-09-24 15:14:09.195207,138
2021-09-24 15:14:09.195214,123
2021-09-24 15:14:09.195221,114
2021-09-24 15:14:09.195227,109
2021-09-24 15:14:09.195234,102
2021-09-24 15:14:09.195240,92
2021-09-24 15:14:09.195247,89
2021-09-24 15:14:09.195253,85
2021-09-24 15:14:09.195260,82
2021-09-24 15:14:09.195266,89
2021-09-24 15:14:09.195273,92
2021-09-24 15:14:09.195279,87
2021-09-24 15:14:09.195286,87
2021-09-24 15:14:09.195293,87
2021-09-24 15:14:09.195299,89
2021-09-24 15:14:09.195306,89
2021-09-24 15:14:09.195312,92
2021-09-24 15:14:09.195319,89
2021-09-24 15:14:09.195325,85
2021-09-24 15:14:09.195332,82
2021-09-24 15:14:09.195338,80
2021-09-24 15:14:09.195345,77
2021-09-24 15:14:09.195351,82
2021-09-24 15:14:09.195358,87
2021-09-24 15:14:09.195364,75
2021-09-24 15:14:09.195371,63
2021-09-24 15:14:09.195377,55
2021-09-24 15:14:09.376521,48
2021-09-24 15:14:09.376546,41
2021-09-24 15:14:09.376554,31
2021-09-24 15:14:09.376560,29
2021-09-24 15:14:09.376567,41
2021-09-24 15:14:09.376573,60
2021-09-24 15:14:09.376580,65
2021-09-24 15:14:09.376586,63
2021-09-24 15:14:09.376593,60
2021-09-24 15:14:09.376631,51
2021-09-24 15:14:09.376638,38
2021-09-24 15:14:09.376645,38
2021-09-24 15:14:09.376651,38
2021-09-24 15:14:09.376658,34
2021-09-24 15:14:09.376664,12
2021-09-24 15:14:09.376671,-41
2021-09-24 15:14:09.376677,-150
2021-09-24 15:14:09.376684,-354
2021-09-24 15:14:09.376691,-524
2021-09-24 15:14:09.376697,-361
2021-09-24 15:14:09.376704,123
2021-09-24 15:14:09.376710,587
2021-09-24 15:14:09.376717,597
2021-09-24 15:14:09.376723,225
2021-09-24 15:14:09.376730,38
2021-09-24 15:14:09.376736,48
2021-09-24 15:14:09.376743,-51
2021-09-24 15:14:09.376749,-128
2021-09-24 15:14:09.376756,-97
2021-09-24 15:14:09.376762,-99
2021-09-24 15:14:09.646549,-136
2021-09-24 15:14:09.646572,-145
2021-09-24 15:14:09.646580,-155
2021-09-24 15:14:09.646587,-174
2021-09-24 15:14:09.646594,-177
2021-09-24 15:14:09.646600,-179
2021-09-24 15:14:09.646607,-194
2021-09-24 15:14:09.646613,-208
2021-09-24 15:14:09.646620,-228
2021-09-24 15:14:09.646626,-255
2021-09-24 15:14:09.646633,-274
2021-09-24 15:14:09.646639,-298
2021-09-24 15:14:09.646646,-332
2021-09-24 15:14:09.646653,-361
2021-09-24 15:14:09.646659,-388
2021-09-24 15:14:09.646666,-415
2021-09-24 15:14:09.646703,-420
2021-09-24 15:14:09.646710,-410
2021-09-24 15:14:09.646716,-393
2021-09-24 15:14:09.646723,-359
2021-09-24 15:14:09.646729,-298
2021-09-24 15:14:09.646736,-208
2021-09-24 15:14:09.646742,-102
2021-09-24 15:14:09.646749,-2
2021-09-24 15:14:09.646755,77
2021-09-24 15:14:09.646762,140
2021-09-24 15:14:09.646769,184
2021-09-24 15:14:09.646775,206
2021-09-24 15:14:09.646782,221
2021-09-24 15:14:09.646788,230
2021-09-24 15:14:09.871501,230
2021-09-24 15:14:09.871523,228
2021-09-24 15:14:09.871531,221
2021-09-24 15:14:09.871538,211
2021-09-24 15:14:09.871544,201
2021-09-24 15:14:09.871551,196
2021-09-24 15:14:09.871557,187
2021-09-24 15:14:09.871578,172
2021-09-24 15:14:09.871585,155
2021-09-24 15:14:09.871592,140
2021-09-24 15:14:09.871598,138
2021-09-24 15:14:09.871605,133
2021-09-24 15:14:09.871611,128
2021-09-24 15:14:09.871618,119
2021-09-24 15:14:09.871625,109
2021-09-24 15:14:09.871631,104
2021-09-24 15:14:09.871638,104
2021-09-24 15:14:09.871644,104
2021-09-24 15:14:09.871651,104
2021-09-24 15:14:09.871657,102
2021-09-24 15:14:09.871664,94
2021-09-24 15:14:09.871670,92
2021-09-24 15:14:09.871677,99
2021-09-24 15:14:09.871684,102
2021-09-24 15:14:09.871690,102
2021-09-24 15:14:09.871697,97
2021-09-24 15:14:09.871703,92
2021-09-24 15:14:09.871710,94
2021-09-24 15:14:09.871717,97
2021-09-24 15:14:09.871723,97
2021-09-24 15:14:10.051523,99
2021-09-24 15:14:10.051547,102
2021-09-24 15:14:10.051554,102
2021-09-24 15:14:10.051561,92
2021-09-24 15:14:10.051568,80
2021-09-24 15:14:10.051574,68
2021-09-24 15:14:10.051581,58
2021-09-24 15:14:10.051587,46
2021-09-24 15:14:10.051594,31
2021-09-24 15:14:10.051600,46
2021-09-24 15:14:10.051607,72
2021-09-24 15:14:10.051645,75
2021-09-24 15:14:10.051652,63
2021-09-24 15:14:10.051659,53
2021-09-24 15:14:10.051665,51
2021-09-24 15:14:10.051672,46
2021-09-24 15:14:10.051678,41
2021-09-24 15:14:10.051685,41
2021-09-24 15:14:10.051691,41
2021-09-24 15:14:10.051698,24
2021-09-24 15:14:10.051704,-4
2021-09-24 15:14:10.051711,-60
2021-09-24 15:14:10.051717,-199
2021-09-24 15:14:10.051724,-427
2021-09-24 15:14:10.051730,-495
2021-09-24 15:14:10.051737,-174
2021-09-24 15:14:10.051744,374
2021-09-24 15:14:10.051757,680
2021-09-24 15:14:10.051764,454
2021-09-24 15:14:10.051771,106
2021-09-24 15:14:10.321543,38
2021-09-24 15:14:10.321567,-4
2021-09-24 15:14:10.321575,-119
2021-09-24 15:14:10.321583,-133
2021-09-24 15:14:10.321590,-106
2021-09-24 15:14:10.321596,-133
2021-09-24 15:14:10.321603,-155
2021-09-24 15:14:10.321610,-157
2021-09-24 15:14:10.321617,-167
2021-09-24 15:14:10.321624,-179
2021-09-24 15:14:10.321631,-184
2021-09-24 15:14:10.321638,-194
2021-09-24 15:14:10.321645,-213
2021-09-24 15:14:10.321652,-233
2021-09-24 15:14:10.321658,-245
2021-09-24 15:14:10.321697,-264
2021-09-24 15:14:10.321704,-289
2021-09-24 15:14:10.321711,-318
2021-09-24 15:14:10.321717,-352
2021-09-24 15:14:10.321724,-378
2021-09-24 15:14:10.321731,-398
2021-09-24 15:14:10.321738,-412
2021-09-24 15:14:10.321745,-415
2021-09-24 15:14:10.321751,-405
2021-09-24 15:14:10.321758,-383
2021-09-24 15:14:10.321765,-337
2021-09-24 15:14:10.321772,-257
2021-09-24 15:14:10.321779,-160
2021-09-24 15:14:10.321786,-55
2021-09-24 15:14:10.321793,36
2021-09-24 15:14:10.501209,104
2021-09-24 15:14:10.501252,157
2021-09-24 15:14:10.501260,196
2021-09-24 15:14:10.501267,213
2021-09-24 15:14:10.501273,223
2021-09-24 15:14:10.501280,225
2021-09-24 15:14:10.501286,216
2021-09-24 15:14:10.501293,211
2021-09-24 15:14:10.501299,206
2021-09-24 15:14:10.501306,199
2021-09-24 15:14:10.501312,189
2021-09-24 15:14:10.501319,179
2021-09-24 15:14:10.501325,160
2021-09-24 15:14:10.501332,138
2021-09-24 15:14:10.501338,126
2021-09-24 15:14:10.501345,123
2021-09-24 15:14:10.501351,116
2021-09-24 15:14:10.501358,104
2021-09-24 15:14:10.501364,92
2021-09-24 15:14:10.501371,87
2021-09-24 15:14:10.501377,80
2021-09-24 15:14:10.501383,75
2021-09-24 15:14:10.501390,77
2021-09-24 15:14:10.501396,80
2021-09-24 15:14:10.501403,77
2021-09-24 15:14:10.501409,82
2021-09-24 15:14:10.501416,87
2021-09-24 15:14:10.501422,87
2021-09-24 15:14:10.501429,87
2021-09-24 15:14:10.501435,87
2021-09-24 15:14:10.770805,87
2021-09-24 15:14:10.770827,89
2021-09-24 15:14:10.770835,92
2021-09-24 15:14:10.770842,92
2021-09-24 15:14:10.770849,92
2021-09-24 15:14:10.770855,89
2021-09-24 15:14:10.770862,82
2021-09-24 15:14:10.770868,77
2021-09-24 15:14:10.770874,68
2021-09-24 15:14:10.770881,55
2021-09-24 15:14:10.770887,43
2021-09-24 15:14:10.770894,34
2021-09-24 15:14:10.770900,38
2021-09-24 15:14:10.770907,65
2021-09-24 15:14:10.770913,77
2021-09-24 15:14:10.770920,70
2021-09-24 15:14:10.770926,68
2021-09-24 15:14:10.770932,70
2021-09-24 15:14:10.770939,70
2021-09-24 15:14:10.770945,72
2021-09-24 15:14:10.770952,70
2021-09-24 15:14:10.770958,63
2021-09-24 15:14:10.770965,48
2021-09-24 15:14:10.770971,24
2021-09-24 15:14:10.770977,-24
2021-09-24 15:14:10.770984,-145
2021-09-24 15:14:10.770990,-371
2021-09-24 15:14:10.770997,-480
2021-09-24 15:14:10.771003,-196
2021-09-24 15:14:10.771010,354
2021-09-24 15:14:11.041471,699
2021-09-24 15:14:11.041495,510
2021-09-24 15:14:11.041503,150
2021-09-24 15:14:11.041509,60
2021-09-24 15:14:11.041516,26
2021-09-24 15:14:11.041522,-92
2021-09-24 15:14:11.041529,-114
2021-09-24 15:14:11.041535,-82
2021-09-24 15:14:11.041542,-106
2021-09-24 15:14:11.041548,-133
2021-09-24 15:14:11.041555,-136
2021-09-24 15:14:11.041561,-153
2021-09-24 15:14:11.041567,-167
2021-09-24 15:14:11.041574,-174
2021-09-24 15:14:11.041580,-191
2021-09-24 15:14:11.041587,-216
2021-09-24 15:14:11.041593,-230
2021-09-24 15:14:11.041599,-247
2021-09-24 15:14:11.041606,-279
2021-09-24 15:14:11.041612,-308
2021-09-24 15:14:11.041619,-327
2021-09-24 15:14:11.041625,-357
2021-09-24 15:14:11.041631,-388
2021-09-24 15:14:11.041669,-410
2021-09-24 15:14:11.041675,-427
2021-09-24 15:14:11.041682,-429
2021-09-24 15:14:11.041688,-420
2021-09-24 15:14:11.041695,-400
2021-09-24 15:14:11.041711,-357
2021-09-24 15:14:11.041718,-276
2021-09-24 15:14:11.220201,-174
2021-09-24 15:14:11.220231,-70
2021-09-24 15:14:11.220244,14
2021-09-24 15:14:11.220254,82
2021-09-24 15:14:11.220265,133
2021-09-24 15:14:11.220275,172
2021-09-24 15:14:11.220285,199
2021-09-24 15:14:11.220295,208
2021-09-24 15:14:11.220318,208
2021-09-24 15:14:11.220328,204
2021-09-24 15:14:11.220339,194
2021-09-24 15:14:11.220349,191
2021-09-24 15:14:11.220416,187
2021-09-24 15:14:11.220454,177
2021-09-24 15:14:11.220474,167
2021-09-24 15:14:11.220493,153
2021-09-24 15:14:11.220510,140
2021-09-24 15:14:11.220527,136
2021-09-24 15:14:11.220546,131
2021-09-24 15:14:11.220564,121
2021-09-24 15:14:11.220580,114
2021-09-24 15:14:11.220598,102
2021-09-24 15:14:11.220616,92
2021-09-24 15:14:11.220633,94
2021-09-24 15:14:11.220651,97
2021-09-24 15:14:11.220670,92
2021-09-24 15:14:11.220686,85
2021-09-24 15:14:11.220718,82
2021-09-24 15:14:11.220725,87
2021-09-24 15:14:11.220732,92
2021-09-24 15:14:11.490924,89
2021-09-24 15:14:11.490947,89
2021-09-24 15:14:11.490955,89
2021-09-24 15:14:11.490962,77
2021-09-24 15:14:11.490968,75
2021-09-24 15:14:11.490975,85
2021-09-24 15:14:11.490981,92
2021-09-24 15:14:11.490988,89
2021-09-24 15:14:11.490994,80
2021-09-24 15:14:11.491001,68
2021-09-24 15:14:11.491007,55
2021-09-24 15:14:11.491014,51
2021-09-24 15:14:11.491020,46
2021-09-24 15:14:11.491027,41
2021-09-24 15:14:11.491033,48
2021-09-24 15:14:11.491040,65
2021-09-24 15:14:11.491047,75
2021-09-24 15:14:11.491053,75
2021-09-24 15:14:11.491060,72
2021-09-24 15:14:11.491066,75
2021-09-24 15:14:11.491073,75
2021-09-24 15:14:11.491079,70
2021-09-24 15:14:11.491086,68
2021-09-24 15:14:11.491092,63
2021-09-24 15:14:11.491098,43
2021-09-24 15:14:11.491105,19
2021-09-24 15:14:11.491112,-34
2021-09-24 15:14:11.491118,-179
2021-09-24 15:14:11.491125,-410
2021-09-24 15:14:11.491131,-468
2021-09-24 15:14:11.716553,-123
2021-09-24 15:14:11.716577,434
2021-09-24 15:14:11.716586,709
2021-09-24 15:14:11.716593,449
2021-09-24 15:14:11.716599,111
2021-09-24 15:14:11.716606,55
2021-09-24 15:14:11.716613,14
2021-09-24 15:14:11.716620,-106
2021-09-24 15:14:11.716627,-123
2021-09-24 15:14:11.716633,-104
2021-09-24 15:14:11.716640,-131
2021-09-24 15:14:11.716647,-143
2021-09-24 15:14:11.716654,-136
2021-09-24 15:14:11.716661,-150
2021-09-24 15:14:11.716667,-174
2021-09-24 15:14:11.716674,-182
2021-09-24 15:14:11.716713,-187
2021-09-24 15:14:11.716720,-199
2021-09-24 15:14:11.716727,-213
2021-09-24 15:14:11.716733,-235
2021-09-24 15:14:11.716740,-267
2021-09-24 15:14:11.716747,-293
2021-09-24 15:14:11.716754,-318
2021-09-24 15:14:11.716761,-349
2021-09-24 15:14:11.716767,-374
2021-09-24 15:14:11.716774,-395
2021-09-24 15:14:11.716781,-412
2021-09-24 15:14:11.716788,-412
2021-09-24 15:14:11.716795,-400
2021-09-24 15:14:11.716801,-376
2021-09-24 15:14:11.896624,-332
2021-09-24 15:14:11.896648,-255
2021-09-24 15:14:11.896656,-153
2021-09-24 15:14:11.896663,-55
2021-09-24 15:14:11.896669,31
2021-09-24 15:14:11.896676,104
2021-09-24 15:14:11.896713,153
2021-09-24 15:14:11.896719,182
2021-09-24 15:14:11.896726,194
2021-09-24 15:14:11.896732,204
2021-09-24 15:14:11.896739,208
2021-09-24 15:14:11.896745,208
2021-09-24 15:14:11.896751,204
2021-09-24 15:14:11.896758,194
2021-09-24 15:14:11.896764,179
2021-09-24 15:14:11.896771,170
2021-09-24 15:14:11.896777,162
2021-09-24 15:14:11.896783,153
2021-09-24 15:14:11.896790,143
2021-09-24 15:14:11.896796,128
2021-09-24 15:14:11.896803,114
2021-09-24 15:14:11.896809,111
2021-09-24 15:14:11.896815,106
2021-09-24 15:14:11.896822,104
2021-09-24 15:14:11.896828,102
2021-09-24 15:14:11.896834,102
2021-09-24 15:14:11.896841,97
2021-09-24 15:14:11.896847,94
2021-09-24 15:14:11.896853,94
2021-09-24 15:14:11.896860,87
2021-09-24 15:14:12.121723,82
2021-09-24 15:14:12.121745,82
2021-09-24 15:14:12.121753,80
2021-09-24 15:14:12.121760,75
2021-09-24 15:14:12.121767,80
2021-09-24 15:14:12.121774,82
2021-09-24 15:14:12.121780,75
2021-09-24 15:14:12.121797,68
2021-09-24 15:14:12.121804,70
2021-09-24 15:14:12.121811,70
2021-09-24 15:14:12.121817,70
2021-09-24 15:14:12.121824,70
2021-09-24 15:14:12.121831,65
2021-09-24 15:14:12.121837,65
2021-09-24 15:14:12.121844,72
2021-09-24 15:14:12.121850,70
2021-09-24 15:14:12.121857,58
2021-09-24 15:14:12.121864,41
2021-09-24 15:14:12.121870,31
2021-09-24 15:14:12.121877,29
2021-09-24 15:14:12.121883,26
2021-09-24 15:14:12.121890,29
2021-09-24 15:14:12.121896,51
2021-09-24 15:14:12.121903,68
2021-09-24 15:14:12.121909,68
2021-09-24 15:14:12.121916,63
2021-09-24 15:14:12.121923,68
2021-09-24 15:14:12.121929,68
2021-09-24 15:14:12.121936,68
2021-09-24 15:14:12.121943,68
2021-09-24 15:14:12.435927,68
2021-09-24 15:14:12.435952,63
2021-09-24 15:14:12.435960,53
2021-09-24 15:14:12.435967,19
2021-09-24 15:14:12.435974,-60
2021-09-24 15:14:12.435981,-250
2021-09-24 15:14:12.435988,-478
2021-09-24 15:14:12.435994,-429
2021-09-24 15:14:12.436001,14
2021-09-24 15:14:12.436008,544
2021-09-24 15:14:12.436015,663
2021-09-24 15:14:12.436021,310
2021-09-24 15:14:12.436028,60
2021-09-24 15:14:12.436035,55
2021-09-24 15:14:12.436042,-26
2021-09-24 15:14:12.436048,-126
2021-09-24 15:14:12.436055,-104
2021-09-24 15:14:12.436062,-97
2021-09-24 15:14:12.436069,-133
2021-09-24 15:14:12.436076,-138
2021-09-24 15:14:12.436082,-133
2021-09-24 15:14:12.436089,-150
2021-09-24 15:14:12.436096,-160
2021-09-24 15:14:12.436102,-167
2021-09-24 15:14:12.436109,-179
2021-09-24 15:14:12.436116,-194
2021-09-24 15:14:12.436122,-213
2021-09-24 15:14:12.436129,-235
2021-09-24 15:14:12.436136,-257
2021-09-24 15:14:12.436143,-286
2021-09-24 15:14:12.616192,-315
2021-09-24 15:14:12.616215,-340
2021-09-24 15:14:12.616222,-361
2021-09-24 15:14:12.616229,-383
2021-09-24 15:14:12.616236,-400
2021-09-24 15:14:12.616243,-408
2021-09-24 15:14:12.616249,-400
2021-09-24 15:14:12.616256,-369
2021-09-24 15:14:12.616262,-313
2021-09-24 15:14:12.616268,-235
2021-09-24 15:14:12.616275,-140
2021-09-24 15:14:12.616281,-51
2021-09-24 15:14:12.616288,29
2021-09-24 15:14:12.616295,97
2021-09-24 15:14:12.616301,145
2021-09-24 15:14:12.616307,172
2021-09-24 15:14:12.616314,189
2021-09-24 15:14:12.616320,194
2021-09-24 15:14:12.616327,196
2021-09-24 15:14:12.616333,199
2021-09-24 15:14:12.616340,194
2021-09-24 15:14:12.616346,184
2021-09-24 15:14:12.616353,174
2021-09-24 15:14:12.616359,162
2021-09-24 15:14:12.616365,153
2021-09-24 15:14:12.616372,145
2021-09-24 15:14:12.616378,138
2021-09-24 15:14:12.616385,126
2021-09-24 15:14:12.616391,116
2021-09-24 15:14:12.616398,109
2021-09-24 15:14:12.841556,106
2021-09-24 15:14:12.841580,104
2021-09-24 15:14:12.841588,99
2021-09-24 15:14:12.841594,97
2021-09-24 15:14:12.841601,94
2021-09-24 15:14:12.841607,94
2021-09-24 15:14:12.841614,99
2021-09-24 15:14:12.841620,102
2021-09-24 15:14:12.841626,94
2021-09-24 15:14:12.841633,87
2021-09-24 15:14:12.841639,85
2021-09-24 15:14:12.841646,85
2021-09-24 15:14:12.841652,87
2021-09-24 15:14:12.841659,92
2021-09-24 15:14:12.841665,89
2021-09-24 15:14:12.841672,85
2021-09-24 15:14:12.841678,77
2021-09-24 15:14:12.841685,72
2021-09-24 15:14:12.841691,72
2021-09-24 15:14:12.841730,77
2021-09-24 15:14:12.841736,77
2021-09-24 15:14:12.841743,75
2021-09-24 15:14:12.841749,80
2021-09-24 15:14:12.841755,77
2021-09-24 15:14:12.841762,60
2021-09-24 15:14:12.841768,43
2021-09-24 15:14:12.841775,38
2021-09-24 15:14:12.841781,41
2021-09-24 15:14:12.841788,34
2021-09-24 15:14:12.841794,31
2021-09-24 15:14:13.066601,55
2021-09-24 15:14:13.066631,75
2021-09-24 15:14:13.066643,77
2021-09-24 15:14:13.066654,70
2021-09-24 15:14:13.066664,60
2021-09-24 15:14:13.066674,63
2021-09-24 15:14:13.066683,70
2021-09-24 15:14:13.066693,70
2021-09-24 15:14:13.066703,65
2021-09-24 15:14:13.066713,58
2021-09-24 15:14:13.066723,41
2021-09-24 15:14:13.066734,9
2021-09-24 15:14:13.066744,-53
2021-09-24 15:14:13.066753,-221
2021-09-24 15:14:13.066764,-454
2021-09-24 15:14:13.066773,-461
2021-09-24 15:14:13.066783,-63
2021-09-24 15:14:13.066793,490
2021-09-24 15:14:13.066803,675
2021-09-24 15:14:13.066813,357
2021-09-24 15:14:13.066823,82
2021-09-24 15:14:13.066833,65
2021-09-24 15:14:13.066843,-12
2021-09-24 15:14:13.066853,-114
2021-09-24 15:14:13.066863,-97
2021-09-24 15:14:13.066873,-82
2021-09-24 15:14:13.066883,-119
2021-09-24 15:14:13.066893,-133
2021-09-24 15:14:13.066903,-131
2021-09-24 15:14:13.066913,-140
2021-09-24 15:14:13.425131,-153
2021-09-24 15:14:13.425153,-155
2021-09-24 15:14:13.425161,-172
2021-09-24 15:14:13.425168,-204
2021-09-24 15:14:13.425175,-228
2021-09-24 15:14:13.425181,-245
2021-09-24 15:14:13.425188,-269
2021-09-24 15:14:13.425195,-291
2021-09-24 15:14:13.425201,-315
2021-09-24 15:14:13.425208,-352
2021-09-24 15:14:13.425215,-378
2021-09-24 15:14:13.425221,-393
2021-09-24 15:14:13.425228,-412
2021-09-24 15:14:13.425234,-417
2021-09-24 15:14:13.425241,-403
2021-09-24 15:14:13.425247,-376
2021-09-24 15:14:13.425254,-325
2021-09-24 15:14:13.425260,-238
2021-09-24 15:14:13.425267,-138
2021-09-24 15:14:13.425273,-43
2021-09-24 15:14:13.425280,36
2021-09-24 15:14:13.425287,97
2021-09-24 15:14:13.425293,148
2021-09-24 15:14:13.425300,182
2021-09-24 15:14:13.425306,199
2021-09-24 15:14:13.425313,206
2021-09-24 15:14:13.425319,208
2021-09-24 15:14:13.425326,204
2021-09-24 15:14:13.425332,199
2021-09-24 15:14:13.425339,196
2021-09-24 15:14:13.516147,189
2021-09-24 15:14:13.516168,177
2021-09-24 15:14:13.516175,165
2021-09-24 15:14:13.516182,150
2021-09-24 15:14:13.516188,143
2021-09-24 15:14:13.516194,138
2021-09-24 15:14:13.516200,128
2021-09-24 15:14:13.516206,121
2021-09-24 15:14:13.516212,111
2021-09-24 15:14:13.516218,99
2021-09-24 15:14:13.516224,99
2021-09-24 15:14:13.516230,104
2021-09-24 15:14:13.516236,106
2021-09-24 15:14:13.516242,99
2021-09-24 15:14:13.516248,89
2021-09-24 15:14:13.516254,75
2021-09-24 15:14:13.516260,70
2021-09-24 15:14:13.516266,80
2021-09-24 15:14:13.516272,87
2021-09-24 15:14:13.516278,82
2021-09-24 15:14:13.516284,72
2021-09-24 15:14:13.516290,68
2021-09-24 15:14:13.516296,72
2021-09-24 15:14:13.516302,77
2021-09-24 15:14:13.516307,77
2021-09-24 15:14:13.516313,72
2021-09-24 15:14:13.516319,63
2021-09-24 15:14:13.516326,65
2021-09-24 15:14:13.516332,70
2021-09-24 15:14:13.516338,60
2021-09-24 15:14:13.741460,41
2021-09-24 15:14:13.741482,29
2021-09-24 15:14:13.741490,26
2021-09-24 15:14:13.741496,19
2021-09-24 15:14:13.741503,24
2021-09-24 15:14:13.741509,46
2021-09-24 15:14:13.741516,65
2021-09-24 15:14:13.741522,60
2021-09-24 15:14:13.741528,53
2021-09-24 15:14:13.741535,53
2021-09-24 15:14:13.741541,55
2021-09-24 15:14:13.741548,55
2021-09-24 15:14:13.741554,55
2021-09-24 15:14:13.741561,51
2021-09-24 15:14:13.741567,41
2021-09-24 15:14:13.741573,36
2021-09-24 15:14:13.741580,12
2021-09-24 15:14:13.741586,-48
2021-09-24 15:14:13.741593,-196
2021-09-24 15:14:13.741599,-442
2021-09-24 15:14:13.741606,-529
2021-09-24 15:14:13.741612,-211
2021-09-24 15:14:13.741618,359
2021-09-24 15:14:13.741625,643
2021-09-24 15:14:13.741631,381
2021-09-24 15:14:13.741638,85
2021-09-24 15:14:13.741644,68
2021-09-24 15:14:13.741651,19
2021-09-24 15:14:13.741657,-106
2021-09-24 15:14:13.741663,-116
2021-09-24 15:14:13.966480,-85
2021-09-24 15:14:13.966503,-114
2021-09-24 15:14:13.966511,-136
2021-09-24 15:14:13.966517,-133
2021-09-24 15:14:13.966524,-145
2021-09-24 15:14:13.966530,-155
2021-09-24 15:14:13.966537,-167
2021-09-24 15:14:13.966543,-189
2021-09-24 15:14:13.966550,-206
2021-09-24 15:14:13.966556,-223
2021-09-24 15:14:13.966563,-247
2021-09-24 15:14:13.966569,-274
2021-09-24 15:14:13.966576,-303
2021-09-24 15:14:13.966582,-340
2021-09-24 15:14:13.966589,-366
2021-09-24 15:14:13.966627,-386
2021-09-24 15:14:13.966634,-405
2021-09-24 15:14:13.966650,-415
2021-09-24 15:14:13.966657,-417
2021-09-24 15:14:13.966663,-408
2021-09-24 15:14:13.966670,-381
2021-09-24 15:14:13.966676,-335
2021-09-24 15:14:13.966683,-264
2021-09-24 15:14:13.966689,-162
2021-09-24 15:14:13.966696,-60
2021-09-24 15:14:13.966702,19
2021-09-24 15:14:13.966709,85
2021-09-24 15:14:13.966715,136
2021-09-24 15:14:13.966722,167
2021-09-24 15:14:13.966728,184
2021-09-24 15:14:14.191580,196
2021-09-24 15:14:14.191604,201
2021-09-24 15:14:14.191643,199
2021-09-24 15:14:14.191651,191
2021-09-24 15:14:14.191657,187
2021-09-24 15:14:14.191664,177
2021-09-24 15:14:14.191670,157
2021-09-24 15:14:14.191677,140
2021-09-24 15:14:14.191683,131
2021-09-24 15:14:14.191690,128
2021-09-24 15:14:14.191696,128
2021-09-24 15:14:14.191703,114
2021-09-24 15:14:14.191709,97
2021-09-24 15:14:14.191716,94
2021-09-24 15:14:14.191723,89
2021-09-24 15:14:14.191729,85
2021-09-24 15:14:14.191736,89
2021-09-24 15:14:14.191742,94
2021-09-24 15:14:14.191749,85
2021-09-24 15:14:14.191755,85
2021-09-24 15:14:14.191762,92
2021-09-24 15:14:14.191768,82
2021-09-24 15:14:14.191774,80
2021-09-24 15:14:14.191781,89
2021-09-24 15:14:14.191787,89
2021-09-24 15:14:14.191794,87
2021-09-24 15:14:14.191800,89
2021-09-24 15:14:14.191807,92
2021-09-24 15:14:14.191813,94
2021-09-24 15:14:14.191820,94
2021-09-24 15:14:14.461584,87
2021-09-24 15:14:14.461608,77
2021-09-24 15:14:14.461617,68
2021-09-24 15:14:14.461646,55
2021-09-24 15:14:14.461654,51
2021-09-24 15:14:14.461661,46
2021-09-24 15:14:14.461668,48
2021-09-24 15:14:14.461675,68
2021-09-24 15:14:14.461682,80
2021-09-24 15:14:14.461689,80
2021-09-24 15:14:14.461695,75
2021-09-24 15:14:14.461702,65
2021-09-24 15:14:14.461709,63
2021-09-24 15:14:14.461716,68
2021-09-24 15:14:14.461723,68
2021-09-24 15:14:14.461730,60
2021-09-24 15:14:14.461737,48
2021-09-24 15:14:14.461743,12
2021-09-24 15:14:14.461750,-53
2021-09-24 15:14:14.461757,-211
2021-09-24 15:14:14.461764,-442
2021-09-24 15:14:14.461771,-456
2021-09-24 15:14:14.461778,-63
2021-09-24 15:14:14.461785,490
2021-09-24 15:14:14.461792,653
2021-09-24 15:14:14.461799,323
2021-09-24 15:14:14.461806,85
2021-09-24 15:14:14.461812,87
2021-09-24 15:14:14.461819,-2
2021-09-24 15:14:14.461826,-116
2021-09-24 15:14:14.641392,-104
2021-09-24 15:14:14.641416,-87
2021-09-24 15:14:14.641424,-119
2021-09-24 15:14:14.641431,-133
2021-09-24 15:14:14.641437,-136
2021-09-24 15:14:14.641444,-157
2021-09-24 15:14:14.641451,-170
2021-09-24 15:14:14.641457,-170
2021-09-24 15:14:14.641464,-182
2021-09-24 15:14:14.641470,-201
2021-09-24 15:14:14.641477,-223
2021-09-24 15:14:14.641483,-250
2021-09-24 15:14:14.641489,-272
2021-09-24 15:14:14.641496,-296
2021-09-24 15:14:14.641502,-327
2021-09-24 15:14:14.641509,-364
2021-09-24 15:14:14.641515,-393
2021-09-24 15:14:14.641522,-412
2021-09-24 15:14:14.641528,-417
2021-09-24 15:14:14.641535,-408
2021-09-24 15:14:14.641541,-388
2021-09-24 15:14:14.641548,-354
2021-09-24 15:14:14.641554,-291
2021-09-24 15:14:14.641561,-201
2021-09-24 15:14:14.641567,-99
2021-09-24 15:14:14.641574,-9
2021-09-24 15:14:14.641580,63
2021-09-24 15:14:14.641587,121
2021-09-24 15:14:14.641593,162
2021-09-24 15:14:14.641600,187
2021-09-24 15:14:14.911533,201
2021-09-24 15:14:14.911557,211
2021-09-24 15:14:14.911565,211
2021-09-24 15:14:14.911572,201
2021-09-24 15:14:14.911578,189
2021-09-24 15:14:14.911585,184
2021-09-24 15:14:14.911591,177
2021-09-24 15:14:14.911598,167
2021-09-24 15:14:14.911604,155
2021-09-24 15:14:14.911610,140
2021-09-24 15:14:14.911649,126
2021-09-24 15:14:14.911655,119
2021-09-24 15:14:14.911662,119
2021-09-24 15:14:14.911668,114
2021-09-24 15:14:14.911675,106
2021-09-24 15:14:14.911681,99
2021-09-24 15:14:14.911688,92
2021-09-24 15:14:14.911694,89
2021-09-24 15:14:14.911700,97
2021-09-24 15:14:14.911707,99
2021-09-24 15:14:14.911713,97
2021-09-24 15:14:14.911719,94
2021-09-24 15:14:14.911726,94
2021-09-24 15:14:14.911732,99
2021-09-24 15:14:14.911739,102
2021-09-24 15:14:14.911745,102
2021-09-24 15:14:14.911752,97
2021-09-24 15:14:14.911758,92
2021-09-24 15:14:14.911765,94
2021-09-24 15:14:14.911771,97
2021-09-24 15:14:15.136713,87
2021-09-24 15:14:15.136745,80
2021-09-24 15:14:15.136756,72
2021-09-24 15:14:15.136767,53
2021-09-24 15:14:15.136777,34
2021-09-24 15:14:15.136786,38
2021-09-24 15:14:15.136796,58
2021-09-24 15:14:15.136806,75
2021-09-24 15:14:15.136816,77
2021-09-24 15:14:15.136826,68
2021-09-24 15:14:15.136836,60
2021-09-24 15:14:15.136846,65
2021-09-24 15:14:15.136856,70
2021-09-24 15:14:15.136866,68
2021-09-24 15:14:15.136876,63
2021-09-24 15:14:15.136886,51
2021-09-24 15:14:15.136896,34
2021-09-24 15:14:15.136906,2
2021-09-24 15:14:15.136916,-85
2021-09-24 15:14:15.136927,-284
2021-09-24 15:14:15.136937,-483
2021-09-24 15:14:15.136947,-374
2021-09-24 15:14:15.136957,89
2021-09-24 15:14:15.136967,578
2021-09-24 15:14:15.136977,638
2021-09-24 15:14:15.136987,291
2021-09-24 15:14:15.136997,87
2021-09-24 15:14:15.137007,87
2021-09-24 15:14:15.137017,-19
2021-09-24 15:14:15.137027,-116
2021-09-24 15:14:15.450189,-87
2021-09-24 15:14:15.450213,-82
2021-09-24 15:14:15.450221,-121
2021-09-24 15:14:15.450227,-131
2021-09-24 15:14:15.450234,-126
2021-09-24 15:14:15.450241,-138
2021-09-24 15:14:15.450247,-153
2021-09-24 15:14:15.450254,-160
2021-09-24 15:14:15.450260,-179
2021-09-24 15:14:15.450267,-204
2021-09-24 15:14:15.450273,-216
2021-09-24 15:14:15.450280,-228
2021-09-24 15:14:15.450286,-252
2021-09-24 15:14:15.450293,-284
2021-09-24 15:14:15.450299,-327
2021-09-24 15:14:15.450306,-364
2021-09-24 15:14:15.450312,-388
2021-09-24 15:14:15.450319,-405
2021-09-24 15:14:15.450325,-410
2021-09-24 15:14:15.450332,-408
2021-09-24 15:14:15.450338,-395
2021-09-24 15:14:15.450345,-359
2021-09-24 15:14:15.450351,-284
2021-09-24 15:14:15.450358,-182
2021-09-24 15:14:15.450364,-80
2021-09-24 15:14:15.450370,12
2021-09-24 15:14:15.450377,87
2021-09-24 15:14:15.450383,140
2021-09-24 15:14:15.450390,182
2021-09-24 15:14:15.450396,208
2021-09-24 15:14:15.586707,218
2021-09-24 15:14:15.586737,213
2021-09-24 15:14:15.586749,208
2021-09-24 15:14:15.586759,204
2021-09-24 15:14:15.586770,201
2021-09-24 15:14:15.586780,194
2021-09-24 15:14:15.586790,189
2021-09-24 15:14:15.586800,182
2021-09-24 15:14:15.586810,162
2021-09-24 15:14:15.586820,140
2021-09-24 15:14:15.586830,131
2021-09-24 15:14:15.586839,131
2021-09-24 15:14:15.586849,121
2021-09-24 15:14:15.586859,104
2021-09-24 15:14:15.586869,92
2021-09-24 15:14:15.586879,89
2021-09-24 15:14:15.586889,89
2021-09-24 15:14:15.586899,87
2021-09-24 15:14:15.586909,87
2021-09-24 15:14:15.586919,82
2021-09-24 15:14:15.586929,75
2021-09-24 15:14:15.586939,75
2021-09-24 15:14:15.586949,82
2021-09-24 15:14:15.586959,87
2021-09-24 15:14:15.586969,89
2021-09-24 15:14:15.586979,87
2021-09-24 15:14:15.586989,85
2021-09-24 15:14:15.586999,82
2021-09-24 15:14:15.587009,85
2021-09-24 15:14:15.587019,89
2021-09-24 15:14:15.811008,94
2021-09-24 15:14:15.811028,94
2021-09-24 15:14:15.811036,85
2021-09-24 15:14:15.811043,68
2021-09-24 15:14:15.811050,60
2021-09-24 15:14:15.811056,58
2021-09-24 15:14:15.811062,43
2021-09-24 15:14:15.811069,29
2021-09-24 15:14:15.811075,31
2021-09-24 15:14:15.811081,53
2021-09-24 15:14:15.811088,70
2021-09-24 15:14:15.811094,70
2021-09-24 15:14:15.811101,63
2021-09-24 15:14:15.811107,60
2021-09-24 15:14:15.811113,58
2021-09-24 15:14:15.811120,58
2021-09-24 15:14:15.811126,58
2021-09-24 15:14:15.811132,60
2021-09-24 15:14:15.811139,55
2021-09-24 15:14:15.811145,24
2021-09-24 15:14:15.811151,-31
2021-09-24 15:14:15.811158,-148
2021-09-24 15:14:15.811164,-364
2021-09-24 15:14:15.811171,-468
2021-09-24 15:14:15.811177,-208
2021-09-24 15:14:15.811184,296
2021-09-24 15:14:15.811190,660
2021-09-24 15:14:15.811196,546
2021-09-24 15:14:15.811212,187
2021-09-24 15:14:15.811219,70
2021-09-24 15:14:16.081003,58
2021-09-24 15:14:16.081027,-53
2021-09-24 15:14:16.081035,-97
2021-09-24 15:14:16.081042,-65
2021-09-24 15:14:16.081049,-92
2021-09-24 15:14:16.081055,-128
2021-09-24 15:14:16.081062,-138
2021-09-24 15:14:16.081068,-150
2021-09-24 15:14:16.081075,-160
2021-09-24 15:14:16.081081,-167
2021-09-24 15:14:16.081088,-177
2021-09-24 15:14:16.081094,-189
2021-09-24 15:14:16.081101,-211
2021-09-24 15:14:16.081107,-235
2021-09-24 15:14:16.081114,-264
2021-09-24 15:14:16.081120,-293
2021-09-24 15:14:16.081127,-315
2021-09-24 15:14:16.081133,-340
2021-09-24 15:14:16.081140,-371
2021-09-24 15:14:16.081146,-391
2021-09-24 15:14:16.081152,-405
2021-09-24 15:14:16.081159,-417
2021-09-24 15:14:16.081165,-412
2021-09-24 15:14:16.081172,-388
2021-09-24 15:14:16.081178,-347
2021-09-24 15:14:16.081185,-274
2021-09-24 15:14:16.081191,-172
2021-09-24 15:14:16.081198,-70
2021-09-24 15:14:16.081204,17
2021-09-24 15:14:16.081211,89
2021-09-24 15:14:16.261548,145
2021-09-24 15:14:16.261573,182
2021-09-24 15:14:16.261581,201
2021-09-24 15:14:16.261587,206
2021-09-24 15:14:16.261594,211
2021-09-24 15:14:16.261600,206
2021-09-24 15:14:16.261607,191
2021-09-24 15:14:16.261644,182
2021-09-24 15:14:16.261651,174
2021-09-24 15:14:16.261657,162
2021-09-24 15:14:16.261664,155
2021-09-24 15:14:16.261670,145
2021-09-24 15:14:16.261676,133
2021-09-24 15:14:16.261683,128
2021-09-24 15:14:16.261689,123
2021-09-24 15:14:16.261695,116
2021-09-24 15:14:16.261702,106
2021-09-24 15:14:16.261708,99
2021-09-24 15:14:16.261715,94
2021-09-24 15:14:16.261721,92
2021-09-24 15:14:16.261727,92
2021-09-24 15:14:16.261734,87
2021-09-24 15:14:16.261740,87
2021-09-24 15:14:16.261746,87
2021-09-24 15:14:16.261753,87
2021-09-24 15:14:16.261759,89
2021-09-24 15:14:16.261766,89
2021-09-24 15:14:16.261772,89
2021-09-24 15:14:16.261778,92
2021-09-24 15:14:16.261785,92
2021-09-24 15:14:16.576091,92
2021-09-24 15:14:16.576112,97
2021-09-24 15:14:16.576120,99
2021-09-24 15:14:16.576127,92
2021-09-24 15:14:16.576134,80
2021-09-24 15:14:16.576140,65
2021-09-24 15:14:16.576147,58
2021-09-24 15:14:16.576153,53
2021-09-24 15:14:16.576160,41
2021-09-24 15:14:16.576166,41
2021-09-24 15:14:16.576173,53
2021-09-24 15:14:16.576179,63
2021-09-24 15:14:16.576186,63
2021-09-24 15:14:16.576193,65
2021-09-24 15:14:16.576200,68
2021-09-24 15:14:16.576206,65
2021-09-24 15:14:16.576213,60
2021-09-24 15:14:16.576220,60
2021-09-24 15:14:16.576226,58
2021-09-24 15:14:16.576233,48
2021-09-24 15:14:16.576239,12
2021-09-24 15:14:16.576246,-48
2021-09-24 15:14:16.576252,-177
2021-09-24 15:14:16.576259,-393
2021-09-24 15:14:16.576265,-456
2021-09-24 15:14:16.576272,-136
2021-09-24 15:14:16.576278,391
2021-09-24 15:14:16.576285,692
2021-09-24 15:14:16.576291,485
2021-09-24 15:14:16.576298,131
2021-09-24 15:14:16.711713,58
2021-09-24 15:14:16.711736,34
2021-09-24 15:14:16.711744,-85
2021-09-24 15:14:16.711751,-109
2021-09-24 15:14:16.711757,-87
2021-09-24 15:14:16.711764,-114
2021-09-24 15:14:16.711770,-133
2021-09-24 15:14:16.711777,-123
2021-09-24 15:14:16.711783,-133
2021-09-24 15:14:16.711790,-150
2021-09-24 15:14:16.711796,-155
2021-09-24 15:14:16.711803,-172
2021-09-24 15:14:16.711809,-187
2021-09-24 15:14:16.711816,-201
2021-09-24 15:14:16.711822,-225
2021-09-24 15:14:16.711828,-255
2021-09-24 15:14:16.711835,-284
2021-09-24 15:14:16.711841,-310
2021-09-24 15:14:16.711848,-337
2021-09-24 15:14:16.711854,-361
2021-09-24 15:14:16.711861,-386
2021-09-24 15:14:16.711867,-405
2021-09-24 15:14:16.711874,-410
2021-09-24 15:14:16.711880,-398
2021-09-24 15:14:16.711887,-369
2021-09-24 15:14:16.711893,-315
2021-09-24 15:14:16.711900,-230
2021-09-24 15:14:16.711906,-131
2021-09-24 15:14:16.711913,-34
2021-09-24 15:14:16.711919,51
2021-09-24 15:14:17.026504,119
2021-09-24 15:14:17.026527,167
2021-09-24 15:14:17.026535,189
2021-09-24 15:14:17.026541,194
2021-09-24 15:14:17.026548,194
2021-09-24 15:14:17.026554,201
2021-09-24 15:14:17.026561,204
2021-09-24 15:14:17.026567,199
2021-09-24 15:14:17.026574,187
2021-09-24 15:14:17.026580,172
2021-09-24 15:14:17.026587,157
2021-09-24 15:14:17.026593,153
2021-09-24 15:14:17.026600,143
2021-09-24 15:14:17.026606,126
2021-09-24 15:14:17.026613,111
2021-09-24 15:14:17.026619,102
2021-09-24 15:14:17.026625,94
2021-09-24 15:14:17.026632,89
2021-09-24 15:14:17.026638,87
2021-09-24 15:14:17.026645,87
2021-09-24 15:14:17.026651,82
2021-09-24 15:14:17.026658,77
2021-09-24 15:14:17.026664,77
2021-09-24 15:14:17.026670,82
2021-09-24 15:14:17.026677,82
2021-09-24 15:14:17.026683,72
2021-09-24 15:14:17.026690,65
2021-09-24 15:14:17.026703,65
2021-09-24 15:14:17.026710,70
2021-09-24 15:14:17.026716,72
2021-09-24 15:14:17.206653,75
2021-09-24 15:14:17.206675,77
2021-09-24 15:14:17.206683,77
2021-09-24 15:14:17.206689,77
2021-09-24 15:14:17.206696,82
2021-09-24 15:14:17.206702,85
2021-09-24 15:14:17.206709,77
2021-09-24 15:14:17.206715,70
2021-09-24 15:14:17.206721,55
2021-09-24 15:14:17.206728,36
2021-09-24 15:14:17.206734,29
2021-09-24 15:14:17.206740,36
2021-09-24 15:14:17.206747,55
2021-09-24 15:14:17.206753,72
2021-09-24 15:14:17.206760,72
2021-09-24 15:14:17.206766,60
2021-09-24 15:14:17.206772,60
2021-09-24 15:14:17.206779,65
2021-09-24 15:14:17.206785,68
2021-09-24 15:14:17.206791,65
2021-09-24 15:14:17.206798,58
2021-09-24 15:14:17.206804,48
2021-09-24 15:14:17.206811,38
2021-09-24 15:14:17.206817,9
2021-09-24 15:14:17.206823,-72
2021-09-24 15:14:17.206830,-264
2021-09-24 15:14:17.206836,-466
2021-09-24 15:14:17.206842,-369
2021-09-24 15:14:17.206849,104
2021-09-24 15:14:17.206855,602
2021-09-24 15:14:17.520458,665
2021-09-24 15:14:17.520483,301
2021-09-24 15:14:17.520491,72
2021-09-24 15:14:17.520498,70
2021-09-24 15:14:17.520505,-19
2021-09-24 15:14:17.520511,-102
2021-09-24 15:14:17.520518,-75
2021-09-24 15:14:17.520525,-75
2021-09-24 15:14:17.520531,-119
2021-09-24 15:14:17.520538,-123
2021-09-24 15:14:17.520544,-119
2021-09-24 15:14:17.520550,-131
2021-09-24 15:14:17.520557,-143
2021-09-24 15:14:17.520564,-155
2021-09-24 15:14:17.520570,-177
2021-09-24 15:14:17.520577,-194
2021-09-24 15:14:17.520583,-204
2021-09-24 15:14:17.520590,-228
2021-09-24 15:14:17.520596,-257
2021-09-24 15:14:17.520603,-286
2021-09-24 15:14:17.520609,-318
2021-09-24 15:14:17.520616,-347
2021-09-24 15:14:17.520622,-369
2021-09-24 15:14:17.520629,-386
2021-09-24 15:14:17.520635,-393
2021-09-24 15:14:17.520642,-393
2021-09-24 15:14:17.520648,-381
2021-09-24 15:14:17.520655,-342
2021-09-24 15:14:17.520661,-276
2021-09-24 15:14:17.520668,-184
2021-09-24 15:14:17.656477,-87
2021-09-24 15:14:17.656504,-7
2021-09-24 15:14:17.656513,68
2021-09-24 15:14:17.656612,133
2021-09-24 15:14:17.656621,172
2021-09-24 15:14:17.656627,194
2021-09-24 15:14:17.656634,204
2021-09-24 15:14:17.656641,201
2021-09-24 15:14:17.656648,191
2021-09-24 15:14:17.656654,189
2021-09-24 15:14:17.656661,189
2021-09-24 15:14:17.656668,179
2021-09-24 15:14:17.656675,167
2021-09-24 15:14:17.656682,150
2021-09-24 15:14:17.656689,136
2021-09-24 15:14:17.656695,128
2021-09-24 15:14:17.656702,121
2021-09-24 15:14:17.656709,111
2021-09-24 15:14:17.656716,106
2021-09-24 15:14:17.656722,97
2021-09-24 15:14:17.656729,87
2021-09-24 15:14:17.656736,82
2021-09-24 15:14:17.656743,85
2021-09-24 15:14:17.656750,85
2021-09-24 15:14:17.656757,80
2021-09-24 15:14:17.656763,80
2021-09-24 15:14:17.656770,82
2021-09-24 15:14:17.656777,85
2021-09-24 15:14:17.656784,87
2021-09-24 15:14:17.656790,89
2021-09-24 15:14:17.926286,89
2021-09-24 15:14:17.926309,87
2021-09-24 15:14:17.926318,87
2021-09-24 15:14:17.926324,87
2021-09-24 15:14:17.926331,85
2021-09-24 15:14:17.926338,85
2021-09-24 15:14:17.926344,80
2021-09-24 15:14:17.926351,72
2021-09-24 15:14:17.926357,72
2021-09-24 15:14:17.926364,75
2021-09-24 15:14:17.926380,80
2021-09-24 15:14:17.926387,82
2021-09-24 15:14:17.926393,72
2021-09-24 15:14:17.926400,55
2021-09-24 15:14:17.926406,46
2021-09-24 15:14:17.926413,36
2021-09-24 15:14:17.926419,31
2021-09-24 15:14:17.926974,29
2021-09-24 15:14:17.926982,36
2021-09-24 15:14:17.926989,58
2021-09-24 15:14:17.926995,68
2021-09-24 15:14:17.927002,60
2021-09-24 15:14:17.927008,53
2021-09-24 15:14:17.927015,58
2021-09-24 15:14:17.927021,58
2021-09-24 15:14:17.927028,58
2021-09-24 15:14:17.927034,60
2021-09-24 15:14:17.927040,58
2021-09-24 15:14:17.927047,53
2021-09-24 15:14:17.927053,36
2021-09-24 15:14:18.151080,-12
2021-09-24 15:14:18.151099,-126
2021-09-24 15:14:18.151105,-347
2021-09-24 15:14:18.151111,-490
2021-09-24 15:14:18.151116,-252
2021-09-24 15:14:18.151121,291
2021-09-24 15:14:18.151126,680
2021-09-24 15:14:18.151131,539
2021-09-24 15:14:18.151137,174
2021-09-24 15:14:18.151142,68
2021-09-24 15:14:18.151147,51
2021-09-24 15:14:18.151152,-72
2021-09-24 15:14:18.151157,-119
2021-09-24 15:14:18.151162,-80
2021-09-24 15:14:18.151167,-97
2021-09-24 15:14:18.151172,-126
2021-09-24 15:14:18.151178,-123
2021-09-24 15:14:18.151183,-131
2021-09-24 15:14:18.151188,-155
2021-09-24 15:14:18.151193,-165
2021-09-24 15:14:18.151198,-174
2021-09-24 15:14:18.151203,-191
2021-09-24 15:14:18.151208,-206
2021-09-24 15:14:18.151213,-223
2021-09-24 15:14:18.151219,-250
2021-09-24 15:14:18.151224,-269
2021-09-24 15:14:18.151229,-291
2021-09-24 15:14:18.151234,-320
2021-09-24 15:14:18.151239,-347
2021-09-24 15:14:18.151245,-369
2021-09-24 15:14:18.376421,-381
2021-09-24 15:14:18.376445,-383
2021-09-24 15:14:18.376454,-376
2021-09-24 15:14:18.376460,-354
2021-09-24 15:14:18.376467,-315
2021-09-24 15:14:18.376495,-259
2021-09-24 15:14:18.376502,-172
2021-09-24 15:14:18.376509,-70
2021-09-24 15:14:18.376515,12
2021-09-24 15:14:18.376522,75
2021-09-24 15:14:18.376528,128
2021-09-24 15:14:18.376535,165
2021-09-24 15:14:18.376541,187
2021-09-24 15:14:18.376548,201
2021-09-24 15:14:18.376554,206
2021-09-24 15:14:18.376561,199
2021-09-24 15:14:18.376567,194
2021-09-24 15:14:18.376574,182
2021-09-24 15:14:18.376580,172
2021-09-24 15:14:18.376587,165
2021-09-24 15:14:18.376593,155
2021-09-24 15:14:18.376600,143
2021-09-24 15:14:18.376606,133
2021-09-24 15:14:18.376613,121
2021-09-24 15:14:18.376619,116
2021-09-24 15:14:18.376626,106
2021-09-24 15:14:18.376632,97
2021-09-24 15:14:18.376639,89
2021-09-24 15:14:18.376645,87
2021-09-24 15:14:18.376683,87
2021-09-24 15:14:18.556341,89
2021-09-24 15:14:18.556364,89
2021-09-24 15:14:18.556372,87
2021-09-24 15:14:18.556379,85
2021-09-24 15:14:18.556385,85
2021-09-24 15:14:18.556392,87
2021-09-24 15:14:18.556398,89
2021-09-24 15:14:18.556405,94
2021-09-24 15:14:18.556411,92
2021-09-24 15:14:18.556418,85
2021-09-24 15:14:18.556424,82
2021-09-24 15:14:18.556431,72
2021-09-24 15:14:18.556437,60
2021-09-24 15:14:18.556444,58
2021-09-24 15:14:18.556450,65
2021-09-24 15:14:18.556457,65
2021-09-24 15:14:18.556463,63
2021-09-24 15:14:18.556470,63
2021-09-24 15:14:18.556476,58
2021-09-24 15:14:18.556483,48
2021-09-24 15:14:18.556489,38
2021-09-24 15:14:18.556496,26
2021-09-24 15:14:18.556502,19
2021-09-24 15:14:18.556509,26
2021-09-24 15:14:18.556515,48
2021-09-24 15:14:18.556522,68
2021-09-24 15:14:18.556528,68
2021-09-24 15:14:18.556535,55
2021-09-24 15:14:18.556541,53
2021-09-24 15:14:18.556548,58
2021-09-24 15:14:18.826406,60
2021-09-24 15:14:18.826431,58
2021-09-24 15:14:18.826439,58
2021-09-24 15:14:18.826446,48
2021-09-24 15:14:18.826452,26
2021-09-24 15:14:18.826459,-2
2021-09-24 15:14:18.826465,-82
2021-09-24 15:14:18.826472,-284
2021-09-24 15:14:18.826478,-500
2021-09-24 15:14:18.826485,-427
2021-09-24 15:14:18.826491,34
2021-09-24 15:14:18.826498,561
2021-09-24 15:14:18.826504,624
2021-09-24 15:14:18.826511,257
2021-09-24 15:14:18.826517,63
2021-09-24 15:14:18.826524,70
2021-09-24 15:14:18.826530,-29
2021-09-24 15:14:18.826537,-111
2021-09-24 15:14:18.826543,-80
2021-09-24 15:14:18.826550,-82
2021-09-24 15:14:18.826556,-123
2021-09-24 15:14:18.826563,-126
2021-09-24 15:14:18.826569,-126
2021-09-24 15:14:18.826576,-145
2021-09-24 15:14:18.826582,-157
2021-09-24 15:14:18.826588,-160
2021-09-24 15:14:18.826595,-174
2021-09-24 15:14:18.826601,-196
2021-09-24 15:14:18.826608,-213
2021-09-24 15:14:18.826615,-233
2021-09-24 15:14:19.051676,-264
2021-09-24 15:14:19.051706,-291
2021-09-24 15:14:19.051718,-310
2021-09-24 15:14:19.051729,-342
2021-09-24 15:14:19.051739,-371
2021-09-24 15:14:19.051749,-386
2021-09-24 15:14:19.051759,-391
2021-09-24 15:14:19.051769,-386
2021-09-24 15:14:19.051779,-381
2021-09-24 15:14:19.051789,-357
2021-09-24 15:14:19.051799,-289
2021-09-24 15:14:19.051809,-191
2021-09-24 15:14:19.051819,-92
2021-09-24 15:14:19.051830,-2
2021-09-24 15:14:19.051840,65
2021-09-24 15:14:19.051850,111
2021-09-24 15:14:19.051860,148
2021-09-24 15:14:19.051870,170
2021-09-24 15:14:19.051880,177
2021-09-24 15:14:19.051890,187
2021-09-24 15:14:19.051900,194
2021-09-24 15:14:19.051910,182
2021-09-24 15:14:19.051920,172
2021-09-24 15:14:19.051930,170
2021-09-24 15:14:19.051940,160
2021-09-24 15:14:19.051950,148
2021-09-24 15:14:19.051960,136
2021-09-24 15:14:19.051970,123
2021-09-24 15:14:19.051980,121
2021-09-24 15:14:19.051990,116
2021-09-24 15:14:19.321499,106
2021-09-24 15:14:19.321522,94
2021-09-24 15:14:19.321531,85
2021-09-24 15:14:19.321538,80
2021-09-24 15:14:19.321545,80
2021-09-24 15:14:19.321551,82
2021-09-24 15:14:19.321558,87
2021-09-24 15:14:19.321565,87
2021-09-24 15:14:19.321572,75
2021-09-24 15:14:19.321579,72
2021-09-24 15:14:19.321585,82
2021-09-24 15:14:19.321592,89
2021-09-24 15:14:19.321599,87
2021-09-24 15:14:19.321605,85
2021-09-24 15:14:19.321612,77
2021-09-24 15:14:19.321619,68
2021-09-24 15:14:19.321626,70
2021-09-24 15:14:19.321632,77
2021-09-24 15:14:19.321639,82
2021-09-24 15:14:19.321646,82
2021-09-24 15:14:19.321653,80
2021-09-24 15:14:19.321659,75
2021-09-24 15:14:19.321666,72
2021-09-24 15:14:19.321673,68
2021-09-24 15:14:19.321679,58
2021-09-24 15:14:19.321686,46
2021-09-24 15:14:19.321693,36
2021-09-24 15:14:19.321700,41
2021-09-24 15:14:19.321707,60
2021-09-24 15:14:19.321713,72
2021-09-24 15:14:19.544929,70
2021-09-24 15:14:19.544977,68
2021-09-24 15:14:19.544998,70
2021-09-24 15:14:19.545006,65
2021-09-24 15:14:19.545013,55
2021-09-24 15:14:19.545020,58
2021-09-24 15:14:19.545027,60
2021-09-24 15:14:19.545033,51
2021-09-24 15:14:19.545039,29
2021-09-24 15:14:19.545046,-2
2021-09-24 15:14:19.545053,-77
2021-09-24 15:14:19.545059,-269
2021-09-24 15:14:19.545066,-488
2021-09-24 15:14:19.545072,-422
2021-09-24 15:14:19.545079,38
2021-09-24 15:14:19.545085,558
2021-09-24 15:14:19.545092,600
2021-09-24 15:14:19.545099,233
2021-09-24 15:14:19.545105,65
2021-09-24 15:14:19.545112,82
2021-09-24 15:14:19.545118,-31
2021-09-24 15:14:19.545125,-123
2021-09-24 15:14:19.545131,-97
2021-09-24 15:14:19.545138,-111
2021-09-24 15:14:19.545144,-155
2021-09-24 15:14:19.545151,-150
2021-09-24 15:14:19.545157,-148
2021-09-24 15:14:19.545164,-167
2021-09-24 15:14:19.545170,-179
2021-09-24 15:14:19.545177,-184
2021-09-24 15:14:19.726304,-199
2021-09-24 15:14:19.726327,-213
2021-09-24 15:14:19.726335,-228
2021-09-24 15:14:19.726342,-252
2021-09-24 15:14:19.726348,-274
2021-09-24 15:14:19.726355,-298
2021-09-24 15:14:19.726361,-337
2021-09-24 15:14:19.726367,-374
2021-09-24 15:14:19.726374,-391
2021-09-24 15:14:19.726380,-403
2021-09-24 15:14:19.726387,-417
2021-09-24 15:14:19.726393,-415
2021-09-24 15:14:19.726400,-395
2021-09-24 15:14:19.726406,-357
2021-09-24 15:14:19.726413,-289
2021-09-24 15:14:19.726419,-196
2021-09-24 15:14:19.726426,-99
2021-09-24 15:14:19.726432,-12
2021-09-24 15:14:19.726439,60
2021-09-24 15:14:19.726445,119
2021-09-24 15:14:19.726452,160
2021-09-24 15:14:19.726458,179
2021-09-24 15:14:19.726477,191
2021-09-24 15:14:19.726485,196
2021-09-24 15:14:19.726491,199
2021-09-24 15:14:19.726498,194
2021-09-24 15:14:19.726504,187
2021-09-24 15:14:19.726511,177
2021-09-24 15:14:19.726517,167
2021-09-24 15:14:19.726523,157
2021-09-24 15:14:19.951155,148
2021-09-24 15:14:19.951178,138
2021-09-24 15:14:19.951186,128
2021-09-24 15:14:19.951192,121
2021-09-24 15:14:19.951199,119
2021-09-24 15:14:19.951205,109
2021-09-24 15:14:19.951212,92
2021-09-24 15:14:19.951218,85
2021-09-24 15:14:19.951225,80
2021-09-24 15:14:19.951231,77
2021-09-24 15:14:19.951237,85
2021-09-24 15:14:19.951244,85
2021-09-24 15:14:19.951250,77
2021-09-24 15:14:19.951257,80
2021-09-24 15:14:19.951263,85
2021-09-24 15:14:19.951270,82
2021-09-24 15:14:19.951276,82
2021-09-24 15:14:19.951282,85
2021-09-24 15:14:19.951289,85
2021-09-24 15:14:19.951295,89
2021-09-24 15:14:19.951302,89
2021-09-24 15:14:19.951308,85
2021-09-24 15:14:19.951315,85
2021-09-24 15:14:19.951321,92
2021-09-24 15:14:19.951327,92
2021-09-24 15:14:19.951334,87
2021-09-24 15:14:19.951340,82
2021-09-24 15:14:19.951347,75
2021-09-24 15:14:19.951353,68
2021-09-24 15:14:19.951360,48
2021-09-24 15:14:20.176662,31
2021-09-24 15:14:20.176693,36
2021-09-24 15:14:20.176705,55
2021-09-24 15:14:20.176715,68
2021-09-24 15:14:20.176725,70
2021-09-24 15:14:20.176735,65
2021-09-24 15:14:20.176745,58
2021-09-24 15:14:20.176755,60
2021-09-24 15:14:20.176765,60
2021-09-24 15:14:20.176775,53
2021-09-24 15:14:20.176785,41
2021-09-24 15:14:20.176795,31
2021-09-24 15:14:20.176805,17
2021-09-24 15:14:20.176814,-14
2021-09-24 15:14:20.176825,-104
2021-09-24 15:14:20.176835,-306
2021-09-24 15:14:20.176844,-500
2021-09-24 15:14:20.176854,-395
2021-09-24 15:14:20.176864,70
2021-09-24 15:14:20.176874,568
2021-09-24 15:14:20.176884,609
2021-09-24 15:14:20.176894,247
2021-09-24 15:14:20.176904,65
2021-09-24 15:14:20.176914,77
2021-09-24 15:14:20.176924,-26
2021-09-24 15:14:20.176934,-111
2021-09-24 15:14:20.176944,-82
2021-09-24 15:14:20.176954,-87
2021-09-24 15:14:20.176964,-126
2021-09-24 15:14:20.176974,-126
2021-09-24 15:14:20.401728,-126
2021-09-24 15:14:20.401750,-140
2021-09-24 15:14:20.401758,-153
2021-09-24 15:14:20.401764,-165
2021-09-24 15:14:20.401771,-184
2021-09-24 15:14:20.401777,-201
2021-09-24 15:14:20.401784,-211
2021-09-24 15:14:20.401790,-228
2021-09-24 15:14:20.401796,-257
2021-09-24 15:14:20.401803,-289
2021-09-24 15:14:20.401809,-323
2021-09-24 15:14:20.401816,-361
2021-09-24 15:14:20.401822,-393
2021-09-24 15:14:20.401829,-403
2021-09-24 15:14:20.401835,-405
2021-09-24 15:14:20.401841,-403
2021-09-24 15:14:20.401848,-388
2021-09-24 15:14:20.401854,-344
2021-09-24 15:14:20.401861,-274
2021-09-24 15:14:20.401867,-182
2021-09-24 15:14:20.401873,-85
2021-09-24 15:14:20.401880,4
2021-09-24 15:14:20.401886,77
2021-09-24 15:14:20.401893,136
2021-09-24 15:14:20.401899,177
2021-09-24 15:14:20.401905,199
2021-09-24 15:14:20.401912,211
2021-09-24 15:14:20.401919,216
2021-09-24 15:14:20.401925,213
2021-09-24 15:14:20.401931,206
2021-09-24 15:14:20.626380,204
2021-09-24 15:14:20.626403,199
2021-09-24 15:14:20.626411,187
2021-09-24 15:14:20.626419,170
2021-09-24 15:14:20.626426,150
2021-09-24 15:14:20.626433,131
2021-09-24 15:14:20.626440,116
2021-09-24 15:14:20.626447,111
2021-09-24 15:14:20.626454,106
2021-09-24 15:14:20.626461,92
2021-09-24 15:14:20.626467,82
2021-09-24 15:14:20.626474,82
2021-09-24 15:14:20.626481,85
2021-09-24 15:14:20.626488,80
2021-09-24 15:14:20.626495,70
2021-09-24 15:14:20.626502,65
2021-09-24 15:14:20.626509,70
2021-09-24 15:14:20.626516,80
2021-09-24 15:14:20.626523,82
2021-09-24 15:14:20.626530,82
2021-09-24 15:14:20.626538,80
2021-09-24 15:14:20.626545,75
2021-09-24 15:14:20.626552,77
2021-09-24 15:14:20.626559,85
2021-09-24 15:14:20.626566,85
2021-09-24 15:14:20.626573,82
2021-09-24 15:14:20.626580,82
2021-09-24 15:14:20.626587,77
2021-09-24 15:14:20.626594,77
2021-09-24 15:14:20.626601,80
2021-09-24 15:14:20.896617,82
2021-09-24 15:14:20.896641,82
2021-09-24 15:14:20.896649,82
2021-09-24 15:14:20.896656,77
2021-09-24 15:14:20.896662,70
2021-09-24 15:14:20.896669,60
2021-09-24 15:14:20.896675,46
2021-09-24 15:14:20.896682,34
2021-09-24 15:14:20.896688,29
2021-09-24 15:14:20.896695,17
2021-09-24 15:14:20.896701,21
2021-09-24 15:14:20.896708,48
2021-09-24 15:14:20.896714,63
2021-09-24 15:14:20.896720,60
2021-09-24 15:14:20.896759,58
2021-09-24 15:14:20.896765,53
2021-09-24 15:14:20.896772,46
2021-09-24 15:14:20.896778,51
2021-09-24 15:14:20.896785,55
2021-09-24 15:14:20.896791,55
2021-09-24 15:14:20.896798,43
2021-09-24 15:14:20.896804,19
2021-09-24 15:14:20.896810,-26
2021-09-24 15:14:20.896817,-131
2021-09-24 15:14:20.896823,-344
2021-09-24 15:14:20.896830,-493
2021-09-24 15:14:20.896836,-298
2021-09-24 15:14:20.896843,194
2021-09-24 15:14:20.896849,619
2021-09-24 15:14:20.896856,563
2021-09-24 15:14:21.211177,196
2021-09-24 15:14:21.211209,58
2021-09-24 15:14:21.211221,60
2021-09-24 15:14:21.211232,-55
2021-09-24 15:14:21.211242,-114
2021-09-24 15:14:21.211252,-75
2021-09-24 15:14:21.211261,-89
2021-09-24 15:14:21.211271,-123
2021-09-24 15:14:21.211281,-128
2021-09-24 15:14:21.211291,-140
2021-09-24 15:14:21.211301,-165
2021-09-24 15:14:21.211311,-182
2021-09-24 15:14:21.211321,-194
2021-09-24 15:14:21.211331,-208
2021-09-24 15:14:21.211341,-235
2021-09-24 15:14:21.211351,-257
2021-09-24 15:14:21.211361,-267
2021-09-24 15:14:21.211371,-289
2021-09-24 15:14:21.211381,-323
2021-09-24 15:14:21.211391,-354
2021-09-24 15:14:21.211401,-381
2021-09-24 15:14:21.211411,-403
2021-09-24 15:14:21.211421,-415
2021-09-24 15:14:21.211431,-417
2021-09-24 15:14:21.211441,-412
2021-09-24 15:14:21.211451,-395
2021-09-24 15:14:21.211461,-357
2021-09-24 15:14:21.211482,-291
2021-09-24 15:14:21.211493,-194
2021-09-24 15:14:21.211503,-87
2021-09-24 15:14:21.346700,4
2021-09-24 15:14:21.346723,77
2021-09-24 15:14:21.346731,133
2021-09-24 15:14:21.346738,172
2021-09-24 15:14:21.346744,196
2021-09-24 15:14:21.346751,211
2021-09-24 15:14:21.346757,216
2021-09-24 15:14:21.346764,213
2021-09-24 15:14:21.346770,206
2021-09-24 15:14:21.346777,199
2021-09-24 15:14:21.346783,194
2021-09-24 15:14:21.346789,189
2021-09-24 15:14:21.346796,177
2021-09-24 15:14:21.346802,160
2021-09-24 15:14:21.346809,143
2021-09-24 15:14:21.346815,136
2021-09-24 15:14:21.346822,133
2021-09-24 15:14:21.346828,126
2021-09-24 15:14:21.346835,123
2021-09-24 15:14:21.346841,116
2021-09-24 15:14:21.346847,106
2021-09-24 15:14:21.346854,97
2021-09-24 15:14:21.346860,99
2021-09-24 15:14:21.346867,102
2021-09-24 15:14:21.346873,99
2021-09-24 15:14:21.346879,99
2021-09-24 15:14:21.346886,94
2021-09-24 15:14:21.346893,97
2021-09-24 15:14:21.346899,102
2021-09-24 15:14:21.346905,104
2021-09-24 15:14:21.615064,102
2021-09-24 15:14:21.615085,102
2021-09-24 15:14:21.615093,99
2021-09-24 15:14:21.615101,99
2021-09-24 15:14:21.615108,99
2021-09-24 15:14:21.615115,99
2021-09-24 15:14:21.615122,94
2021-09-24 15:14:21.615129,85
2021-09-24 15:14:21.615136,82
2021-09-24 15:14:21.615142,85
2021-09-24 15:14:21.615149,85
2021-09-24 15:14:21.615156,85
2021-09-24 15:14:21.615163,80
2021-09-24 15:14:21.615170,80
2021-09-24 15:14:21.615177,80
2021-09-24 15:14:21.615184,68
2021-09-24 15:14:21.615191,43
2021-09-24 15:14:21.615197,21
2021-09-24 15:14:21.615204,24
2021-09-24 15:14:21.615211,29
2021-09-24 15:14:21.615218,19
2021-09-24 15:14:21.615225,24
2021-09-24 15:14:21.615232,43
2021-09-24 15:14:21.615238,55
2021-09-24 15:14:21.615245,58
2021-09-24 15:14:21.615252,60
2021-09-24 15:14:21.615259,60
2021-09-24 15:14:21.615266,60
2021-09-24 15:14:21.615273,63
2021-09-24 15:14:21.615280,65
2021-09-24 15:14:21.841101,60
2021-09-24 15:14:21.841122,53
2021-09-24 15:14:21.841130,26
2021-09-24 15:14:21.841137,-31
2021-09-24 15:14:21.841144,-157
2021-09-24 15:14:21.841150,-383
2021-09-24 15:14:21.841157,-490
2021-09-24 15:14:21.841163,-218
2021-09-24 15:14:21.841170,306
2021-09-24 15:14:21.841176,665
2021-09-24 15:14:21.841182,512
2021-09-24 15:14:21.841189,150
2021-09-24 15:14:21.841195,53
2021-09-24 15:14:21.841202,31
2021-09-24 15:14:21.841208,-80
2021-09-24 15:14:21.841215,-106
2021-09-24 15:14:21.841221,-77
2021-09-24 15:14:21.841227,-104
2021-09-24 15:14:21.841234,-136
2021-09-24 15:14:21.841240,-133
2021-09-24 15:14:21.841247,-143
2021-09-24 15:14:21.841253,-162
2021-09-24 15:14:21.841259,-170
2021-09-24 15:14:21.841266,-177
2021-09-24 15:14:21.841272,-196
2021-09-24 15:14:21.841279,-213
2021-09-24 15:14:21.841285,-228
2021-09-24 15:14:21.841291,-247
2021-09-24 15:14:21.841298,-269
2021-09-24 15:14:21.841304,-296
2021-09-24 15:14:22.021681,-323
2021-09-24 15:14:22.021704,-347
2021-09-24 15:14:22.021711,-369
2021-09-24 15:14:22.021718,-386
2021-09-24 15:14:22.021725,-391
2021-09-24 15:14:22.021731,-391
2021-09-24 15:14:22.021738,-376
2021-09-24 15:14:22.021744,-327
2021-09-24 15:14:22.021751,-252
2021-09-24 15:14:22.021757,-162
2021-09-24 15:14:22.021764,-60
2021-09-24 15:14:22.021770,29
2021-09-24 15:14:22.021777,102
2021-09-24 15:14:22.021783,157
2021-09-24 15:14:22.021789,199
2021-09-24 15:14:22.021796,218
2021-09-24 15:14:22.021802,228
2021-09-24 15:14:22.021809,230
2021-09-24 15:14:22.021815,225
2021-09-24 15:14:22.021822,223
2021-09-24 15:14:22.021828,218
2021-09-24 15:14:22.021835,208
2021-09-24 15:14:22.021841,194
2021-09-24 15:14:22.021848,174
2021-09-24 15:14:22.021854,160
2021-09-24 15:14:22.021860,155
2021-09-24 15:14:22.021867,143
2021-09-24 15:14:22.021873,126
2021-09-24 15:14:22.021880,119
2021-09-24 15:14:22.021886,114
2021-09-24 15:14:22.246835,109
2021-09-24 15:14:22.246857,109
2021-09-24 15:14:22.246865,109
2021-09-24 15:14:22.246871,102
2021-09-24 15:14:22.246878,97
2021-09-24 15:14:22.246884,89
2021-09-24 15:14:22.246891,92
2021-09-24 15:14:22.246921,99
2021-09-24 15:14:22.246928,97
2021-09-24 15:14:22.246934,94
2021-09-24 15:14:22.246941,89
2021-09-24 15:14:22.246947,85
2021-09-24 15:14:22.246954,89
2021-09-24 15:14:22.246960,92
2021-09-24 15:14:22.246967,92
2021-09-24 15:14:22.246973,89
2021-09-24 15:14:22.246980,87
2021-09-24 15:14:22.246986,85
2021-09-24 15:14:22.246992,85
2021-09-24 15:14:22.246999,89
2021-09-24 15:14:22.247005,87
2021-09-24 15:14:22.247012,82
2021-09-24 15:14:22.247018,80
2021-09-24 15:14:22.247025,80
2021-09-24 15:14:22.247031,87
2021-09-24 15:14:22.247038,89
2021-09-24 15:14:22.247044,75
2021-09-24 15:14:22.247050,55
2021-09-24 15:14:22.247057,38
2021-09-24 15:14:22.247063,38
2021-09-24 15:14:22.471740,41
2021-09-24 15:14:22.471762,38
2021-09-24 15:14:22.471770,48
2021-09-24 15:14:22.471777,60
2021-09-24 15:14:22.471784,65
2021-09-24 15:14:22.471791,68
2021-09-24 15:14:22.471798,70
2021-09-24 15:14:22.471805,68
2021-09-24 15:14:22.471812,63
2021-09-24 15:14:22.471819,55
2021-09-24 15:14:22.471826,51
2021-09-24 15:14:22.471833,48
2021-09-24 15:14:22.471840,46
2021-09-24 15:14:22.471847,24
2021-09-24 15:14:22.471854,-29
2021-09-24 15:14:22.471861,-160
2021-09-24 15:14:22.471868,-391
2021-09-24 15:14:22.471875,-493
2021-09-24 15:14:22.471882,-206
2021-09-24 15:14:22.471889,342
2021-09-24 15:14:22.471896,689
2021-09-24 15:14:22.471903,502
2021-09-24 15:14:22.471910,145
2021-09-24 15:14:22.471917,60
2021-09-24 15:14:22.471924,31
2021-09-24 15:14:22.471931,-87
2021-09-24 15:14:22.471938,-114
2021-09-24 15:14:22.471945,-92
2021-09-24 15:14:22.471951,-126
2021-09-24 15:14:22.471959,-157
2021-09-24 15:14:22.830507,-153
2021-09-24 15:14:22.830526,-165
2021-09-24 15:14:22.830534,-187
2021-09-24 15:14:22.830541,-199
2021-09-24 15:14:22.830548,-211
2021-09-24 15:14:22.830555,-221
2021-09-24 15:14:22.830561,-230
2021-09-24 15:14:22.830568,-247
2021-09-24 15:14:22.830574,-267
2021-09-24 15:14:22.830581,-296
2021-09-24 15:14:22.830587,-323
2021-09-24 15:14:22.830594,-344
2021-09-24 15:14:22.830600,-366
2021-09-24 15:14:22.830607,-388
2021-09-24 15:14:22.830613,-403
2021-09-24 15:14:22.830620,-408
2021-09-24 15:14:22.830626,-400
2021-09-24 15:14:22.830633,-374
2021-09-24 15:14:22.830639,-330
2021-09-24 15:14:22.830646,-259
2021-09-24 15:14:22.830653,-165
2021-09-24 15:14:22.830659,-68
2021-09-24 15:14:22.830666,21
2021-09-24 15:14:22.830672,99
2021-09-24 15:14:22.830678,155
2021-09-24 15:14:22.830685,191
2021-09-24 15:14:22.830691,211
2021-09-24 15:14:22.830710,218
2021-09-24 15:14:22.830717,221
2021-09-24 15:14:22.830724,223
2021-09-24 15:14:22.966885,218
2021-09-24 15:14:22.966907,208
2021-09-24 15:14:22.966914,196
2021-09-24 15:14:22.966921,179
2021-09-24 15:14:22.966928,172
2021-09-24 15:14:22.966934,165
2021-09-24 15:14:22.966941,153
2021-09-24 15:14:22.966947,143
2021-09-24 15:14:22.966954,133
2021-09-24 15:14:22.966960,123
2021-09-24 15:14:22.966967,116
2021-09-24 15:14:22.966973,116
2021-09-24 15:14:22.966980,114
2021-09-24 15:14:22.966986,106
2021-09-24 15:14:22.966993,97
2021-09-24 15:14:22.966999,89
2021-09-24 15:14:22.967006,94
2021-09-24 15:14:22.967012,102
2021-09-24 15:14:22.967019,102
2021-09-24 15:14:22.967025,99
2021-09-24 15:14:22.967031,97
2021-09-24 15:14:22.967038,94
2021-09-24 15:14:22.967044,97
2021-09-24 15:14:22.967051,97
2021-09-24 15:14:22.967057,97
2021-09-24 15:14:22.967064,97
2021-09-24 15:14:22.967070,89
2021-09-24 15:14:22.967077,82
2021-09-24 15:14:22.967083,87
2021-09-24 15:14:22.967090,92
2021-09-24 15:14:23.280521,89
2021-09-24 15:14:23.280541,82
2021-09-24 15:14:23.280548,75
2021-09-24 15:14:23.280555,65
2021-09-24 15:14:23.280562,58
2021-09-24 15:14:23.280568,53
2021-09-24 15:14:23.280575,43
2021-09-24 15:14:23.280581,21
2021-09-24 15:14:23.280588,0
2021-09-24 15:14:23.280594,2
2021-09-24 15:14:23.280601,7
2021-09-24 15:14:23.280607,-2
2021-09-24 15:14:23.280614,4
2021-09-24 15:14:23.280620,29
2021-09-24 15:14:23.280627,36
2021-09-24 15:14:23.280633,31
2021-09-24 15:14:23.280640,31
2021-09-24 15:14:23.280646,36
2021-09-24 15:14:23.280653,36
2021-09-24 15:14:23.280659,34
2021-09-24 15:14:23.280666,31
2021-09-24 15:14:23.280672,34
2021-09-24 15:14:23.280679,31
2021-09-24 15:14:23.280685,9
2021-09-24 15:14:23.280692,-38
2021-09-24 15:14:23.280698,-167
2021-09-24 15:14:23.280705,-405
2021-09-24 15:14:23.280711,-541
2021-09-24 15:14:23.280718,-296
2021-09-24 15:14:23.280724,252
2021-09-24 15:14:23.461714,631
2021-09-24 15:14:23.461736,461
2021-09-24 15:14:23.461744,106
2021-09-24 15:14:23.461751,34
2021-09-24 15:14:23.461758,19
2021-09-24 15:14:23.461765,-97
2021-09-24 15:14:23.461771,-131
2021-09-24 15:14:23.461778,-106
2021-09-24 15:14:23.461784,-133
2021-09-24 15:14:23.461791,-157
2021-09-24 15:14:23.461797,-150
2021-09-24 15:14:23.461804,-155
2021-09-24 15:14:23.461810,-177
2021-09-24 15:14:23.461817,-194
2021-09-24 15:14:23.461823,-204
2021-09-24 15:14:23.461830,-211
2021-09-24 15:14:23.461836,-225
2021-09-24 15:14:23.461842,-247
2021-09-24 15:14:23.461849,-272
2021-09-24 15:14:23.461855,-296
2021-09-24 15:14:23.461862,-318
2021-09-24 15:14:23.461868,-344
2021-09-24 15:14:23.461875,-371
2021-09-24 15:14:23.461881,-388
2021-09-24 15:14:23.461888,-398
2021-09-24 15:14:23.461894,-403
2021-09-24 15:14:23.461900,-395
2021-09-24 15:14:23.461907,-374
2021-09-24 15:14:23.461913,-327
2021-09-24 15:14:23.461920,-257
2021-09-24 15:14:23.685459,-167
2021-09-24 15:14:23.685482,-70
2021-09-24 15:14:23.685490,17
2021-09-24 15:14:23.685497,87
2021-09-24 15:14:23.685504,140
2021-09-24 15:14:23.685510,179
2021-09-24 15:14:23.685517,196
2021-09-24 15:14:23.685523,206
2021-09-24 15:14:23.685530,208
2021-09-24 15:14:23.685537,199
2021-09-24 15:14:23.685543,191
2021-09-24 15:14:23.685550,184
2021-09-24 15:14:23.685556,170
2021-09-24 15:14:23.685563,160
2021-09-24 15:14:23.685569,157
2021-09-24 15:14:23.685576,140
2021-09-24 15:14:23.685582,126
2021-09-24 15:14:23.685589,123
2021-09-24 15:14:23.685596,111
2021-09-24 15:14:23.685602,97
2021-09-24 15:14:23.685609,97
2021-09-24 15:14:23.685615,97
2021-09-24 15:14:23.685622,94
2021-09-24 15:14:23.685628,92
2021-09-24 15:14:23.685635,89
2021-09-24 15:14:23.685641,97
2021-09-24 15:14:23.685648,99
2021-09-24 15:14:23.685654,94
2021-09-24 15:14:23.685661,94
2021-09-24 15:14:23.685667,94
2021-09-24 15:14:23.866713,89
2021-09-24 15:14:23.866737,94
2021-09-24 15:14:23.866745,102
2021-09-24 15:14:23.866751,97
2021-09-24 15:14:23.866758,94
2021-09-24 15:14:23.866764,89
2021-09-24 15:14:23.866771,80
2021-09-24 15:14:23.866777,80
2021-09-24 15:14:23.866784,80
2021-09-24 15:14:23.866790,75
2021-09-24 15:14:23.866797,72
2021-09-24 15:14:23.866803,65
2021-09-24 15:14:23.866810,51
2021-09-24 15:14:23.866817,41
2021-09-24 15:14:23.866823,29
2021-09-24 15:14:23.866830,21
2021-09-24 15:14:23.866836,12
2021-09-24 15:14:23.866843,7
2021-09-24 15:14:23.866849,29
2021-09-24 15:14:23.866856,53
2021-09-24 15:14:23.866862,51
2021-09-24 15:14:23.866868,46
2021-09-24 15:14:23.866875,46
2021-09-24 15:14:23.866881,48
2021-09-24 15:14:23.866888,46
2021-09-24 15:14:23.866894,46
2021-09-24 15:14:23.866901,46
2021-09-24 15:14:23.866908,43
2021-09-24 15:14:23.866914,36
2021-09-24 15:14:23.866921,4
2021-09-24 15:14:24.091747,-58
2021-09-24 15:14:24.091772,-218
2021-09-24 15:14:24.091780,-451
2021-09-24 15:14:24.091787,-480
2021-09-24 15:14:24.091825,-114
2021-09-24 15:14:24.091833,434
2021-09-24 15:14:24.091840,626
2021-09-24 15:14:24.091847,306
2021-09-24 15:14:24.091853,43
2021-09-24 15:14:24.091860,48
2021-09-24 15:14:24.091867,-21
2021-09-24 15:14:24.091874,-138
2021-09-24 15:14:24.091880,-136
2021-09-24 15:14:24.091887,-131
2021-09-24 15:14:24.091894,-167
2021-09-24 15:14:24.091901,-182
2021-09-24 15:14:24.091907,-182
2021-09-24 15:14:24.091914,-194
2021-09-24 15:14:24.091921,-206
2021-09-24 15:14:24.091928,-208
2021-09-24 15:14:24.091934,-218
2021-09-24 15:14:24.091941,-235
2021-09-24 15:14:24.091948,-250
2021-09-24 15:14:24.091955,-267
2021-09-24 15:14:24.091961,-286
2021-09-24 15:14:24.091968,-306
2021-09-24 15:14:24.091975,-330
2021-09-24 15:14:24.091982,-357
2021-09-24 15:14:24.091988,-381
2021-09-24 15:14:24.091995,-398
2021-09-24 15:14:24.316846,-398
2021-09-24 15:14:24.316868,-386
2021-09-24 15:14:24.316875,-371
2021-09-24 15:14:24.316882,-344
2021-09-24 15:14:24.316888,-293
2021-09-24 15:14:24.316895,-211
2021-09-24 15:14:24.316901,-109
2021-09-24 15:14:24.316907,-17
2021-09-24 15:14:24.316914,58
2021-09-24 15:14:24.316920,116
2021-09-24 15:14:24.316926,157
2021-09-24 15:14:24.316933,179
2021-09-24 15:14:24.316939,196
2021-09-24 15:14:24.316946,208
2021-09-24 15:14:24.316952,206
2021-09-24 15:14:24.316958,189
2021-09-24 15:14:24.316965,179
2021-09-24 15:14:24.316971,182
2021-09-24 15:14:24.316978,174
2021-09-24 15:14:24.316984,157
2021-09-24 15:14:24.316991,145
2021-09-24 15:14:24.316997,138
2021-09-24 15:14:24.317004,131
2021-09-24 15:14:24.317010,123
2021-09-24 15:14:24.317016,121
2021-09-24 15:14:24.317023,114
2021-09-24 15:14:24.317029,106
2021-09-24 15:14:24.317035,102
2021-09-24 15:14:24.317042,102
2021-09-24 15:14:24.317048,102
2021-09-24 15:14:24.586474,104
2021-09-24 15:14:24.586496,106
2021-09-24 15:14:24.586505,104
2021-09-24 15:14:24.586511,97
2021-09-24 15:14:24.586518,89
2021-09-24 15:14:24.586524,92
2021-09-24 15:14:24.586531,99
2021-09-24 15:14:24.586537,102
2021-09-24 15:14:24.586544,94
2021-09-24 15:14:24.586550,85
2021-09-24 15:14:24.586556,82
2021-09-24 15:14:24.586563,92
2021-09-24 15:14:24.586569,99
2021-09-24 15:14:24.586576,97
2021-09-24 15:14:24.586582,92
2021-09-24 15:14:24.586589,80
2021-09-24 15:14:24.586595,68
2021-09-24 15:14:24.586602,60
2021-09-24 15:14:24.586608,46
2021-09-24 15:14:24.586614,34
2021-09-24 15:14:24.586621,26
2021-09-24 15:14:24.586627,38
2021-09-24 15:14:24.586634,55
2021-09-24 15:14:24.586640,60
2021-09-24 15:14:24.586647,55
2021-09-24 15:14:24.586653,55
2021-09-24 15:14:24.586660,53
2021-09-24 15:14:24.586666,48
2021-09-24 15:14:24.586673,48
2021-09-24 15:14:24.586679,51
2021-09-24 15:14:24.856580,46
2021-09-24 15:14:24.856602,26
2021-09-24 15:14:24.856610,-19
2021-09-24 15:14:24.856617,-123
2021-09-24 15:14:24.856623,-327
2021-09-24 15:14:24.856630,-483
2021-09-24 15:14:24.856636,-306
2021-09-24 15:14:24.856643,194
2021-09-24 15:14:24.856650,617
2021-09-24 15:14:24.856656,548
2021-09-24 15:14:24.856663,187
2021-09-24 15:14:24.856669,60
2021-09-24 15:14:24.856676,60
2021-09-24 15:14:24.856682,-65
2021-09-24 15:14:24.856689,-140
2021-09-24 15:14:24.856695,-111
2021-09-24 15:14:24.856702,-119
2021-09-24 15:14:24.856708,-148
2021-09-24 15:14:24.856715,-148
2021-09-24 15:14:24.856721,-160
2021-09-24 15:14:24.856728,-184
2021-09-24 15:14:24.856734,-191
2021-09-24 15:14:24.856741,-194
2021-09-24 15:14:24.856747,-208
2021-09-24 15:14:24.856754,-221
2021-09-24 15:14:24.856760,-230
2021-09-24 15:14:24.856767,-255
2021-09-24 15:14:24.856773,-279
2021-09-24 15:14:24.856780,-296
2021-09-24 15:14:24.856787,-320
2021-09-24 15:14:25.125522,-347
2021-09-24 15:14:25.125542,-366
2021-09-24 15:14:25.125550,-378
2021-09-24 15:14:25.125558,-381
2021-09-24 15:14:25.125564,-371
2021-09-24 15:14:25.125571,-349
2021-09-24 15:14:25.125578,-306
2021-09-24 15:14:25.125585,-238
2021-09-24 15:14:25.125591,-148
2021-09-24 15:14:25.125598,-53
2021-09-24 15:14:25.125605,36
2021-09-24 15:14:25.125611,106
2021-09-24 15:14:25.125618,162
2021-09-24 15:14:25.125625,194
2021-09-24 15:14:25.125632,206
2021-09-24 15:14:25.125638,213
2021-09-24 15:14:25.125645,221
2021-09-24 15:14:25.125652,223
2021-09-24 15:14:25.125658,218
2021-09-24 15:14:25.125665,204
2021-09-24 15:14:25.125672,184
2021-09-24 15:14:25.125679,170
2021-09-24 15:14:25.125685,162
2021-09-24 15:14:25.125692,155
2021-09-24 15:14:25.125699,145
2021-09-24 15:14:25.125706,131
2021-09-24 15:14:25.125712,111
2021-09-24 15:14:25.125719,102
2021-09-24 15:14:25.125726,104
2021-09-24 15:14:25.125733,102
2021-09-24 15:14:25.306755,99
2021-09-24 15:14:25.306777,94
2021-09-24 15:14:25.306784,92
2021-09-24 15:14:25.306791,89
2021-09-24 15:14:25.306798,92
2021-09-24 15:14:25.306805,97
2021-09-24 15:14:25.306811,99
2021-09-24 15:14:25.306818,97
2021-09-24 15:14:25.306824,92
2021-09-24 15:14:25.306831,92
2021-09-24 15:14:25.306876,94
2021-09-24 15:14:25.306889,97
2021-09-24 15:14:25.306896,94
2021-09-24 15:14:25.306902,92
2021-09-24 15:14:25.306909,92
2021-09-24 15:14:25.306915,92
2021-09-24 15:14:25.306922,94
2021-09-24 15:14:25.306929,99
2021-09-24 15:14:25.306935,92
2021-09-24 15:14:25.306942,77
2021-09-24 15:14:25.306948,65
2021-09-24 15:14:25.306955,58
2021-09-24 15:14:25.306961,46
2021-09-24 15:14:25.306968,34
2021-09-24 15:14:25.306974,29
2021-09-24 15:14:25.306981,43
2021-09-24 15:14:25.306987,65
2021-09-24 15:14:25.306994,70
2021-09-24 15:14:25.307001,65
2021-09-24 15:14:25.307007,68
2021-09-24 15:14:25.487204,68
2021-09-24 15:14:25.487227,65
2021-09-24 15:14:25.487235,65
2021-09-24 15:14:25.487242,65
2021-09-24 15:14:25.487249,58
2021-09-24 15:14:25.487256,34
2021-09-24 15:14:25.487263,-17
2021-09-24 15:14:25.487270,-116
2021-09-24 15:14:25.487277,-313
2021-09-24 15:14:25.487284,-473
2021-09-24 15:14:25.487291,-310
2021-09-24 15:14:25.487297,167
2021-09-24 15:14:25.487304,604
2021-09-24 15:14:25.487311,597
2021-09-24 15:14:25.487318,235
2021-09-24 15:14:25.487325,53
2021-09-24 15:14:25.487332,55
2021-09-24 15:14:25.487339,-48
2021-09-24 15:14:25.487345,-128
2021-09-24 15:14:25.487352,-99
2021-09-24 15:14:25.487359,-104
2021-09-24 15:14:25.487366,-140
2021-09-24 15:14:25.487373,-143
2021-09-24 15:14:25.487379,-148
2021-09-24 15:14:25.487386,-170
2021-09-24 15:14:25.487393,-184
2021-09-24 15:14:25.487400,-194
2021-09-24 15:14:25.487406,-204
2021-09-24 15:14:25.487413,-216
2021-09-24 15:14:25.487435,-233
2021-09-24 15:14:25.755425,-255
2021-09-24 15:14:25.755449,-286
2021-09-24 15:14:25.755457,-315
2021-09-24 15:14:25.755464,-340
2021-09-24 15:14:25.755471,-361
2021-09-24 15:14:25.755477,-391
2021-09-24 15:14:25.755484,-415
2021-09-24 15:14:25.755490,-415
2021-09-24 15:14:25.755497,-408
2021-09-24 15:14:25.755503,-391
2021-09-24 15:14:25.755510,-352
2021-09-24 15:14:25.755516,-289
2021-09-24 15:14:25.755523,-204
2021-09-24 15:14:25.755529,-99
2021-09-24 15:14:25.755536,-2
2021-09-24 15:14:25.755542,68
2021-09-24 15:14:25.755549,126
2021-09-24 15:14:25.755555,170
2021-09-24 15:14:25.755562,194
2021-09-24 15:14:25.755568,206
2021-09-24 15:14:25.755575,213
2021-09-24 15:14:25.755581,213
2021-09-24 15:14:25.755588,208
2021-09-24 15:14:25.755594,204
2021-09-24 15:14:25.755601,196
2021-09-24 15:14:25.755607,187
2021-09-24 15:14:25.755614,174
2021-09-24 15:14:25.755621,157
2021-09-24 15:14:25.755627,143
2021-09-24 15:14:25.755634,136
2021-09-24 15:14:25.981808,126
2021-09-24 15:14:25.981831,121
2021-09-24 15:14:25.981839,116
2021-09-24 15:14:25.981846,109
2021-09-24 15:14:25.981853,102
2021-09-24 15:14:25.981860,92
2021-09-24 15:14:25.981867,89
2021-09-24 15:14:25.981874,97
2021-09-24 15:14:25.981880,97
2021-09-24 15:14:25.981887,92
2021-09-24 15:14:25.981894,89
2021-09-24 15:14:25.981901,85
2021-09-24 15:14:25.981908,85
2021-09-24 15:14:25.981915,89
2021-09-24 15:14:25.981921,89
2021-09-24 15:14:25.981928,85
2021-09-24 15:14:25.981935,85
2021-09-24 15:14:25.981942,85
2021-09-24 15:14:25.981949,85
2021-09-24 15:14:25.981956,89
2021-09-24 15:14:25.981962,94
2021-09-24 15:14:25.981969,94
2021-09-24 15:14:25.981976,87
2021-09-24 15:14:25.981983,75
2021-09-24 15:14:25.981990,65
2021-09-24 15:14:25.981996,55
2021-09-24 15:14:25.982003,48
2021-09-24 15:14:25.982010,43
2021-09-24 15:14:25.982017,51
2021-09-24 15:14:25.982024,65
2021-09-24 15:14:26.161702,75
2021-09-24 15:14:26.161732,75
2021-09-24 15:14:26.161746,75
2021-09-24 15:14:26.161758,70
2021-09-24 15:14:26.161770,63
2021-09-24 15:14:26.161781,60
2021-09-24 15:14:26.161792,60
2021-09-24 15:14:26.161802,51
2021-09-24 15:14:26.161842,36
2021-09-24 15:14:26.161883,12
2021-09-24 15:14:26.161902,-43
2021-09-24 15:14:26.161910,-177
2021-09-24 15:14:26.161916,-393
2021-09-24 15:14:26.161923,-461
2021-09-24 15:14:26.161930,-157
2021-09-24 15:14:26.161936,371
2021-09-24 15:14:26.161943,677
2021-09-24 15:14:26.161949,466
2021-09-24 15:14:26.161956,116
2021-09-24 15:14:26.161962,43
2021-09-24 15:14:26.161969,12
2021-09-24 15:14:26.162022,-106
2021-09-24 15:14:26.162037,-126
2021-09-24 15:14:26.162044,-94
2021-09-24 15:14:26.162055,-119
2021-09-24 15:14:26.162063,-138
2021-09-24 15:14:26.162070,-133
2021-09-24 15:14:26.162076,-145
2021-09-24 15:14:26.162083,-162
2021-09-24 15:14:26.162089,-167
2021-09-24 15:14:26.431733,-174
2021-09-24 15:14:26.431755,-199
2021-09-24 15:14:26.431763,-228
2021-09-24 15:14:26.431770,-255
2021-09-24 15:14:26.431776,-281
2021-09-24 15:14:26.431782,-306
2021-09-24 15:14:26.431789,-323
2021-09-24 15:14:26.431795,-349
2021-09-24 15:14:26.431802,-381
2021-09-24 15:14:26.431808,-410
2021-09-24 15:14:26.431815,-425
2021-09-24 15:14:26.431821,-420
2021-09-24 15:14:26.431828,-408
2021-09-24 15:14:26.431834,-378
2021-09-24 15:14:26.431840,-332
2021-09-24 15:14:26.431847,-259
2021-09-24 15:14:26.431853,-160
2021-09-24 15:14:26.431860,-53
2021-09-24 15:14:26.431866,34
2021-09-24 15:14:26.431873,104
2021-09-24 15:14:26.431879,155
2021-09-24 15:14:26.431886,182
2021-09-24 15:14:26.431903,199
2021-09-24 15:14:26.431910,211
2021-09-24 15:14:26.431916,216
2021-09-24 15:14:26.431923,216
2021-09-24 15:14:26.431930,208
2021-09-24 15:14:26.431936,196
2021-09-24 15:14:26.431943,187
2021-09-24 15:14:26.431949,182
2021-09-24 15:14:26.746001,172
2021-09-24 15:14:26.746023,162
2021-09-24 15:14:26.746031,153
2021-09-24 15:14:26.746037,138
2021-09-24 15:14:26.746044,123
2021-09-24 15:14:26.746051,121
2021-09-24 15:14:26.746057,121
2021-09-24 15:14:26.746063,114
2021-09-24 15:14:26.746070,102
2021-09-24 15:14:26.746076,92
2021-09-24 15:14:26.746083,92
2021-09-24 15:14:26.746089,99
2021-09-24 15:14:26.746095,99
2021-09-24 15:14:26.746102,89
2021-09-24 15:14:26.746108,72
2021-09-24 15:14:26.746115,65
2021-09-24 15:14:26.746121,72
2021-09-24 15:14:26.746128,77
2021-09-24 15:14:26.746134,77
2021-09-24 15:14:26.746141,77
2021-09-24 15:14:26.746147,75
2021-09-24 15:14:26.746154,72
2021-09-24 15:14:26.746160,75
2021-09-24 15:14:26.746166,82
2021-09-24 15:14:26.746173,89
2021-09-24 15:14:26.746179,87
2021-09-24 15:14:26.746186,77
2021-09-24 15:14:26.746192,63
2021-09-24 15:14:26.746199,51
2021-09-24 15:14:26.746205,46
2021-09-24 15:14:26.971668,43
2021-09-24 15:14:26.971690,41
2021-09-24 15:14:26.971697,51
2021-09-24 15:14:26.971704,70
2021-09-24 15:14:26.971711,77
2021-09-24 15:14:26.971717,68
2021-09-24 15:14:26.971724,65
2021-09-24 15:14:26.971730,68
2021-09-24 15:14:26.971737,63
2021-09-24 15:14:26.971743,58
2021-09-24 15:14:26.971750,58
2021-09-24 15:14:26.971756,58
2021-09-24 15:14:26.971763,53
2021-09-24 15:14:26.971769,24
2021-09-24 15:14:26.971776,-43
2021-09-24 15:14:26.971782,-191
2021-09-24 15:14:26.971789,-410
2021-09-24 15:14:26.971795,-432
2021-09-24 15:14:26.971802,-53
2021-09-24 15:14:26.971808,488
2021-09-24 15:14:26.971815,694
2021-09-24 15:14:26.971821,395
2021-09-24 15:14:26.971827,97
2021-09-24 15:14:26.971834,65
2021-09-24 15:14:26.971840,2
2021-09-24 15:14:26.971847,-109
2021-09-24 15:14:26.971854,-111
2021-09-24 15:14:26.971860,-97
2021-09-24 15:14:26.971867,-128
2021-09-24 15:14:26.971873,-136
2021-09-24 15:14:27.106680,-131
2021-09-24 15:14:27.106702,-148
2021-09-24 15:14:27.106710,-165
2021-09-24 15:14:27.106717,-172
2021-09-24 15:14:27.106723,-179
2021-09-24 15:14:27.106730,-191
2021-09-24 15:14:27.106736,-208
2021-09-24 15:14:27.106743,-230
2021-09-24 15:14:27.106749,-255
2021-09-24 15:14:27.106756,-276
2021-09-24 15:14:27.106763,-301
2021-09-24 15:14:27.106769,-330
2021-09-24 15:14:27.106776,-361
2021-09-24 15:14:27.106782,-393
2021-09-24 15:14:27.106788,-410
2021-09-24 15:14:27.106795,-408
2021-09-24 15:14:27.106801,-393
2021-09-24 15:14:27.106808,-364
2021-09-24 15:14:27.106814,-320
2021-09-24 15:14:27.106821,-247
2021-09-24 15:14:27.106827,-148
2021-09-24 15:14:27.106834,-48
2021-09-24 15:14:27.106840,31
2021-09-24 15:14:27.106847,99
2021-09-24 15:14:27.106853,143
2021-09-24 15:14:27.106860,165
2021-09-24 15:14:27.106866,179
2021-09-24 15:14:27.106873,189
2021-09-24 15:14:27.106880,194
2021-09-24 15:14:27.106886,191
2021-09-24 15:14:27.376859,187
2021-09-24 15:14:27.376881,174
2021-09-24 15:14:27.376889,165
2021-09-24 15:14:27.376895,155
2021-09-24 15:14:27.376902,148
2021-09-24 15:14:27.376908,138
2021-09-24 15:14:27.376915,123
2021-09-24 15:14:27.376921,106
2021-09-24 15:14:27.376927,99
2021-09-24 15:14:27.376934,92
2021-09-24 15:14:27.376940,80
2021-09-24 15:14:27.376989,80
2021-09-24 15:14:27.377040,75
2021-09-24 15:14:27.377102,65
2021-09-24 15:14:27.377112,70
2021-09-24 15:14:27.377118,75
2021-09-24 15:14:27.377125,75
2021-09-24 15:14:27.377131,80
2021-09-24 15:14:27.377138,80
2021-09-24 15:14:27.377144,77
2021-09-24 15:14:27.377151,80
2021-09-24 15:14:27.377157,82
2021-09-24 15:14:27.377164,82
2021-09-24 15:14:27.377170,82
2021-09-24 15:14:27.377179,82
2021-09-24 15:14:27.377185,82
2021-09-24 15:14:27.377192,80
2021-09-24 15:14:27.377216,77
2021-09-24 15:14:27.377224,80
2021-09-24 15:14:27.377230,92
2021-09-24 15:14:27.646103,92
2021-09-24 15:14:27.646124,80
2021-09-24 15:14:27.646132,60
2021-09-24 15:14:27.646139,41
2021-09-24 15:14:27.646145,36
2021-09-24 15:14:27.646152,36
2021-09-24 15:14:27.646158,26
2021-09-24 15:14:27.646165,36
2021-09-24 15:14:27.646171,63
2021-09-24 15:14:27.646177,65
2021-09-24 15:14:27.646184,63
2021-09-24 15:14:27.646191,65
2021-09-24 15:14:27.646197,63
2021-09-24 15:14:27.646203,63
2021-09-24 15:14:27.646210,63
2021-09-24 15:14:27.646216,63
2021-09-24 15:14:27.646223,63
2021-09-24 15:14:27.646229,55
2021-09-24 15:14:27.646236,31
2021-09-24 15:14:27.646242,-9
2021-09-24 15:14:27.646249,-114
2021-09-24 15:14:27.646255,-337
2021-09-24 15:14:27.646262,-488
2021-09-24 15:14:27.646268,-274
2021-09-24 15:14:27.646274,252
2021-09-24 15:14:27.646281,655
2021-09-24 15:14:27.646287,534
2021-09-24 15:14:27.646294,162
2021-09-24 15:14:27.646300,53
2021-09-24 15:14:27.646307,46
2021-09-24 15:14:27.871343,-70
2021-09-24 15:14:27.871365,-114
2021-09-24 15:14:27.871372,-87
2021-09-24 15:14:27.871379,-109
2021-09-24 15:14:27.871386,-136
2021-09-24 15:14:27.871392,-133
2021-09-24 15:14:27.871398,-140
2021-09-24 15:14:27.871405,-157
2021-09-24 15:14:27.871411,-167
2021-09-24 15:14:27.871417,-177
2021-09-24 15:14:27.871424,-194
2021-09-24 15:14:27.871430,-213
2021-09-24 15:14:27.871437,-228
2021-09-24 15:14:27.871443,-247
2021-09-24 15:14:27.871449,-276
2021-09-24 15:14:27.871456,-303
2021-09-24 15:14:27.871462,-330
2021-09-24 15:14:27.871469,-366
2021-09-24 15:14:27.871475,-393
2021-09-24 15:14:27.871482,-400
2021-09-24 15:14:27.871488,-408
2021-09-24 15:14:27.871494,-405
2021-09-24 15:14:27.871501,-386
2021-09-24 15:14:27.871507,-344
2021-09-24 15:14:27.871513,-269
2021-09-24 15:14:27.871520,-174
2021-09-24 15:14:27.871526,-82
2021-09-24 15:14:27.871532,2
2021-09-24 15:14:27.871539,70
2021-09-24 15:14:27.871545,126
2021-09-24 15:14:28.006756,162
2021-09-24 15:14:28.006809,184
2021-09-24 15:14:28.006817,196
2021-09-24 15:14:28.006823,199
2021-09-24 15:14:28.006830,194
2021-09-24 15:14:28.006836,182
2021-09-24 15:14:28.006843,177
2021-09-24 15:14:28.006849,174
2021-09-24 15:14:28.006855,165
2021-09-24 15:14:28.006862,145
2021-09-24 15:14:28.006868,128
2021-09-24 15:14:28.006875,114
2021-09-24 15:14:28.006881,109
2021-09-24 15:14:28.006887,109
2021-09-24 15:14:28.006894,106
2021-09-24 15:14:28.006900,92
2021-09-24 15:14:28.006906,77
2021-09-24 15:14:28.006924,77
2021-09-24 15:14:28.006930,80
2021-09-24 15:14:28.006937,80
2021-09-24 15:14:28.006943,85
2021-09-24 15:14:28.006949,85
2021-09-24 15:14:28.006956,75
2021-09-24 15:14:28.006962,75
2021-09-24 15:14:28.006969,82
2021-09-24 15:14:28.006975,82
2021-09-24 15:14:28.006981,82
2021-09-24 15:14:28.006988,82
2021-09-24 15:14:28.007045,77
2021-09-24 15:14:28.007060,68
2021-09-24 15:14:28.231683,58
2021-09-24 15:14:28.231705,60
2021-09-24 15:14:28.231712,77
2021-09-24 15:14:28.231717,75
2021-09-24 15:14:28.231722,53
2021-09-24 15:14:28.231727,36
2021-09-24 15:14:28.231733,31
2021-09-24 15:14:28.231738,26
2021-09-24 15:14:28.231743,21
2021-09-24 15:14:28.231748,12
2021-09-24 15:14:28.231754,14
2021-09-24 15:14:28.231759,38
2021-09-24 15:14:28.231764,53
2021-09-24 15:14:28.231769,55
2021-09-24 15:14:28.231774,58
2021-09-24 15:14:28.231780,55
2021-09-24 15:14:28.231785,51
2021-09-24 15:14:28.231790,48
2021-09-24 15:14:28.231795,43
2021-09-24 15:14:28.231800,36
2021-09-24 15:14:28.231806,38
2021-09-24 15:14:28.231811,26
2021-09-24 15:14:28.231816,-7
2021-09-24 15:14:28.231821,-82
2021-09-24 15:14:28.231827,-272
2021-09-24 15:14:28.231832,-480
2021-09-24 15:14:28.231837,-395
2021-09-24 15:14:28.231842,75
2021-09-24 15:14:28.231847,580
2021-09-24 15:14:28.231852,590
2021-09-24 15:14:28.501827,218
2021-09-24 15:14:28.501849,63
2021-09-24 15:14:28.501857,80
2021-09-24 15:14:28.501864,-38
2021-09-24 15:14:28.501871,-126
2021-09-24 15:14:28.501877,-94
2021-09-24 15:14:28.501884,-99
2021-09-24 15:14:28.501890,-136
2021-09-24 15:14:28.501897,-140
2021-09-24 15:14:28.501903,-145
2021-09-24 15:14:28.501910,-162
2021-09-24 15:14:28.501917,-172
2021-09-24 15:14:28.501923,-179
2021-09-24 15:14:28.501930,-194
2021-09-24 15:14:28.501936,-208
2021-09-24 15:14:28.501943,-228
2021-09-24 15:14:28.501950,-242
2021-09-24 15:14:28.501956,-262
2021-09-24 15:14:28.501963,-289
2021-09-24 15:14:28.501970,-323
2021-09-24 15:14:28.501976,-357
2021-09-24 15:14:28.501983,-383
2021-09-24 15:14:28.501989,-395
2021-09-24 15:14:28.501996,-400
2021-09-24 15:14:28.502002,-391
2021-09-24 15:14:28.502009,-361
2021-09-24 15:14:28.502016,-323
2021-09-24 15:14:28.502029,-264
2021-09-24 15:14:28.502036,-170
2021-09-24 15:14:28.502043,-68
2021-09-24 15:14:28.726420,12
2021-09-24 15:14:28.726443,80
2021-09-24 15:14:28.726451,131
2021-09-24 15:14:28.726458,162
2021-09-24 15:14:28.726465,174
2021-09-24 15:14:28.726472,179
2021-09-24 15:14:28.726479,187
2021-09-24 15:14:28.726486,187
2021-09-24 15:14:28.726492,170
2021-09-24 15:14:28.726499,153
2021-09-24 15:14:28.726505,150
2021-09-24 15:14:28.726512,150
2021-09-24 15:14:28.726518,138
2021-09-24 15:14:28.726525,123
2021-09-24 15:14:28.726532,111
2021-09-24 15:14:28.726538,102
2021-09-24 15:14:28.726545,99
2021-09-24 15:14:28.726552,94
2021-09-24 15:14:28.726559,89
2021-09-24 15:14:28.726565,87
2021-09-24 15:14:28.726572,82
2021-09-24 15:14:28.726578,77
2021-09-24 15:14:28.726585,75
2021-09-24 15:14:28.726591,77
2021-09-24 15:14:28.726598,82
2021-09-24 15:14:28.726605,82
2021-09-24 15:14:28.726611,77
2021-09-24 15:14:28.726618,80
2021-09-24 15:14:28.726624,85
2021-09-24 15:14:28.726631,89
2021-09-24 15:14:28.996173,89
2021-09-24 15:14:28.996196,85
2021-09-24 15:14:28.996204,82
2021-09-24 15:14:28.996211,87
2021-09-24 15:14:28.996217,89
2021-09-24 15:14:28.996224,87
2021-09-24 15:14:28.996230,82
2021-09-24 15:14:28.996237,68
2021-09-24 15:14:28.996243,48
2021-09-24 15:14:28.996250,41
2021-09-24 15:14:28.996257,41
2021-09-24 15:14:28.996263,41
2021-09-24 15:14:28.996270,55
2021-09-24 15:14:28.996276,72
2021-09-24 15:14:28.996283,70
2021-09-24 15:14:28.996289,63
2021-09-24 15:14:28.996296,68
2021-09-24 15:14:28.996314,70
2021-09-24 15:14:28.996321,68
2021-09-24 15:14:28.996327,65
2021-09-24 15:14:28.996334,68
2021-09-24 15:14:28.996341,65
2021-09-24 15:14:28.996347,46
2021-09-24 15:14:28.996354,2
2021-09-24 15:14:28.996360,-75
2021-09-24 15:14:28.996367,-252
2021-09-24 15:14:28.996374,-466
2021-09-24 15:14:28.996381,-410
2021-09-24 15:14:28.996387,34
2021-09-24 15:14:28.996394,553
2021-09-24 15:14:29.176902,624
2021-09-24 15:14:29.176924,269
2021-09-24 15:14:29.176932,87
2021-09-24 15:14:29.176939,109
2021-09-24 15:14:29.176945,4
2021-09-24 15:14:29.176952,-89
2021-09-24 15:14:29.176958,-70
2021-09-24 15:14:29.176965,-75
2021-09-24 15:14:29.176971,-116
2021-09-24 15:14:29.176977,-126
2021-09-24 15:14:29.176984,-136
2021-09-24 15:14:29.176990,-162
2021-09-24 15:14:29.176997,-179
2021-09-24 15:14:29.177003,-187
2021-09-24 15:14:29.177010,-199
2021-09-24 15:14:29.177016,-211
2021-09-24 15:14:29.177023,-223
2021-09-24 15:14:29.177029,-240
2021-09-24 15:14:29.177036,-267
2021-09-24 15:14:29.177042,-293
2021-09-24 15:14:29.177048,-315
2021-09-24 15:14:29.177055,-337
2021-09-24 15:14:29.177061,-357
2021-09-24 15:14:29.177068,-371
2021-09-24 15:14:29.177074,-378
2021-09-24 15:14:29.177081,-378
2021-09-24 15:14:29.177087,-366
2021-09-24 15:14:29.177094,-330
2021-09-24 15:14:29.177100,-259
2021-09-24 15:14:29.177107,-165
2021-09-24 15:14:29.402070,-75
2021-09-24 15:14:29.402091,7
2021-09-24 15:14:29.402099,77
2021-09-24 15:14:29.402106,133
2021-09-24 15:14:29.402113,167
2021-09-24 15:14:29.402120,187
2021-09-24 15:14:29.402126,191
2021-09-24 15:14:29.402133,194
2021-09-24 15:14:29.402140,199
2021-09-24 15:14:29.402147,191
2021-09-24 15:14:29.402154,184
2021-09-24 15:14:29.402161,174
2021-09-24 15:14:29.402168,157
2021-09-24 15:14:29.402175,148
2021-09-24 15:14:29.402181,143
2021-09-24 15:14:29.402188,133
2021-09-24 15:14:29.402195,121
2021-09-24 15:14:29.402202,116
2021-09-24 15:14:29.402209,106
2021-09-24 15:14:29.402216,102
2021-09-24 15:14:29.402223,99
2021-09-24 15:14:29.402229,94
2021-09-24 15:14:29.402236,94
2021-09-24 15:14:29.402248,94
2021-09-24 15:14:29.402256,94
2021-09-24 15:14:29.402263,99
2021-09-24 15:14:29.402270,99
2021-09-24 15:14:29.402277,94
2021-09-24 15:14:29.402284,89
2021-09-24 15:14:29.402291,85
2021-09-24 15:14:29.671598,87
2021-09-24 15:14:29.671620,92
2021-09-24 15:14:29.671629,92
2021-09-24 15:14:29.671636,89
2021-09-24 15:14:29.671643,85
2021-09-24 15:14:29.671650,80
2021-09-24 15:14:29.671657,82
2021-09-24 15:14:29.671664,89
2021-09-24 15:14:29.671671,85
2021-09-24 15:14:29.671677,75
2021-09-24 15:14:29.671684,65
2021-09-24 15:14:29.671691,51
2021-09-24 15:14:29.671698,36
2021-09-24 15:14:29.671705,36
2021-09-24 15:14:29.671712,46
2021-09-24 15:14:29.671719,55
2021-09-24 15:14:29.671726,55
2021-09-24 15:14:29.671733,53
2021-09-24 15:14:29.671739,55
2021-09-24 15:14:29.671746,58
2021-09-24 15:14:29.671753,55
2021-09-24 15:14:29.671760,55
2021-09-24 15:14:29.671767,55
2021-09-24 15:14:29.671774,53
2021-09-24 15:14:29.671780,46
2021-09-24 15:14:29.671787,19
2021-09-24 15:14:29.671794,-43
2021-09-24 15:14:29.671801,-187
2021-09-24 15:14:29.671808,-412
2021-09-24 15:14:29.671815,-466
2021-09-24 15:14:29.895415,-140
2021-09-24 15:14:29.895439,386
2021-09-24 15:14:29.895447,668
2021-09-24 15:14:29.895454,432
2021-09-24 15:14:29.895461,109
2021-09-24 15:14:29.895467,68
2021-09-24 15:14:29.895474,34
2021-09-24 15:14:29.895480,-85
2021-09-24 15:14:29.895487,-97
2021-09-24 15:14:29.895493,-70
2021-09-24 15:14:29.895500,-109
2021-09-24 15:14:29.895506,-133
2021-09-24 15:14:29.895513,-133
2021-09-24 15:14:29.895519,-143
2021-09-24 15:14:29.895526,-157
2021-09-24 15:14:29.895532,-165
2021-09-24 15:14:29.895539,-182
2021-09-24 15:14:29.895545,-199
2021-09-24 15:14:29.895551,-208
2021-09-24 15:14:29.895558,-221
2021-09-24 15:14:29.895564,-245
2021-09-24 15:14:29.895571,-272
2021-09-24 15:14:29.895577,-298
2021-09-24 15:14:29.895584,-323
2021-09-24 15:14:29.895590,-344
2021-09-24 15:14:29.895597,-364
2021-09-24 15:14:29.895603,-376
2021-09-24 15:14:29.895609,-381
2021-09-24 15:14:29.895616,-371
2021-09-24 15:14:29.895622,-344
2021-09-24 15:14:30.121856,-293
2021-09-24 15:14:30.121877,-216
2021-09-24 15:14:30.121885,-121
2021-09-24 15:14:30.121892,-34
2021-09-24 15:14:30.121898,36
2021-09-24 15:14:30.121905,104
2021-09-24 15:14:30.121911,155
2021-09-24 15:14:30.121918,182
2021-09-24 15:14:30.121924,196
2021-09-24 15:14:30.121931,199
2021-09-24 15:14:30.121937,191
2021-09-24 15:14:30.121964,191
2021-09-24 15:14:30.121971,191
2021-09-24 15:14:30.121978,187
2021-09-24 15:14:30.121984,179
2021-09-24 15:14:30.121991,167
2021-09-24 15:14:30.121998,153
2021-09-24 15:14:30.122004,145
2021-09-24 15:14:30.122011,138
2021-09-24 15:14:30.122018,128
2021-09-24 15:14:30.122024,121
2021-09-24 15:14:30.122031,106
2021-09-24 15:14:30.122037,89
2021-09-24 15:14:30.122044,89
2021-09-24 15:14:30.122050,92
2021-09-24 15:14:30.122057,89
2021-09-24 15:14:30.122063,87
2021-09-24 15:14:30.122070,82
2021-09-24 15:14:30.122077,85
2021-09-24 15:14:30.122083,89
2021-09-24 15:14:30.346721,94
2021-09-24 15:14:30.346743,94
2021-09-24 15:14:30.346751,94
2021-09-24 15:14:30.346757,92
2021-09-24 15:14:30.346764,87
2021-09-24 15:14:30.346770,85
2021-09-24 15:14:30.346777,89
2021-09-24 15:14:30.346783,89
2021-09-24 15:14:30.346790,82
2021-09-24 15:14:30.346796,75
2021-09-24 15:14:30.346803,82
2021-09-24 15:14:30.346809,89
2021-09-24 15:14:30.346815,82
2021-09-24 15:14:30.346822,72
2021-09-24 15:14:30.346828,60
2021-09-24 15:14:30.346834,43
2021-09-24 15:14:30.346841,34
2021-09-24 15:14:30.346847,34
2021-09-24 15:14:30.346854,46
2021-09-24 15:14:30.346860,68
2021-09-24 15:14:30.346866,77
2021-09-24 15:14:30.346873,68
2021-09-24 15:14:30.346879,68
2021-09-24 15:14:30.346886,72
2021-09-24 15:14:30.346892,75
2021-09-24 15:14:30.346898,72
2021-09-24 15:14:30.346905,70
2021-09-24 15:14:30.346911,65
2021-09-24 15:14:30.346918,55
2021-09-24 15:14:30.346924,26
2021-09-24 15:14:30.616838,-38
2021-09-24 15:14:30.616860,-194
2021-09-24 15:14:30.616867,-410
2021-09-24 15:14:30.616874,-417
2021-09-24 15:14:30.616881,-48
2021-09-24 15:14:30.616887,466
2021-09-24 15:14:30.616894,692
2021-09-24 15:14:30.616900,417
2021-09-24 15:14:30.616907,94
2021-09-24 15:14:30.616913,53
2021-09-24 15:14:30.616920,9
2021-09-24 15:14:30.616926,-97
2021-09-24 15:14:30.616932,-94
2021-09-24 15:14:30.616939,-77
2021-09-24 15:14:30.616945,-119
2021-09-24 15:14:30.616975,-143
2021-09-24 15:14:30.616982,-138
2021-09-24 15:14:30.616989,-148
2021-09-24 15:14:30.616995,-162
2021-09-24 15:14:30.617001,-170
2021-09-24 15:14:30.617008,-184
2021-09-24 15:14:30.617014,-199
2021-09-24 15:14:30.617021,-211
2021-09-24 15:14:30.617027,-225
2021-09-24 15:14:30.617033,-245
2021-09-24 15:14:30.617040,-272
2021-09-24 15:14:30.617095,-303
2021-09-24 15:14:30.617111,-342
2021-09-24 15:14:30.617118,-374
2021-09-24 15:14:30.617129,-386
2021-09-24 15:14:30.841255,-393
2021-09-24 15:14:30.841286,-403
2021-09-24 15:14:30.841298,-395
2021-09-24 15:14:30.841309,-366
2021-09-24 15:14:30.841319,-313
2021-09-24 15:14:30.841329,-228
2021-09-24 15:14:30.841339,-121
2021-09-24 15:14:30.841349,-26
2021-09-24 15:14:30.841359,43
2021-09-24 15:14:30.841369,104
2021-09-24 15:14:30.841380,155
2021-09-24 15:14:30.841390,187
2021-09-24 15:14:30.841400,196
2021-09-24 15:14:30.841410,199
2021-09-24 15:14:30.841420,194
2021-09-24 15:14:30.841430,191
2021-09-24 15:14:30.841440,191
2021-09-24 15:14:30.841450,187
2021-09-24 15:14:30.841460,174
2021-09-24 15:14:30.841470,160
2021-09-24 15:14:30.841480,145
2021-09-24 15:14:30.841490,136
2021-09-24 15:14:30.841500,131
2021-09-24 15:14:30.841510,123
2021-09-24 15:14:30.841520,116
2021-09-24 15:14:30.841530,109
2021-09-24 15:14:30.841540,102
2021-09-24 15:14:30.841550,94
2021-09-24 15:14:30.841560,94
2021-09-24 15:14:30.841570,92
2021-09-24 15:14:31.111829,89
2021-09-24 15:14:31.111851,89
2021-09-24 15:14:31.111859,87
2021-09-24 15:14:31.111866,87
2021-09-24 15:14:31.111872,89
2021-09-24 15:14:31.111879,94
2021-09-24 15:14:31.111885,89
2021-09-24 15:14:31.111892,82
2021-09-24 15:14:31.111899,80
2021-09-24 15:14:31.111905,82
2021-09-24 15:14:31.111912,77
2021-09-24 15:14:31.111918,72
2021-09-24 15:14:31.111925,70
2021-09-24 15:14:31.111931,70
2021-09-24 15:14:31.111938,70
2021-09-24 15:14:31.111944,77
2021-09-24 15:14:31.111951,82
2021-09-24 15:14:31.111958,80
2021-09-24 15:14:31.111964,68
2021-09-24 15:14:31.111971,51
2021-09-24 15:14:31.111977,41
2021-09-24 15:14:31.111984,36
2021-09-24 15:14:31.111990,31
2021-09-24 15:14:31.111997,38
2021-09-24 15:14:31.112003,58
2021-09-24 15:14:31.112010,70
2021-09-24 15:14:31.112016,68
2021-09-24 15:14:31.112023,68
2021-09-24 15:14:31.112045,68
2021-09-24 15:14:31.112129,68
2021-09-24 15:14:31.246099,68
2021-09-24 15:14:31.246115,68
2021-09-24 15:14:31.246122,58
2021-09-24 15:14:31.246127,41
2021-09-24 15:14:31.246132,26
2021-09-24 15:14:31.246137,-9
2021-09-24 15:14:31.246142,-119
2021-09-24 15:14:31.246147,-330
2021-09-24 15:14:31.246152,-488
2021-09-24 15:14:31.246157,-310
2021-09-24 15:14:31.246162,189
2021-09-24 15:14:31.246167,631
2021-09-24 15:14:31.246172,587
2021-09-24 15:14:31.246176,208
2021-09-24 15:14:31.246181,46
2021-09-24 15:14:31.246186,46
2021-09-24 15:14:31.246191,-60
2021-09-24 15:14:31.246196,-119
2021-09-24 15:14:31.246201,-89
2021-09-24 15:14:31.246206,-99
2021-09-24 15:14:31.246211,-128
2021-09-24 15:14:31.246216,-136
2021-09-24 15:14:31.246221,-143
2021-09-24 15:14:31.246226,-162
2021-09-24 15:14:31.246231,-174
2021-09-24 15:14:31.246236,-182
2021-09-24 15:14:31.246241,-194
2021-09-24 15:14:31.246246,-211
2021-09-24 15:14:31.246250,-225
2021-09-24 15:14:31.246255,-245
2021-09-24 15:14:31.470953,-269
2021-09-24 15:14:31.470969,-291
2021-09-24 15:14:31.470974,-320
2021-09-24 15:14:31.470979,-349
2021-09-24 15:14:31.470984,-371
2021-09-24 15:14:31.470988,-391
2021-09-24 15:14:31.470993,-403
2021-09-24 15:14:31.470997,-398
2021-09-24 15:14:31.471002,-381
2021-09-24 15:14:31.471006,-347
2021-09-24 15:14:31.471011,-284
2021-09-24 15:14:31.471015,-194
2021-09-24 15:14:31.471020,-94
2021-09-24 15:14:31.471024,-2
2021-09-24 15:14:31.471029,65
2021-09-24 15:14:31.471033,114
2021-09-24 15:14:31.471038,153
2021-09-24 15:14:31.471042,177
2021-09-24 15:14:31.471047,187
2021-09-24 15:14:31.471051,194
2021-09-24 15:14:31.471056,194
2021-09-24 15:14:31.471060,187
2021-09-24 15:14:31.471065,179
2021-09-24 15:14:31.471069,174
2021-09-24 15:14:31.471074,165
2021-09-24 15:14:31.471078,157
2021-09-24 15:14:31.471083,148
2021-09-24 15:14:31.471087,136
2021-09-24 15:14:31.471092,128
2021-09-24 15:14:31.471096,119
2021-09-24 15:14:31.741095,114
2021-09-24 15:14:31.741120,109
2021-09-24 15:14:31.741128,104
2021-09-24 15:14:31.741135,97
2021-09-24 15:14:31.741142,87
2021-09-24 15:14:31.741148,80
2021-09-24 15:14:31.741155,82
2021-09-24 15:14:31.741161,85
2021-09-24 15:14:31.741168,80
2021-09-24 15:14:31.741175,68
2021-09-24 15:14:31.741181,60
2021-09-24 15:14:31.741187,60
2021-09-24 15:14:31.741194,65
2021-09-24 15:14:31.741200,68
2021-09-24 15:14:31.741207,70
2021-09-24 15:14:31.741213,70
2021-09-24 15:14:31.741220,65
2021-09-24 15:14:31.741226,60
2021-09-24 15:14:31.741233,63
2021-09-24 15:14:31.741239,68
2021-09-24 15:14:31.741246,65
2021-09-24 15:14:31.741252,65
2021-09-24 15:14:31.741259,72
2021-09-24 15:14:31.741265,77
2021-09-24 15:14:31.741271,70
2021-09-24 15:14:31.741278,60
2021-09-24 15:14:31.741284,43
2021-09-24 15:14:31.741291,29
2021-09-24 15:14:31.741297,26
2021-09-24 15:14:31.741304,26
2021-09-24 15:14:31.965518,34
2021-09-24 15:14:31.965541,53
2021-09-24 15:14:31.965549,70
2021-09-24 15:14:31.965556,68
2021-09-24 15:14:31.965562,60
2021-09-24 15:14:31.965568,63
2021-09-24 15:14:31.965575,65
2021-09-24 15:14:31.965581,65
2021-09-24 15:14:31.965588,65
2021-09-24 15:14:31.965594,58
2021-09-24 15:14:31.965600,46
2021-09-24 15:14:31.965607,34
2021-09-24 15:14:31.965613,7
2021-09-24 15:14:31.965619,-70
2021-09-24 15:14:31.965626,-262
2021-09-24 15:14:31.965632,-478
2021-09-24 15:14:31.965639,-408
2021-09-24 15:14:31.965645,46
2021-09-24 15:14:31.965651,558
2021-09-24 15:14:31.965658,638
2021-09-24 15:14:31.965664,274
2021-09-24 15:14:31.965671,53
2021-09-24 15:14:31.965677,60
2021-09-24 15:14:31.965683,-29
2021-09-24 15:14:31.965690,-121
2021-09-24 15:14:31.965696,-97
2021-09-24 15:14:31.965703,-92
2021-09-24 15:14:31.965709,-133
2021-09-24 15:14:31.965747,-140
2021-09-24 15:14:31.965754,-136
2021-09-24 15:14:32.191838,-148
2021-09-24 15:14:32.191863,-162
2021-09-24 15:14:32.191871,-177
2021-09-24 15:14:32.191877,-199
2021-09-24 15:14:32.191884,-211
2021-09-24 15:14:32.191890,-221
2021-09-24 15:14:32.191897,-240
2021-09-24 15:14:32.191903,-262
2021-09-24 15:14:32.191910,-291
2021-09-24 15:14:32.191916,-335
2021-09-24 15:14:32.191923,-369
2021-09-24 15:14:32.191929,-383
2021-09-24 15:14:32.191936,-398
2021-09-24 15:14:32.191942,-415
2021-09-24 15:14:32.191949,-425
2021-09-24 15:14:32.191955,-417
2021-09-24 15:14:32.191961,-378
2021-09-24 15:14:32.191968,-310
2021-09-24 15:14:32.191974,-221
2021-09-24 15:14:32.191981,-123
2021-09-24 15:14:32.191987,-36
2021-09-24 15:14:32.191994,34
2021-09-24 15:14:32.192000,97
2021-09-24 15:14:32.192007,145
2021-09-24 15:14:32.192013,172
2021-09-24 15:14:32.192019,189
2021-09-24 15:14:32.192026,191
2021-09-24 15:14:32.192032,184
2021-09-24 15:14:32.192039,182
2021-09-24 15:14:32.192045,179
2021-09-24 15:14:32.416805,170
2021-09-24 15:14:32.416830,160
2021-09-24 15:14:32.416838,148
2021-09-24 15:14:32.416845,138
2021-09-24 15:14:32.416852,131
2021-09-24 15:14:32.416859,126
2021-09-24 15:14:32.416866,116
2021-09-24 15:14:32.416872,111
2021-09-24 15:14:32.416879,102
2021-09-24 15:14:32.416886,85
2021-09-24 15:14:32.416893,80
2021-09-24 15:14:32.416900,85
2021-09-24 15:14:32.416907,85
2021-09-24 15:14:32.416914,85
2021-09-24 15:14:32.416921,82
2021-09-24 15:14:32.416928,75
2021-09-24 15:14:32.416934,82
2021-09-24 15:14:32.416952,89
2021-09-24 15:14:32.416959,87
2021-09-24 15:14:32.416966,82
2021-09-24 15:14:32.416973,82
2021-09-24 15:14:32.416980,80
2021-09-24 15:14:32.416987,75
2021-09-24 15:14:32.416994,70
2021-09-24 15:14:32.417000,68
2021-09-24 15:14:32.417007,70
2021-09-24 15:14:32.417014,68
2021-09-24 15:14:32.417021,70
2021-09-24 15:14:32.417028,75
2021-09-24 15:14:32.417035,72
2021-09-24 15:14:32.641860,60
2021-09-24 15:14:32.641888,43
2021-09-24 15:14:32.641900,31
2021-09-24 15:14:32.641911,29
2021-09-24 15:14:32.641921,29
2021-09-24 15:14:32.641931,43
2021-09-24 15:14:32.641941,65
2021-09-24 15:14:32.641951,65
2021-09-24 15:14:32.641961,51
2021-09-24 15:14:32.641971,48
2021-09-24 15:14:32.641981,58
2021-09-24 15:14:32.641990,58
2021-09-24 15:14:32.642000,53
2021-09-24 15:14:32.642010,51
2021-09-24 15:14:32.642020,43
2021-09-24 15:14:32.642030,34
2021-09-24 15:14:32.642040,21
2021-09-24 15:14:32.642050,-17
2021-09-24 15:14:32.642060,-128
2021-09-24 15:14:32.642070,-354
2021-09-24 15:14:32.642080,-519
2021-09-24 15:14:32.642090,-315
2021-09-24 15:14:32.642100,233
2021-09-24 15:14:32.642110,629
2021-09-24 15:14:32.642120,463
2021-09-24 15:14:32.642130,106
2021-09-24 15:14:32.642140,36
2021-09-24 15:14:32.642150,26
2021-09-24 15:14:32.642160,-94
2021-09-24 15:14:32.642169,-136
2021-09-24 15:14:32.866657,-102
2021-09-24 15:14:32.866680,-116
2021-09-24 15:14:32.866688,-150
2021-09-24 15:14:32.866695,-150
2021-09-24 15:14:32.866703,-153
2021-09-24 15:14:32.866710,-167
2021-09-24 15:14:32.866717,-182
2021-09-24 15:14:32.866724,-196
2021-09-24 15:14:32.866731,-208
2021-09-24 15:14:32.866738,-223
2021-09-24 15:14:32.866745,-242
2021-09-24 15:14:32.866752,-267
2021-09-24 15:14:32.866759,-298
2021-09-24 15:14:32.866766,-335
2021-09-24 15:14:32.866773,-369
2021-09-24 15:14:32.866780,-393
2021-09-24 15:14:32.866787,-405
2021-09-24 15:14:32.866794,-412
2021-09-24 15:14:32.866801,-415
2021-09-24 15:14:32.866808,-400
2021-09-24 15:14:32.866815,-366
2021-09-24 15:14:32.866822,-318
2021-09-24 15:14:32.866828,-245
2021-09-24 15:14:32.866835,-145
2021-09-24 15:14:32.866842,-51
2021-09-24 15:14:32.866849,29
2021-09-24 15:14:32.866856,92
2021-09-24 15:14:32.866863,133
2021-09-24 15:14:32.866870,165
2021-09-24 15:14:32.866877,187
2021-09-24 15:14:33.091941,191
2021-09-24 15:14:33.091964,189
2021-09-24 15:14:33.091972,194
2021-09-24 15:14:33.091979,189
2021-09-24 15:14:33.091986,177
2021-09-24 15:14:33.091992,170
2021-09-24 15:14:33.091999,155
2021-09-24 15:14:33.092005,133
2021-09-24 15:14:33.092011,128
2021-09-24 15:14:33.092018,121
2021-09-24 15:14:33.092024,114
2021-09-24 15:14:33.092031,111
2021-09-24 15:14:33.092037,97
2021-09-24 15:14:33.092044,85
2021-09-24 15:14:33.092050,87
2021-09-24 15:14:33.092057,89
2021-09-24 15:14:33.092063,87
2021-09-24 15:14:33.092069,85
2021-09-24 15:14:33.092076,87
2021-09-24 15:14:33.092082,92
2021-09-24 15:14:33.092089,92
2021-09-24 15:14:33.092095,89
2021-09-24 15:14:33.092102,92
2021-09-24 15:14:33.092108,94
2021-09-24 15:14:33.092114,94
2021-09-24 15:14:33.092121,94
2021-09-24 15:14:33.092127,92
2021-09-24 15:14:33.092134,80
2021-09-24 15:14:33.092141,72
2021-09-24 15:14:33.092147,72
2021-09-24 15:14:33.316253,63
2021-09-24 15:14:33.316278,53
2021-09-24 15:14:33.316286,51
2021-09-24 15:14:33.316293,41
2021-09-24 15:14:33.316300,31
2021-09-24 15:14:33.316306,31
2021-09-24 15:14:33.316312,43
2021-09-24 15:14:33.316319,63
2021-09-24 15:14:33.316325,68
2021-09-24 15:14:33.316332,63
2021-09-24 15:14:33.316338,60
2021-09-24 15:14:33.316344,58
2021-09-24 15:14:33.316351,53
2021-09-24 15:14:33.316357,55
2021-09-24 15:14:33.316364,60
2021-09-24 15:14:33.316370,53
2021-09-24 15:14:33.316377,31
2021-09-24 15:14:33.316383,-9
2021-09-24 15:14:33.316390,-85
2021-09-24 15:14:33.316396,-262
2021-09-24 15:14:33.316403,-459
2021-09-24 15:14:33.316409,-371
2021-09-24 15:14:33.316415,92
2021-09-24 15:14:33.316422,585
2021-09-24 15:14:33.316428,597
2021-09-24 15:14:33.316435,235
2021-09-24 15:14:33.316441,85
2021-09-24 15:14:33.316448,102
2021-09-24 15:14:33.316454,-17
2021-09-24 15:14:33.316461,-109
2021-09-24 15:14:33.541586,-85
2021-09-24 15:14:33.541626,-87
2021-09-24 15:14:33.541632,-123
2021-09-24 15:14:33.541659,-131
2021-09-24 15:14:33.541675,-136
2021-09-24 15:14:33.541682,-155
2021-09-24 15:14:33.541687,-167
2021-09-24 15:14:33.541692,-170
2021-09-24 15:14:33.541698,-182
2021-09-24 15:14:33.541703,-201
2021-09-24 15:14:33.541708,-223
2021-09-24 15:14:33.541713,-247
2021-09-24 15:14:33.541719,-269
2021-09-24 15:14:33.541724,-296
2021-09-24 15:14:33.541729,-327
2021-09-24 15:14:33.541734,-357
2021-09-24 15:14:33.541739,-381
2021-09-24 15:14:33.541744,-395
2021-09-24 15:14:33.541750,-395
2021-09-24 15:14:33.541755,-381
2021-09-24 15:14:33.541760,-359
2021-09-24 15:14:33.541768,-313
2021-09-24 15:14:33.541773,-238
2021-09-24 15:14:33.541778,-145
2021-09-24 15:14:33.541784,-48
2021-09-24 15:14:33.541789,38
2021-09-24 15:14:33.541794,106
2021-09-24 15:14:33.541799,153
2021-09-24 15:14:33.541832,184
2021-09-24 15:14:33.541842,204
2021-09-24 15:14:33.766770,213
2021-09-24 15:14:33.766794,213
2021-09-24 15:14:33.766802,201
2021-09-24 15:14:33.766809,177
2021-09-24 15:14:33.766816,160
2021-09-24 15:14:33.766822,157
2021-09-24 15:14:33.766829,150
2021-09-24 15:14:33.766835,143
2021-09-24 15:14:33.766842,133
2021-09-24 15:14:33.766849,121
2021-09-24 15:14:33.766855,104
2021-09-24 15:14:33.766862,97
2021-09-24 15:14:33.766868,99
2021-09-24 15:14:33.766875,97
2021-09-24 15:14:33.766881,87
2021-09-24 15:14:33.766888,80
2021-09-24 15:14:33.766894,77
2021-09-24 15:14:33.766901,82
2021-09-24 15:14:33.766908,87
2021-09-24 15:14:33.766914,87
2021-09-24 15:14:33.766921,87
2021-09-24 15:14:33.766927,87
2021-09-24 15:14:33.766934,87
2021-09-24 15:14:33.766940,89
2021-09-24 15:14:33.766947,92
2021-09-24 15:14:33.766953,94
2021-09-24 15:14:33.766960,92
2021-09-24 15:14:33.766966,92
2021-09-24 15:14:33.766973,94
2021-09-24 15:14:33.766979,97
2021-09-24 15:14:34.080494,94
2021-09-24 15:14:34.080519,89
2021-09-24 15:14:34.080527,85
2021-09-24 15:14:34.080534,68
2021-09-24 15:14:34.080540,51
2021-09-24 15:14:34.080546,38
2021-09-24 15:14:34.080553,34
2021-09-24 15:14:34.080560,48
2021-09-24 15:14:34.080566,70
2021-09-24 15:14:34.080573,68
2021-09-24 15:14:34.080579,58
2021-09-24 15:14:34.080586,65
2021-09-24 15:14:34.080592,72
2021-09-24 15:14:34.080621,68
2021-09-24 15:14:34.080628,68
2021-09-24 15:14:34.080634,63
2021-09-24 15:14:34.080641,58
2021-09-24 15:14:34.080647,46
2021-09-24 15:14:34.080654,9
2021-09-24 15:14:34.080660,-77
2021-09-24 15:14:34.080667,-267
2021-09-24 15:14:34.080673,-466
2021-09-24 15:14:34.080680,-371
2021-09-24 15:14:34.080686,72
2021-09-24 15:14:34.080693,556
2021-09-24 15:14:34.080699,643
2021-09-24 15:14:34.080706,306
2021-09-24 15:14:34.080744,82
2021-09-24 15:14:34.080751,92
2021-09-24 15:14:34.080757,7
2021-09-24 15:14:34.261949,-87
2021-09-24 15:14:34.261980,-68
2021-09-24 15:14:34.261992,-70
2021-09-24 15:14:34.262002,-114
2021-09-24 15:14:34.262012,-114
2021-09-24 15:14:34.262022,-111
2021-09-24 15:14:34.262032,-138
2021-09-24 15:14:34.262042,-165
2021-09-24 15:14:34.262052,-191
2021-09-24 15:14:34.262062,-208
2021-09-24 15:14:34.262072,-213
2021-09-24 15:14:34.262082,-221
2021-09-24 15:14:34.262092,-245
2021-09-24 15:14:34.262102,-272
2021-09-24 15:14:34.262112,-301
2021-09-24 15:14:34.262122,-337
2021-09-24 15:14:34.262132,-361
2021-09-24 15:14:34.262142,-381
2021-09-24 15:14:34.262152,-400
2021-09-24 15:14:34.262162,-410
2021-09-24 15:14:34.262172,-410
2021-09-24 15:14:34.262182,-395
2021-09-24 15:14:34.262192,-349
2021-09-24 15:14:34.262202,-274
2021-09-24 15:14:34.262212,-179
2021-09-24 15:14:34.262222,-77
2021-09-24 15:14:34.262232,7
2021-09-24 15:14:34.262253,75
2021-09-24 15:14:34.262263,133
2021-09-24 15:14:34.262273,179
2021-09-24 15:14:34.531792,201
2021-09-24 15:14:34.531814,211
2021-09-24 15:14:34.531822,213
2021-09-24 15:14:34.531829,208
2021-09-24 15:14:34.531835,206
2021-09-24 15:14:34.531842,204
2021-09-24 15:14:34.531848,196
2021-09-24 15:14:34.531855,184
2021-09-24 15:14:34.531861,162
2021-09-24 15:14:34.531868,140
2021-09-24 15:14:34.531874,133
2021-09-24 15:14:34.531881,131
2021-09-24 15:14:34.531887,123
2021-09-24 15:14:34.531894,109
2021-09-24 15:14:34.531900,94
2021-09-24 15:14:34.531907,87
2021-09-24 15:14:34.531913,89
2021-09-24 15:14:34.531920,87
2021-09-24 15:14:34.531926,85
2021-09-24 15:14:34.531933,85
2021-09-24 15:14:34.531939,82
2021-09-24 15:14:34.531946,82
2021-09-24 15:14:34.531952,89
2021-09-24 15:14:34.531958,92
2021-09-24 15:14:34.531965,92
2021-09-24 15:14:34.531971,89
2021-09-24 15:14:34.531978,87
2021-09-24 15:14:34.531984,89
2021-09-24 15:14:34.531991,89
2021-09-24 15:14:34.531997,89
2021-09-24 15:14:34.801236,89
2021-09-24 15:14:34.801253,89
2021-09-24 15:14:34.801260,87
2021-09-24 15:14:34.801265,85
2021-09-24 15:14:34.801270,87
2021-09-24 15:14:34.801276,85
2021-09-24 15:14:34.801281,82
2021-09-24 15:14:34.801286,80
2021-09-24 15:14:34.801291,82
2021-09-24 15:14:34.801296,77
2021-09-24 15:14:34.801301,63
2021-09-24 15:14:34.801306,43
2021-09-24 15:14:34.801312,26
2021-09-24 15:14:34.801317,19
2021-09-24 15:14:34.801322,12
2021-09-24 15:14:34.801328,14
2021-09-24 15:14:34.801333,38
2021-09-24 15:14:34.801338,55
2021-09-24 15:14:34.801343,55
2021-09-24 15:14:34.801348,46
2021-09-24 15:14:34.801354,43
2021-09-24 15:14:34.801359,48
2021-09-24 15:14:34.801367,51
2021-09-24 15:14:34.801377,51
2021-09-24 15:14:34.801386,51
2021-09-24 15:14:34.801395,46
2021-09-24 15:14:34.801404,31
2021-09-24 15:14:34.801413,-7
2021-09-24 15:14:34.801423,-94
2021-09-24 15:14:34.801433,-284
2021-09-24 15:14:34.936883,-476
2021-09-24 15:14:34.936914,-371
2021-09-24 15:14:34.936926,70
2021-09-24 15:14:34.936936,544
2021-09-24 15:14:34.936947,636
2021-09-24 15:14:34.936957,301
2021-09-24 15:14:34.936967,68
2021-09-24 15:14:34.936977,58
2021-09-24 15:14:34.936987,-34
2021-09-24 15:14:34.936997,-119
2021-09-24 15:14:34.937007,-89
2021-09-24 15:14:34.937018,-87
2021-09-24 15:14:34.937028,-126
2021-09-24 15:14:34.937038,-133
2021-09-24 15:14:34.937048,-136
2021-09-24 15:14:34.937058,-153
2021-09-24 15:14:34.937068,-157
2021-09-24 15:14:34.937078,-167
2021-09-24 15:14:34.937088,-189
2021-09-24 15:14:34.937098,-206
2021-09-24 15:14:34.937108,-213
2021-09-24 15:14:34.937118,-233
2021-09-24 15:14:34.937129,-257
2021-09-24 15:14:34.937139,-284
2021-09-24 15:14:34.937149,-318
2021-09-24 15:14:34.937159,-352
2021-09-24 15:14:34.937169,-378
2021-09-24 15:14:34.937179,-398
2021-09-24 15:14:34.937190,-403
2021-09-24 15:14:34.937200,-398
2021-09-24 15:14:35.161359,-386
2021-09-24 15:14:35.161379,-349
2021-09-24 15:14:35.161387,-289
2021-09-24 15:14:35.161394,-201
2021-09-24 15:14:35.161401,-99
2021-09-24 15:14:35.161407,-9
2021-09-24 15:14:35.161414,58
2021-09-24 15:14:35.161420,121
2021-09-24 15:14:35.161427,170
2021-09-24 15:14:35.161433,191
2021-09-24 15:14:35.161440,201
2021-09-24 15:14:35.161447,204
2021-09-24 15:14:35.161453,201
2021-09-24 15:14:35.161459,201
2021-09-24 15:14:35.161466,196
2021-09-24 15:14:35.161472,179
2021-09-24 15:14:35.161479,165
2021-09-24 15:14:35.161485,157
2021-09-24 15:14:35.161492,140
2021-09-24 15:14:35.161498,121
2021-09-24 15:14:35.161504,116
2021-09-24 15:14:35.161511,111
2021-09-24 15:14:35.161517,102
2021-09-24 15:14:35.161524,97
2021-09-24 15:14:35.161530,92
2021-09-24 15:14:35.161537,89
2021-09-24 15:14:35.161543,89
2021-09-24 15:14:35.161549,87
2021-09-24 15:14:35.161566,85
2021-09-24 15:14:35.161574,82
2021-09-24 15:14:35.386947,85
2021-09-24 15:14:35.386972,89
2021-09-24 15:14:35.386980,89
2021-09-24 15:14:35.386986,89
2021-09-24 15:14:35.386993,85
2021-09-24 15:14:35.386999,80
2021-09-24 15:14:35.387006,77
2021-09-24 15:14:35.387012,82
2021-09-24 15:14:35.387019,85
2021-09-24 15:14:35.387025,82
2021-09-24 15:14:35.387031,77
2021-09-24 15:14:35.387038,72
2021-09-24 15:14:35.387044,72
2021-09-24 15:14:35.387050,75
2021-09-24 15:14:35.387057,75
2021-09-24 15:14:35.387063,70
2021-09-24 15:14:35.387069,70
2021-09-24 15:14:35.387076,72
2021-09-24 15:14:35.387082,70
2021-09-24 15:14:35.387088,65
2021-09-24 15:14:35.387095,51
2021-09-24 15:14:35.387101,31
2021-09-24 15:14:35.387108,29
2021-09-24 15:14:35.387114,36
2021-09-24 15:14:35.387120,31
2021-09-24 15:14:35.387127,34
2021-09-24 15:14:35.387133,53
2021-09-24 15:14:35.387140,68
2021-09-24 15:14:35.387146,72
2021-09-24 15:14:35.387153,72
2021-09-24 15:14:35.611823,75
2021-09-24 15:14:35.611856,77
2021-09-24 15:14:35.611868,75
2021-09-24 15:14:35.611879,70
2021-09-24 15:14:35.611889,63
2021-09-24 15:14:35.611899,58
2021-09-24 15:14:35.611909,43
2021-09-24 15:14:35.611919,4
2021-09-24 15:14:35.611929,-87
2021-09-24 15:14:35.611939,-286
2021-09-24 15:14:35.611950,-478
2021-09-24 15:14:35.611960,-352
2021-09-24 15:14:35.611970,119
2021-09-24 15:14:35.611980,595
2021-09-24 15:14:35.611990,638
2021-09-24 15:14:35.612001,267
2021-09-24 15:14:35.612011,51
2021-09-24 15:14:35.612021,53
2021-09-24 15:14:35.612031,-38
2021-09-24 15:14:35.612041,-119
2021-09-24 15:14:35.612051,-94
2021-09-24 15:14:35.612062,-102
2021-09-24 15:14:35.612072,-136
2021-09-24 15:14:35.612082,-138
2021-09-24 15:14:35.612092,-145
2021-09-24 15:14:35.612102,-170
2021-09-24 15:14:35.612112,-177
2021-09-24 15:14:35.612122,-182
2021-09-24 15:14:35.612132,-199
2021-09-24 15:14:35.612142,-213
2021-09-24 15:14:35.925671,-228
2021-09-24 15:14:35.925692,-250
2021-09-24 15:14:35.925700,-276
2021-09-24 15:14:35.925707,-313
2021-09-24 15:14:35.925714,-349
2021-09-24 15:14:35.925721,-371
2021-09-24 15:14:35.925727,-391
2021-09-24 15:14:35.925734,-408
2021-09-24 15:14:35.925741,-417
2021-09-24 15:14:35.925748,-422
2021-09-24 15:14:35.925755,-410
2021-09-24 15:14:35.925761,-369
2021-09-24 15:14:35.925768,-301
2021-09-24 15:14:35.925775,-208
2021-09-24 15:14:35.925782,-106
2021-09-24 15:14:35.925788,-19
2021-09-24 15:14:35.925795,55
2021-09-24 15:14:35.925802,119
2021-09-24 15:14:35.925809,165
2021-09-24 15:14:35.925816,191
2021-09-24 15:14:35.925823,204
2021-09-24 15:14:35.925829,201
2021-09-24 15:14:35.925836,196
2021-09-24 15:14:35.925843,199
2021-09-24 15:14:35.925850,196
2021-09-24 15:14:35.925857,187
2021-09-24 15:14:35.925863,179
2021-09-24 15:14:35.925870,165
2021-09-24 15:14:35.925877,155
2021-09-24 15:14:35.925884,150
2021-09-24 15:14:36.150557,143
2021-09-24 15:14:36.150580,133
2021-09-24 15:14:36.150588,123
2021-09-24 15:14:36.150595,114
2021-09-24 15:14:36.150601,109
2021-09-24 15:14:36.150608,106
2021-09-24 15:14:36.150614,106
2021-09-24 15:14:36.150621,106
2021-09-24 15:14:36.150627,97
2021-09-24 15:14:36.150633,87
2021-09-24 15:14:36.150640,89
2021-09-24 15:14:36.150646,94
2021-09-24 15:14:36.150653,94
2021-09-24 15:14:36.150659,94
2021-09-24 15:14:36.150666,89
2021-09-24 15:14:36.150672,82
2021-09-24 15:14:36.150679,82
2021-09-24 15:14:36.150685,87
2021-09-24 15:14:36.150691,87
2021-09-24 15:14:36.150698,87
2021-09-24 15:14:36.150704,82
2021-09-24 15:14:36.150711,77
2021-09-24 15:14:36.150717,80
2021-09-24 15:14:36.150724,77
2021-09-24 15:14:36.150730,70
2021-09-24 15:14:36.150737,70
2021-09-24 15:14:36.150774,70
2021-09-24 15:14:36.150781,63
2021-09-24 15:14:36.150788,63
2021-09-24 15:14:36.150794,65
2021-09-24 15:14:36.331517,60
2021-09-24 15:14:36.331549,55
2021-09-24 15:14:36.331563,48
2021-09-24 15:14:36.331574,31
2021-09-24 15:14:36.331585,17
2021-09-24 15:14:36.331596,14
2021-09-24 15:14:36.331606,21
2021-09-24 15:14:36.331623,14
2021-09-24 15:14:36.331634,-2
2021-09-24 15:14:36.331643,9
2021-09-24 15:14:36.331654,38
2021-09-24 15:14:36.331664,51
2021-09-24 15:14:36.331674,51
2021-09-24 15:14:36.331684,43
2021-09-24 15:14:36.331694,36
2021-09-24 15:14:36.331705,38
2021-09-24 15:14:36.331714,43
2021-09-24 15:14:36.331724,46
2021-09-24 15:14:36.331734,43
2021-09-24 15:14:36.331745,34
2021-09-24 15:14:36.331754,2
2021-09-24 15:14:36.331764,-48
2021-09-24 15:14:36.331774,-170
2021-09-24 15:14:36.331784,-393
2021-09-24 15:14:36.331795,-495
2021-09-24 15:14:36.331805,-221
2021-09-24 15:14:36.331815,313
2021-09-24 15:14:36.331825,660
2021-09-24 15:14:36.331835,485
2021-09-24 15:14:36.331846,133
2021-09-24 15:14:36.601615,51
2021-09-24 15:14:36.601644,21
2021-09-24 15:14:36.601657,-99
2021-09-24 15:14:36.601668,-121
2021-09-24 15:14:36.601679,-89
2021-09-24 15:14:36.601691,-121
2021-09-24 15:14:36.601702,-148
2021-09-24 15:14:36.601714,-153
2021-09-24 15:14:36.601725,-172
2021-09-24 15:14:36.601736,-184
2021-09-24 15:14:36.601747,-184
2021-09-24 15:14:36.601759,-194
2021-09-24 15:14:36.601770,-211
2021-09-24 15:14:36.601782,-230
2021-09-24 15:14:36.601793,-252
2021-09-24 15:14:36.601805,-272
2021-09-24 15:14:36.601816,-291
2021-09-24 15:14:36.601828,-315
2021-09-24 15:14:36.601839,-344
2021-09-24 15:14:36.601850,-371
2021-09-24 15:14:36.601861,-388
2021-09-24 15:14:36.601871,-403
2021-09-24 15:14:36.601882,-403
2021-09-24 15:14:36.601893,-391
2021-09-24 15:14:36.601904,-366
2021-09-24 15:14:36.601916,-325
2021-09-24 15:14:36.601927,-259
2021-09-24 15:14:36.601939,-170
2021-09-24 15:14:36.601950,-72
2021-09-24 15:14:36.601961,14
2021-09-24 15:14:36.781908,87
2021-09-24 15:14:36.781932,140
2021-09-24 15:14:36.781940,177
2021-09-24 15:14:36.781947,194
2021-09-24 15:14:36.781953,208
2021-09-24 15:14:36.781960,216
2021-09-24 15:14:36.781966,211
2021-09-24 15:14:36.781973,196
2021-09-24 15:14:36.781980,179
2021-09-24 15:14:36.781986,170
2021-09-24 15:14:36.781993,170
2021-09-24 15:14:36.781999,160
2021-09-24 15:14:36.782006,140
2021-09-24 15:14:36.782012,126
2021-09-24 15:14:36.782019,121
2021-09-24 15:14:36.782025,116
2021-09-24 15:14:36.782032,111
2021-09-24 15:14:36.782039,106
2021-09-24 15:14:36.782045,92
2021-09-24 15:14:36.782052,80
2021-09-24 15:14:36.782058,82
2021-09-24 15:14:36.782065,82
2021-09-24 15:14:36.782071,82
2021-09-24 15:14:36.782078,87
2021-09-24 15:14:36.782084,87
2021-09-24 15:14:36.782091,85
2021-09-24 15:14:36.782097,89
2021-09-24 15:14:36.782104,89
2021-09-24 15:14:36.782111,89
2021-09-24 15:14:36.782117,89
2021-09-24 15:14:37.006871,85
2021-09-24 15:14:37.006896,85
2021-09-24 15:14:37.006905,82
2021-09-24 15:14:37.006912,77
2021-09-24 15:14:37.006919,82
2021-09-24 15:14:37.006926,80
2021-09-24 15:14:37.006933,65
2021-09-24 15:14:37.006940,63
2021-09-24 15:14:37.006946,70
2021-09-24 15:14:37.006953,68
2021-09-24 15:14:37.006960,68
2021-09-24 15:14:37.006967,65
2021-09-24 15:14:37.006974,53
2021-09-24 15:14:37.006981,53
2021-09-24 15:14:37.006987,60
2021-09-24 15:14:37.006994,60
2021-09-24 15:14:37.007001,53
2021-09-24 15:14:37.007008,41
2021-09-24 15:14:37.007015,21
2021-09-24 15:14:37.007022,9
2021-09-24 15:14:37.007029,12
2021-09-24 15:14:37.007036,7
2021-09-24 15:14:37.007042,7
2021-09-24 15:14:37.007049,26
2021-09-24 15:14:37.007056,43
2021-09-24 15:14:37.007063,48
2021-09-24 15:14:37.007070,46
2021-09-24 15:14:37.007076,43
2021-09-24 15:14:37.007083,43
2021-09-24 15:14:37.007090,43
2021-09-24 15:14:37.231328,38
2021-09-24 15:14:37.231349,38
2021-09-24 15:14:37.231356,34
2021-09-24 15:14:37.231362,21
2021-09-24 15:14:37.231368,-9
2021-09-24 15:14:37.231374,-80
2021-09-24 15:14:37.231380,-250
2021-09-24 15:14:37.231386,-483
2021-09-24 15:14:37.231391,-512
2021-09-24 15:14:37.231397,-138
2021-09-24 15:14:37.231403,425
2021-09-24 15:14:37.231409,612
2021-09-24 15:14:37.231415,279
2021-09-24 15:14:37.231421,19
2021-09-24 15:14:37.231427,29
2021-09-24 15:14:37.231433,-41
2021-09-24 15:14:37.231439,-157
2021-09-24 15:14:37.231445,-148
2021-09-24 15:14:37.231450,-128
2021-09-24 15:14:37.231456,-162
2021-09-24 15:14:37.231462,-172
2021-09-24 15:14:37.231468,-165
2021-09-24 15:14:37.231474,-174
2021-09-24 15:14:37.231480,-189
2021-09-24 15:14:37.231485,-199
2021-09-24 15:14:37.231491,-206
2021-09-24 15:14:37.231497,-218
2021-09-24 15:14:37.231503,-235
2021-09-24 15:14:37.231509,-255
2021-09-24 15:14:37.231515,-274
2021-09-24 15:14:37.456821,-296
2021-09-24 15:14:37.456845,-320
2021-09-24 15:14:37.456853,-344
2021-09-24 15:14:37.456861,-374
2021-09-24 15:14:37.456868,-408
2021-09-24 15:14:37.456875,-417
2021-09-24 15:14:37.456882,-400
2021-09-24 15:14:37.456890,-386
2021-09-24 15:14:37.456897,-359
2021-09-24 15:14:37.456904,-303
2021-09-24 15:14:37.456911,-228
2021-09-24 15:14:37.456918,-138
2021-09-24 15:14:37.456926,-38
2021-09-24 15:14:37.456933,43
2021-09-24 15:14:37.456940,102
2021-09-24 15:14:37.456947,143
2021-09-24 15:14:37.456954,177
2021-09-24 15:14:37.456961,196
2021-09-24 15:14:37.456968,204
2021-09-24 15:14:37.456976,208
2021-09-24 15:14:37.456983,204
2021-09-24 15:14:37.456990,194
2021-09-24 15:14:37.456997,189
2021-09-24 15:14:37.457004,182
2021-09-24 15:14:37.457011,167
2021-09-24 15:14:37.457018,157
2021-09-24 15:14:37.457026,150
2021-09-24 15:14:37.457033,143
2021-09-24 15:14:37.457040,131
2021-09-24 15:14:37.457047,119
2021-09-24 15:14:37.681946,114
2021-09-24 15:14:37.681977,116
2021-09-24 15:14:37.681989,111
2021-09-24 15:14:37.682000,99
2021-09-24 15:14:37.682010,89
2021-09-24 15:14:37.682020,92
2021-09-24 15:14:37.682030,89
2021-09-24 15:14:37.682040,85
2021-09-24 15:14:37.682050,89
2021-09-24 15:14:37.682060,87
2021-09-24 15:14:37.682070,75
2021-09-24 15:14:37.682080,75
2021-09-24 15:14:37.682090,85
2021-09-24 15:14:37.682100,92
2021-09-24 15:14:37.682110,89
2021-09-24 15:14:37.682120,82
2021-09-24 15:14:37.682130,77
2021-09-24 15:14:37.682140,80
2021-09-24 15:14:37.682150,75
2021-09-24 15:14:37.682160,63
2021-09-24 15:14:37.682170,55
2021-09-24 15:14:37.682180,51
2021-09-24 15:14:37.682190,48
2021-09-24 15:14:37.682200,58
2021-09-24 15:14:37.682209,63
2021-09-24 15:14:37.682220,53
2021-09-24 15:14:37.682229,34
2021-09-24 15:14:37.682240,17
2021-09-24 15:14:37.682250,14
2021-09-24 15:14:37.682259,21
2021-09-24 15:14:37.951264,19
2021-09-24 15:14:37.951288,31
2021-09-24 15:14:37.951299,48
2021-09-24 15:14:37.951309,48
2021-09-24 15:14:37.951318,41
2021-09-24 15:14:37.951327,41
2021-09-24 15:14:37.951337,43
2021-09-24 15:14:37.951346,34
2021-09-24 15:14:37.951355,21
2021-09-24 15:14:37.951364,12
2021-09-24 15:14:37.951374,12
2021-09-24 15:14:37.951383,7
2021-09-24 15:14:37.951393,-26
2021-09-24 15:14:37.951401,-87
2021-09-24 15:14:37.951407,-221
2021-09-24 15:14:37.951430,-432
2021-09-24 15:14:37.951437,-463
2021-09-24 15:14:37.951443,-106
2021-09-24 15:14:37.951449,437
2021-09-24 15:14:37.951454,643
2021-09-24 15:14:37.951461,335
2021-09-24 15:14:37.951466,63
2021-09-24 15:14:37.951472,63
2021-09-24 15:14:37.951478,9
2021-09-24 15:14:37.951484,-109
2021-09-24 15:14:37.951490,-116
2021-09-24 15:14:37.951496,-99
2021-09-24 15:14:37.951502,-126
2021-09-24 15:14:37.951508,-138
2021-09-24 15:14:37.951514,-136
2021-09-24 15:14:38.220581,-143
2021-09-24 15:14:38.220604,-155
2021-09-24 15:14:38.220612,-170
2021-09-24 15:14:38.220619,-187
2021-09-24 15:14:38.220626,-196
2021-09-24 15:14:38.220633,-204
2021-09-24 15:14:38.220639,-218
2021-09-24 15:14:38.220646,-247
2021-09-24 15:14:38.220653,-281
2021-09-24 15:14:38.220691,-313
2021-09-24 15:14:38.220698,-340
2021-09-24 15:14:38.220705,-364
2021-09-24 15:14:38.220711,-376
2021-09-24 15:14:38.220718,-383
2021-09-24 15:14:38.220725,-386
2021-09-24 15:14:38.220732,-371
2021-09-24 15:14:38.220739,-332
2021-09-24 15:14:38.220755,-269
2021-09-24 15:14:38.220763,-187
2021-09-24 15:14:38.220770,-94
2021-09-24 15:14:38.220776,-7
2021-09-24 15:14:38.220783,70
2021-09-24 15:14:38.220790,133
2021-09-24 15:14:38.220797,179
2021-09-24 15:14:38.220803,201
2021-09-24 15:14:38.220810,201
2021-09-24 15:14:38.220817,204
2021-09-24 15:14:38.220823,206
2021-09-24 15:14:38.220830,206
2021-09-24 15:14:38.220837,204
2021-09-24 15:14:38.401690,199
2021-09-24 15:14:38.401709,187
2021-09-24 15:14:38.401716,177
2021-09-24 15:14:38.401722,165
2021-09-24 15:14:38.401727,157
2021-09-24 15:14:38.401733,150
2021-09-24 15:14:38.401738,140
2021-09-24 15:14:38.401744,126
2021-09-24 15:14:38.401749,111
2021-09-24 15:14:38.401754,106
2021-09-24 15:14:38.401760,106
2021-09-24 15:14:38.401765,99
2021-09-24 15:14:38.401771,87
2021-09-24 15:14:38.401776,82
2021-09-24 15:14:38.401782,80
2021-09-24 15:14:38.401787,82
2021-09-24 15:14:38.401792,87
2021-09-24 15:14:38.401798,89
2021-09-24 15:14:38.401803,89
2021-09-24 15:14:38.401809,92
2021-09-24 15:14:38.401814,92
2021-09-24 15:14:38.401820,87
2021-09-24 15:14:38.401825,92
2021-09-24 15:14:38.401830,97
2021-09-24 15:14:38.401836,94
2021-09-24 15:14:38.401841,89
2021-09-24 15:14:38.401846,85
2021-09-24 15:14:38.401852,87
2021-09-24 15:14:38.401857,89
2021-09-24 15:14:38.401863,94
2021-09-24 15:14:38.671282,89
2021-09-24 15:14:38.671302,80
2021-09-24 15:14:38.671309,70
2021-09-24 15:14:38.671316,58
2021-09-24 15:14:38.671322,48
2021-09-24 15:14:38.671328,43
2021-09-24 15:14:38.671334,34
2021-09-24 15:14:38.671340,31
2021-09-24 15:14:38.671346,48
2021-09-24 15:14:38.671352,65
2021-09-24 15:14:38.671358,65
2021-09-24 15:14:38.671364,63
2021-09-24 15:14:38.671370,60
2021-09-24 15:14:38.671376,51
2021-09-24 15:14:38.671382,41
2021-09-24 15:14:38.671388,36
2021-09-24 15:14:38.671394,34
2021-09-24 15:14:38.671400,29
2021-09-24 15:14:38.671406,-2
2021-09-24 15:14:38.671412,-63
2021-09-24 15:14:38.671418,-184
2021-09-24 15:14:38.671424,-398
2021-09-24 15:14:38.671430,-497
2021-09-24 15:14:38.671436,-228
2021-09-24 15:14:38.671442,289
2021-09-24 15:14:38.671448,629
2021-09-24 15:14:38.671454,476
2021-09-24 15:14:38.671460,136
2021-09-24 15:14:38.671466,58
2021-09-24 15:14:38.671472,41
2021-09-24 15:14:38.851880,-89
2021-09-24 15:14:38.851904,-131
2021-09-24 15:14:38.851912,-94
2021-09-24 15:14:38.851920,-119
2021-09-24 15:14:38.851926,-145
2021-09-24 15:14:38.851933,-138
2021-09-24 15:14:38.851940,-148
2021-09-24 15:14:38.851947,-167
2021-09-24 15:14:38.851953,-172
2021-09-24 15:14:38.851960,-177
2021-09-24 15:14:38.851967,-191
2021-09-24 15:14:38.851974,-208
2021-09-24 15:14:38.851981,-228
2021-09-24 15:14:38.851988,-245
2021-09-24 15:14:38.851995,-264
2021-09-24 15:14:38.852001,-293
2021-09-24 15:14:38.852008,-325
2021-09-24 15:14:38.852015,-357
2021-09-24 15:14:38.852022,-383
2021-09-24 15:14:38.852028,-391
2021-09-24 15:14:38.852035,-388
2021-09-24 15:14:38.852042,-376
2021-09-24 15:14:38.852049,-352
2021-09-24 15:14:38.852056,-303
2021-09-24 15:14:38.852062,-225
2021-09-24 15:14:38.852069,-128
2021-09-24 15:14:38.852076,-31
2021-09-24 15:14:38.852083,51
2021-09-24 15:14:38.852090,119
2021-09-24 15:14:38.852097,172
2021-09-24 15:14:39.166328,204
2021-09-24 15:14:39.166358,223
2021-09-24 15:14:39.166371,233
2021-09-24 15:14:39.166381,230
2021-09-24 15:14:39.166391,228
2021-09-24 15:14:39.166401,221
2021-09-24 15:14:39.166411,208
2021-09-24 15:14:39.166421,201
2021-09-24 15:14:39.166431,194
2021-09-24 15:14:39.166440,179
2021-09-24 15:14:39.166450,167
2021-09-24 15:14:39.166460,153
2021-09-24 15:14:39.166470,138
2021-09-24 15:14:39.166480,133
2021-09-24 15:14:39.166490,128
2021-09-24 15:14:39.166500,121
2021-09-24 15:14:39.166510,116
2021-09-24 15:14:39.166519,111
2021-09-24 15:14:39.166529,104
2021-09-24 15:14:39.166539,99
2021-09-24 15:14:39.166549,102
2021-09-24 15:14:39.166559,102
2021-09-24 15:14:39.166569,97
2021-09-24 15:14:39.166579,97
2021-09-24 15:14:39.166589,99
2021-09-24 15:14:39.166598,102
2021-09-24 15:14:39.166608,102
2021-09-24 15:14:39.166618,99
2021-09-24 15:14:39.166628,97
2021-09-24 15:14:39.166638,94
2021-09-24 15:14:39.346200,94
2021-09-24 15:14:39.346224,94
2021-09-24 15:14:39.346232,92
2021-09-24 15:14:39.346239,89
2021-09-24 15:14:39.346245,89
2021-09-24 15:14:39.346252,85
2021-09-24 15:14:39.346258,72
2021-09-24 15:14:39.346265,72
2021-09-24 15:14:39.346271,77
2021-09-24 15:14:39.346278,65
2021-09-24 15:14:39.346284,53
2021-09-24 15:14:39.346291,58
2021-09-24 15:14:39.346297,68
2021-09-24 15:14:39.346304,60
2021-09-24 15:14:39.346310,43
2021-09-24 15:14:39.346317,24
2021-09-24 15:14:39.346323,7
2021-09-24 15:14:39.346330,7
2021-09-24 15:14:39.346336,9
2021-09-24 15:14:39.346343,9
2021-09-24 15:14:39.346349,19
2021-09-24 15:14:39.346356,29
2021-09-24 15:14:39.346362,34
2021-09-24 15:14:39.346369,34
2021-09-24 15:14:39.346375,34
2021-09-24 15:14:39.346381,31
2021-09-24 15:14:39.346388,26
2021-09-24 15:14:39.346394,19
2021-09-24 15:14:39.346401,17
2021-09-24 15:14:39.346407,14
2021-09-24 15:14:39.526595,2
2021-09-24 15:14:39.526614,-38
2021-09-24 15:14:39.526621,-126
2021-09-24 15:14:39.526628,-320
2021-09-24 15:14:39.526634,-505
2021-09-24 15:14:39.526640,-374
2021-09-24 15:14:39.526645,82
2021-09-24 15:14:39.526651,534
2021-09-24 15:14:39.526657,587
2021-09-24 15:14:39.526663,240
2021-09-24 15:14:39.526669,29
2021-09-24 15:14:39.526675,34
2021-09-24 15:14:39.526681,-53
2021-09-24 15:14:39.526687,-136
2021-09-24 15:14:39.526693,-109
2021-09-24 15:14:39.526699,-111
2021-09-24 15:14:39.526705,-150
2021-09-24 15:14:39.526710,-150
2021-09-24 15:14:39.526716,-140
2021-09-24 15:14:39.526722,-155
2021-09-24 15:14:39.526728,-167
2021-09-24 15:14:39.526734,-177
2021-09-24 15:14:39.526740,-194
2021-09-24 15:14:39.526746,-208
2021-09-24 15:14:39.526752,-218
2021-09-24 15:14:39.526758,-230
2021-09-24 15:14:39.526764,-255
2021-09-24 15:14:39.526770,-281
2021-09-24 15:14:39.526775,-306
2021-09-24 15:14:39.526781,-327
2021-09-24 15:14:39.796936,-349
2021-09-24 15:14:39.796961,-366
2021-09-24 15:14:39.796969,-378
2021-09-24 15:14:39.796976,-386
2021-09-24 15:14:39.796983,-374
2021-09-24 15:14:39.796990,-332
2021-09-24 15:14:39.796997,-272
2021-09-24 15:14:39.797004,-189
2021-09-24 15:14:39.797011,-94
2021-09-24 15:14:39.797018,-9
2021-09-24 15:14:39.797025,63
2021-09-24 15:14:39.797032,121
2021-09-24 15:14:39.797039,160
2021-09-24 15:14:39.797046,191
2021-09-24 15:14:39.797053,206
2021-09-24 15:14:39.797060,204
2021-09-24 15:14:39.797066,206
2021-09-24 15:14:39.797073,211
2021-09-24 15:14:39.797080,206
2021-09-24 15:14:39.797087,196
2021-09-24 15:14:39.797094,187
2021-09-24 15:14:39.797101,174
2021-09-24 15:14:39.797108,162
2021-09-24 15:14:39.797115,155
2021-09-24 15:14:39.797121,143
2021-09-24 15:14:39.797128,128
2021-09-24 15:14:39.797135,119
2021-09-24 15:14:39.797142,111
2021-09-24 15:14:39.797149,104
2021-09-24 15:14:39.797156,104
2021-09-24 15:14:40.021937,104
2021-09-24 15:14:40.021967,102
2021-09-24 15:14:40.021989,94
2021-09-24 15:14:40.022000,92
2021-09-24 15:14:40.022010,94
2021-09-24 15:14:40.022020,97
2021-09-24 15:14:40.022090,99
2021-09-24 15:14:40.022106,97
2021-09-24 15:14:40.022117,89
2021-09-24 15:14:40.022127,82
2021-09-24 15:14:40.022137,87
2021-09-24 15:14:40.022147,92
2021-09-24 15:14:40.022156,89
2021-09-24 15:14:40.022166,85
2021-09-24 15:14:40.022176,77
2021-09-24 15:14:40.022186,70
2021-09-24 15:14:40.022196,75
2021-09-24 15:14:40.022206,80
2021-09-24 15:14:40.022216,75
2021-09-24 15:14:40.022226,75
2021-09-24 15:14:40.022235,75
2021-09-24 15:14:40.022245,68
2021-09-24 15:14:40.022255,65
2021-09-24 15:14:40.022265,68
2021-09-24 15:14:40.022275,72
2021-09-24 15:14:40.022285,65
2021-09-24 15:14:40.022295,43
2021-09-24 15:14:40.022305,19
2021-09-24 15:14:40.022327,14
2021-09-24 15:14:40.022338,24
2021-09-24 15:14:40.290597,21
2021-09-24 15:14:40.290622,17
2021-09-24 15:14:40.290630,29
2021-09-24 15:14:40.290637,46
2021-09-24 15:14:40.290644,55
2021-09-24 15:14:40.290651,58
2021-09-24 15:14:40.290658,55
2021-09-24 15:14:40.290665,51
2021-09-24 15:14:40.290672,41
2021-09-24 15:14:40.290679,36
2021-09-24 15:14:40.290686,36
2021-09-24 15:14:40.290692,31
2021-09-24 15:14:40.290699,12
2021-09-24 15:14:40.290706,-34
2021-09-24 15:14:40.290713,-121
2021-09-24 15:14:40.290720,-301
2021-09-24 15:14:40.290727,-495
2021-09-24 15:14:40.290765,-420
2021-09-24 15:14:40.290772,4
2021-09-24 15:14:40.290779,500
2021-09-24 15:14:40.290786,617
2021-09-24 15:14:40.290793,276
2021-09-24 15:14:40.290800,26
2021-09-24 15:14:40.290806,24
2021-09-24 15:14:40.290813,-53
2021-09-24 15:14:40.290820,-148
2021-09-24 15:14:40.290827,-123
2021-09-24 15:14:40.290834,-119
2021-09-24 15:14:40.290841,-157
2021-09-24 15:14:40.290848,-162
2021-09-24 15:14:40.471583,-155
2021-09-24 15:14:40.471606,-172
2021-09-24 15:14:40.471614,-184
2021-09-24 15:14:40.471621,-187
2021-09-24 15:14:40.471628,-194
2021-09-24 15:14:40.471635,-208
2021-09-24 15:14:40.471642,-225
2021-09-24 15:14:40.471649,-250
2021-09-24 15:14:40.471656,-272
2021-09-24 15:14:40.471663,-291
2021-09-24 15:14:40.471669,-315
2021-09-24 15:14:40.471676,-340
2021-09-24 15:14:40.471683,-369
2021-09-24 15:14:40.471690,-393
2021-09-24 15:14:40.471697,-400
2021-09-24 15:14:40.471704,-395
2021-09-24 15:14:40.471710,-381
2021-09-24 15:14:40.471718,-347
2021-09-24 15:14:40.471724,-291
2021-09-24 15:14:40.471731,-208
2021-09-24 15:14:40.471738,-109
2021-09-24 15:14:40.471745,-14
2021-09-24 15:14:40.471752,65
2021-09-24 15:14:40.471758,131
2021-09-24 15:14:40.471765,177
2021-09-24 15:14:40.471772,206
2021-09-24 15:14:40.471779,218
2021-09-24 15:14:40.471786,225
2021-09-24 15:14:40.471792,228
2021-09-24 15:14:40.471799,228
2021-09-24 15:14:40.696973,218
2021-09-24 15:14:40.697003,204
2021-09-24 15:14:40.697015,194
2021-09-24 15:14:40.697026,184
2021-09-24 15:14:40.697036,174
2021-09-24 15:14:40.697046,162
2021-09-24 15:14:40.697056,145
2021-09-24 15:14:40.697066,133
2021-09-24 15:14:40.697076,131
2021-09-24 15:14:40.697086,123
2021-09-24 15:14:40.697096,116
2021-09-24 15:14:40.697106,111
2021-09-24 15:14:40.697116,102
2021-09-24 15:14:40.697126,94
2021-09-24 15:14:40.697136,97
2021-09-24 15:14:40.697146,97
2021-09-24 15:14:40.697156,97
2021-09-24 15:14:40.697166,97
2021-09-24 15:14:40.697176,94
2021-09-24 15:14:40.697186,94
2021-09-24 15:14:40.697195,97
2021-09-24 15:14:40.697205,94
2021-09-24 15:14:40.697215,94
2021-09-24 15:14:40.697225,92
2021-09-24 15:14:40.697235,80
2021-09-24 15:14:40.697245,80
2021-09-24 15:14:40.697255,85
2021-09-24 15:14:40.697265,82
2021-09-24 15:14:40.697275,80
2021-09-24 15:14:40.697285,80
2021-09-24 15:14:40.966985,77
2021-09-24 15:14:40.967009,75
2021-09-24 15:14:40.967017,70
2021-09-24 15:14:40.967024,60
2021-09-24 15:14:40.967030,58
2021-09-24 15:14:40.967037,55
2021-09-24 15:14:40.967043,48
2021-09-24 15:14:40.967050,43
2021-09-24 15:14:40.967056,36
2021-09-24 15:14:40.967062,14
2021-09-24 15:14:40.967069,2
2021-09-24 15:14:40.967075,4
2021-09-24 15:14:40.967082,0
2021-09-24 15:14:40.967088,-4
2021-09-24 15:14:40.967094,12
2021-09-24 15:14:40.967101,31
2021-09-24 15:14:40.967107,41
2021-09-24 15:14:40.967113,43
2021-09-24 15:14:40.967120,41
2021-09-24 15:14:40.967126,43
2021-09-24 15:14:40.967132,48
2021-09-24 15:14:40.967138,46
2021-09-24 15:14:40.967145,38
2021-09-24 15:14:40.967151,31
2021-09-24 15:14:40.967157,24
2021-09-24 15:14:40.967164,-9
2021-09-24 15:14:40.967170,-80
2021-09-24 15:14:40.967176,-235
2021-09-24 15:14:40.967183,-454
2021-09-24 15:14:40.967189,-456
2021-09-24 15:14:41.146591,-68
2021-09-24 15:14:41.146614,473
2021-09-24 15:14:41.146622,670
2021-09-24 15:14:41.146629,364
2021-09-24 15:14:41.146635,68
2021-09-24 15:14:41.146642,38
2021-09-24 15:14:41.146649,-24
2021-09-24 15:14:41.146655,-126
2021-09-24 15:14:41.146662,-119
2021-09-24 15:14:41.146668,-104
2021-09-24 15:14:41.146675,-143
2021-09-24 15:14:41.146681,-157
2021-09-24 15:14:41.146688,-150
2021-09-24 15:14:41.146694,-160
2021-09-24 15:14:41.146701,-174
2021-09-24 15:14:41.146707,-182
2021-09-24 15:14:41.146714,-201
2021-09-24 15:14:41.146720,-218
2021-09-24 15:14:41.146727,-225
2021-09-24 15:14:41.146733,-235
2021-09-24 15:14:41.146740,-257
2021-09-24 15:14:41.146746,-284
2021-09-24 15:14:41.146753,-313
2021-09-24 15:14:41.146759,-335
2021-09-24 15:14:41.146766,-354
2021-09-24 15:14:41.146772,-374
2021-09-24 15:14:41.146779,-383
2021-09-24 15:14:41.146795,-383
2021-09-24 15:14:41.146802,-371
2021-09-24 15:14:41.146808,-354
2021-09-24 15:14:41.416348,-313
2021-09-24 15:14:41.416371,-230
2021-09-24 15:14:41.416379,-133
2021-09-24 15:14:41.416386,-48
2021-09-24 15:14:41.416393,29
2021-09-24 15:14:41.416399,99
2021-09-24 15:14:41.416406,148
2021-09-24 15:14:41.416412,172
2021-09-24 15:14:41.416419,187
2021-09-24 15:14:41.416425,194
2021-09-24 15:14:41.416432,191
2021-09-24 15:14:41.416438,189
2021-09-24 15:14:41.416445,189
2021-09-24 15:14:41.416451,182
2021-09-24 15:14:41.416458,172
2021-09-24 15:14:41.416464,160
2021-09-24 15:14:41.416471,150
2021-09-24 15:14:41.416477,143
2021-09-24 15:14:41.416484,138
2021-09-24 15:14:41.416490,128
2021-09-24 15:14:41.416497,119
2021-09-24 15:14:41.416503,114
2021-09-24 15:14:41.416510,109
2021-09-24 15:14:41.416516,102
2021-09-24 15:14:41.416523,104
2021-09-24 15:14:41.416529,106
2021-09-24 15:14:41.416535,102
2021-09-24 15:14:41.416542,94
2021-09-24 15:14:41.416549,92
2021-09-24 15:14:41.416555,97
2021-09-24 15:14:41.641539,99
2021-09-24 15:14:41.641560,104
2021-09-24 15:14:41.641567,106
2021-09-24 15:14:41.641573,94
2021-09-24 15:14:41.641579,87
2021-09-24 15:14:41.641585,92
2021-09-24 15:14:41.641591,97
2021-09-24 15:14:41.641596,97
2021-09-24 15:14:41.641602,87
2021-09-24 15:14:41.641607,75
2021-09-24 15:14:41.641613,70
2021-09-24 15:14:41.641618,75
2021-09-24 15:14:41.641624,72
2021-09-24 15:14:41.641630,72
2021-09-24 15:14:41.641635,68
2021-09-24 15:14:41.641641,55
2021-09-24 15:14:41.641647,53
2021-09-24 15:14:41.641652,60
2021-09-24 15:14:41.641658,58
2021-09-24 15:14:41.641663,55
2021-09-24 15:14:41.641669,53
2021-09-24 15:14:41.641674,43
2021-09-24 15:14:41.641680,29
2021-09-24 15:14:41.641685,19
2021-09-24 15:14:41.641691,17
2021-09-24 15:14:41.641697,14
2021-09-24 15:14:41.641702,9
2021-09-24 15:14:41.641708,19
2021-09-24 15:14:41.641713,38
2021-09-24 15:14:41.641719,53
2021-09-24 15:14:41.911913,48
2021-09-24 15:14:41.911935,43
2021-09-24 15:14:41.911943,41
2021-09-24 15:14:41.911950,36
2021-09-24 15:14:41.911957,24
2021-09-24 15:14:41.911964,14
2021-09-24 15:14:41.911971,12
2021-09-24 15:14:41.911978,4
2021-09-24 15:14:41.911985,-26
2021-09-24 15:14:41.911991,-99
2021-09-24 15:14:41.911998,-267
2021-09-24 15:14:41.912005,-500
2021-09-24 15:14:41.912012,-519
2021-09-24 15:14:41.912019,-133
2021-09-24 15:14:41.912026,422
2021-09-24 15:14:41.912033,602
2021-09-24 15:14:41.912039,281
2021-09-24 15:14:41.912068,38
2021-09-24 15:14:41.912075,46
2021-09-24 15:14:41.912082,-29
2021-09-24 15:14:41.912089,-143
2021-09-24 15:14:41.912096,-131
2021-09-24 15:14:41.912102,-114
2021-09-24 15:14:41.912109,-143
2021-09-24 15:14:41.912116,-148
2021-09-24 15:14:41.912123,-145
2021-09-24 15:14:41.912130,-170
2021-09-24 15:14:41.912137,-182
2021-09-24 15:14:41.912143,-184
2021-09-24 15:14:41.912150,-194
2021-09-24 15:14:42.092118,-204
2021-09-24 15:14:42.092150,-218
2021-09-24 15:14:42.092162,-240
2021-09-24 15:14:42.092172,-259
2021-09-24 15:14:42.092182,-279
2021-09-24 15:14:42.092192,-306
2021-09-24 15:14:42.092202,-330
2021-09-24 15:14:42.092212,-352
2021-09-24 15:14:42.092222,-374
2021-09-24 15:14:42.092232,-383
2021-09-24 15:14:42.092242,-374
2021-09-24 15:14:42.092276,-361
2021-09-24 15:14:42.092287,-337
2021-09-24 15:14:42.092297,-293
2021-09-24 15:14:42.092307,-223
2021-09-24 15:14:42.092317,-126
2021-09-24 15:14:42.092327,-34
2021-09-24 15:14:42.092337,46
2021-09-24 15:14:42.092347,111
2021-09-24 15:14:42.092357,153
2021-09-24 15:14:42.092367,172
2021-09-24 15:14:42.092377,191
2021-09-24 15:14:42.092387,208
2021-09-24 15:14:42.092397,206
2021-09-24 15:14:42.092407,199
2021-09-24 15:14:42.092416,194
2021-09-24 15:14:42.092427,184
2021-09-24 15:14:42.092436,174
2021-09-24 15:14:42.092446,170
2021-09-24 15:14:42.092456,162
2021-09-24 15:14:42.360689,148
2021-09-24 15:14:42.360713,138
2021-09-24 15:14:42.360721,128
2021-09-24 15:14:42.360758,121
2021-09-24 15:14:42.360764,111
2021-09-24 15:14:42.360771,114
2021-09-24 15:14:42.360777,111
2021-09-24 15:14:42.360783,102
2021-09-24 15:14:42.360790,92
2021-09-24 15:14:42.360796,94
2021-09-24 15:14:42.360803,92
2021-09-24 15:14:42.360809,80
2021-09-24 15:14:42.360815,75
2021-09-24 15:14:42.360822,77
2021-09-24 15:14:42.360828,72
2021-09-24 15:14:42.360834,63
2021-09-24 15:14:42.360841,68
2021-09-24 15:14:42.360847,72
2021-09-24 15:14:42.360853,70
2021-09-24 15:14:42.360860,70
2021-09-24 15:14:42.360866,70
2021-09-24 15:14:42.360872,60
2021-09-24 15:14:42.360879,55
2021-09-24 15:14:42.360885,60
2021-09-24 15:14:42.360892,63
2021-09-24 15:14:42.360898,60
2021-09-24 15:14:42.360904,60
2021-09-24 15:14:42.360911,60
2021-09-24 15:14:42.360917,65
2021-09-24 15:14:42.360924,68
2021-09-24 15:14:42.586561,58
2021-09-24 15:14:42.586588,43
2021-09-24 15:14:42.586601,29
2021-09-24 15:14:42.586611,21
2021-09-24 15:14:42.586622,24
2021-09-24 15:14:42.586632,19
2021-09-24 15:14:42.586642,14
2021-09-24 15:14:42.586652,31
2021-09-24 15:14:42.586662,43
2021-09-24 15:14:42.586672,34
2021-09-24 15:14:42.586682,29
2021-09-24 15:14:42.586692,34
2021-09-24 15:14:42.586702,26
2021-09-24 15:14:42.586712,17
2021-09-24 15:14:42.586722,24
2021-09-24 15:14:42.586752,21
2021-09-24 15:14:42.586767,12
2021-09-24 15:14:42.586784,-12
2021-09-24 15:14:42.586801,-60
2021-09-24 15:14:42.586817,-160
2021-09-24 15:14:42.586834,-361
2021-09-24 15:14:42.586851,-512
2021-09-24 15:14:42.586867,-315
2021-09-24 15:14:42.586883,206
2021-09-24 15:14:42.586900,609
2021-09-24 15:14:42.586918,490
2021-09-24 15:14:42.586933,140
2021-09-24 15:14:42.586949,48
2021-09-24 15:14:42.586965,43
2021-09-24 15:14:42.586983,-75
2021-09-24 15:14:42.766975,-128
2021-09-24 15:14:42.766999,-97
2021-09-24 15:14:42.767007,-114
2021-09-24 15:14:42.767014,-140
2021-09-24 15:14:42.767020,-133
2021-09-24 15:14:42.767027,-145
2021-09-24 15:14:42.767033,-170
2021-09-24 15:14:42.767040,-172
2021-09-24 15:14:42.767046,-177
2021-09-24 15:14:42.767053,-194
2021-09-24 15:14:42.767059,-208
2021-09-24 15:14:42.767065,-225
2021-09-24 15:14:42.767072,-250
2021-09-24 15:14:42.767078,-267
2021-09-24 15:14:42.767085,-289
2021-09-24 15:14:42.767091,-320
2021-09-24 15:14:42.767098,-352
2021-09-24 15:14:42.767104,-376
2021-09-24 15:14:42.767111,-388
2021-09-24 15:14:42.767117,-393
2021-09-24 15:14:42.767124,-386
2021-09-24 15:14:42.767130,-357
2021-09-24 15:14:42.767137,-310
2021-09-24 15:14:42.767143,-245
2021-09-24 15:14:42.767150,-157
2021-09-24 15:14:42.767156,-60
2021-09-24 15:14:42.767163,24
2021-09-24 15:14:42.767170,89
2021-09-24 15:14:42.767176,140
2021-09-24 15:14:42.767182,177
2021-09-24 15:14:42.991661,199
2021-09-24 15:14:42.991683,211
2021-09-24 15:14:42.991691,218
2021-09-24 15:14:42.991698,216
2021-09-24 15:14:42.991704,206
2021-09-24 15:14:42.991711,191
2021-09-24 15:14:42.991717,179
2021-09-24 15:14:42.991723,174
2021-09-24 15:14:42.991730,167
2021-09-24 15:14:42.991736,155
2021-09-24 15:14:42.991743,145
2021-09-24 15:14:42.991749,133
2021-09-24 15:14:42.991756,126
2021-09-24 15:14:42.991762,121
2021-09-24 15:14:42.991769,111
2021-09-24 15:14:42.991775,104
2021-09-24 15:14:42.991782,102
2021-09-24 15:14:42.991788,102
2021-09-24 15:14:42.991795,102
2021-09-24 15:14:42.991801,102
2021-09-24 15:14:42.991808,99
2021-09-24 15:14:42.991814,92
2021-09-24 15:14:42.991820,87
2021-09-24 15:14:42.991827,92
2021-09-24 15:14:42.991833,97
2021-09-24 15:14:42.991840,99
2021-09-24 15:14:42.991846,97
2021-09-24 15:14:42.991853,92
2021-09-24 15:14:42.991859,92
2021-09-24 15:14:42.991866,89
2021-09-24 15:14:43.216824,92
2021-09-24 15:14:43.216847,92
2021-09-24 15:14:43.216855,92
2021-09-24 15:14:43.216862,82
2021-09-24 15:14:43.216869,68
2021-09-24 15:14:43.216880,63
2021-09-24 15:14:43.216887,70
2021-09-24 15:14:43.216894,77
2021-09-24 15:14:43.216901,80
2021-09-24 15:14:43.216908,70
2021-09-24 15:14:43.216915,51
2021-09-24 15:14:43.216946,34
2021-09-24 15:14:43.216970,29
2021-09-24 15:14:43.216979,31
2021-09-24 15:14:43.216986,24
2021-09-24 15:14:43.216993,24
2021-09-24 15:14:43.217000,43
2021-09-24 15:14:43.217007,60
2021-09-24 15:14:43.217013,60
2021-09-24 15:14:43.217020,58
2021-09-24 15:14:43.217027,55
2021-09-24 15:14:43.217034,48
2021-09-24 15:14:43.217041,29
2021-09-24 15:14:43.217048,14
2021-09-24 15:14:43.217054,17
2021-09-24 15:14:43.217061,21
2021-09-24 15:14:43.217104,0
2021-09-24 15:14:43.217119,-48
2021-09-24 15:14:43.217127,-140
2021-09-24 15:14:43.217134,-335
2021-09-24 15:14:43.531901,-497
2021-09-24 15:14:43.531931,-337
2021-09-24 15:14:43.531946,136
2021-09-24 15:14:43.531958,566
2021-09-24 15:14:43.531970,544
2021-09-24 15:14:43.531982,194
2021-09-24 15:14:43.531993,43
2021-09-24 15:14:43.532004,48
2021-09-24 15:14:43.532015,-60
2021-09-24 15:14:43.532026,-136
2021-09-24 15:14:43.532036,-104
2021-09-24 15:14:43.532043,-106
2021-09-24 15:14:43.532050,-136
2021-09-24 15:14:43.532056,-140
2021-09-24 15:14:43.532063,-140
2021-09-24 15:14:43.532069,-160
2021-09-24 15:14:43.532076,-170
2021-09-24 15:14:43.532082,-172
2021-09-24 15:14:43.532089,-182
2021-09-24 15:14:43.532095,-194
2021-09-24 15:14:43.532102,-211
2021-09-24 15:14:43.532108,-233
2021-09-24 15:14:43.532114,-252
2021-09-24 15:14:43.532121,-274
2021-09-24 15:14:43.532128,-301
2021-09-24 15:14:43.532134,-327
2021-09-24 15:14:43.532141,-354
2021-09-24 15:14:43.532147,-369
2021-09-24 15:14:43.532154,-371
2021-09-24 15:14:43.532160,-361
2021-09-24 15:14:43.711396,-340
2021-09-24 15:14:43.711424,-301
2021-09-24 15:14:43.711433,-240
2021-09-24 15:14:43.711440,-157
2021-09-24 15:14:43.711447,-60
2021-09-24 15:14:43.711454,34
2021-09-24 15:14:43.711461,109
2021-09-24 15:14:43.711468,167
2021-09-24 15:14:43.711474,196
2021-09-24 15:14:43.711481,206
2021-09-24 15:14:43.711488,221
2021-09-24 15:14:43.711495,235
2021-09-24 15:14:43.711502,235
2021-09-24 15:14:43.711509,230
2021-09-24 15:14:43.711516,221
2021-09-24 15:14:43.711523,204
2021-09-24 15:14:43.711529,194
2021-09-24 15:14:43.711536,191
2021-09-24 15:14:43.711543,184
2021-09-24 15:14:43.711550,172
2021-09-24 15:14:43.711557,155
2021-09-24 15:14:43.711564,140
2021-09-24 15:14:43.711571,136
2021-09-24 15:14:43.711578,133
2021-09-24 15:14:43.711588,126
2021-09-24 15:14:43.711595,121
2021-09-24 15:14:43.711602,119
2021-09-24 15:14:43.711609,106
2021-09-24 15:14:43.711616,94
2021-09-24 15:14:43.711622,89
2021-09-24 15:14:43.937088,92
2021-09-24 15:14:43.937130,94
2021-09-24 15:14:43.937143,92
2021-09-24 15:14:43.937153,87
2021-09-24 15:14:43.937163,92
2021-09-24 15:14:43.937173,97
2021-09-24 15:14:43.937183,97
2021-09-24 15:14:43.937193,89
2021-09-24 15:14:43.937203,80
2021-09-24 15:14:43.937213,77
2021-09-24 15:14:43.937223,82
2021-09-24 15:14:43.937232,87
2021-09-24 15:14:43.937242,85
2021-09-24 15:14:43.937252,80
2021-09-24 15:14:43.937262,70
2021-09-24 15:14:43.937272,63
2021-09-24 15:14:43.937282,63
2021-09-24 15:14:43.937292,68
2021-09-24 15:14:43.937302,72
2021-09-24 15:14:43.937312,70
2021-09-24 15:14:43.937322,60
2021-09-24 15:14:43.937332,41
2021-09-24 15:14:43.937342,24
2021-09-24 15:14:43.937352,26
2021-09-24 15:14:43.937375,31
2021-09-24 15:14:43.937386,26
2021-09-24 15:14:43.937396,31
2021-09-24 15:14:43.937406,51
2021-09-24 15:14:43.937416,63
2021-09-24 15:14:43.937426,58
2021-09-24 15:14:44.161724,53
2021-09-24 15:14:44.161747,51
2021-09-24 15:14:44.161755,43
2021-09-24 15:14:44.161762,38
2021-09-24 15:14:44.161769,36
2021-09-24 15:14:44.161775,34
2021-09-24 15:14:44.161782,24
2021-09-24 15:14:44.161788,-4
2021-09-24 15:14:44.161795,-63
2021-09-24 15:14:44.161801,-187
2021-09-24 15:14:44.161808,-400
2021-09-24 15:14:44.161814,-497
2021-09-24 15:14:44.161821,-235
2021-09-24 15:14:44.161827,272
2021-09-24 15:14:44.161834,621
2021-09-24 15:14:44.161840,478
2021-09-24 15:14:44.161846,131
2021-09-24 15:14:44.161853,41
2021-09-24 15:14:44.161859,24
2021-09-24 15:14:44.161866,-94
2021-09-24 15:14:44.161872,-123
2021-09-24 15:14:44.161879,-92
2021-09-24 15:14:44.161885,-114
2021-09-24 15:14:44.161892,-136
2021-09-24 15:14:44.161898,-131
2021-09-24 15:14:44.161905,-140
2021-09-24 15:14:44.161911,-155
2021-09-24 15:14:44.161918,-160
2021-09-24 15:14:44.161924,-170
2021-09-24 15:14:44.161931,-184
2021-09-24 15:14:44.475723,-199
2021-09-24 15:14:44.475745,-218
2021-09-24 15:14:44.475753,-242
2021-09-24 15:14:44.475760,-269
2021-09-24 15:14:44.475767,-303
2021-09-24 15:14:44.475773,-337
2021-09-24 15:14:44.475780,-361
2021-09-24 15:14:44.475786,-386
2021-09-24 15:14:44.475793,-398
2021-09-24 15:14:44.475799,-395
2021-09-24 15:14:44.475806,-388
2021-09-24 15:14:44.475812,-366
2021-09-24 15:14:44.475819,-327
2021-09-24 15:14:44.475825,-262
2021-09-24 15:14:44.475832,-165
2021-09-24 15:14:44.475838,-63
2021-09-24 15:14:44.475844,24
2021-09-24 15:14:44.475851,97
2021-09-24 15:14:44.475857,150
2021-09-24 15:14:44.475864,184
2021-09-24 15:14:44.475870,206
2021-09-24 15:14:44.475877,218
2021-09-24 15:14:44.475883,223
2021-09-24 15:14:44.475890,221
2021-09-24 15:14:44.475896,216
2021-09-24 15:14:44.475903,208
2021-09-24 15:14:44.475909,201
2021-09-24 15:14:44.475916,194
2021-09-24 15:14:44.475922,184
2021-09-24 15:14:44.475929,172
2021-09-24 15:14:44.701535,162
2021-09-24 15:14:44.701553,153
2021-09-24 15:14:44.701560,143
2021-09-24 15:14:44.701567,131
2021-09-24 15:14:44.701572,119
2021-09-24 15:14:44.701578,111
2021-09-24 15:14:44.701584,102
2021-09-24 15:14:44.701590,99
2021-09-24 15:14:44.701595,102
2021-09-24 15:14:44.701601,102
2021-09-24 15:14:44.701606,102
2021-09-24 15:14:44.701612,102
2021-09-24 15:14:44.701618,99
2021-09-24 15:14:44.701623,102
2021-09-24 15:14:44.701629,104
2021-09-24 15:14:44.701635,99
2021-09-24 15:14:44.701641,97
2021-09-24 15:14:44.701646,92
2021-09-24 15:14:44.701652,85
2021-09-24 15:14:44.701658,85
2021-09-24 15:14:44.701663,87
2021-09-24 15:14:44.701669,82
2021-09-24 15:14:44.701674,80
2021-09-24 15:14:44.701680,82
2021-09-24 15:14:44.701686,80
2021-09-24 15:14:44.701691,80
2021-09-24 15:14:44.701697,80
2021-09-24 15:14:44.701714,75
2021-09-24 15:14:44.701721,70
2021-09-24 15:14:44.701727,68
2021-09-24 15:14:44.926073,72
2021-09-24 15:14:44.926096,68
2021-09-24 15:14:44.926104,48
2021-09-24 15:14:44.926112,29
2021-09-24 15:14:44.926118,24
2021-09-24 15:14:44.926125,24
2021-09-24 15:14:44.926132,17
2021-09-24 15:14:44.926139,19
2021-09-24 15:14:44.926146,38
2021-09-24 15:14:44.926153,48
2021-09-24 15:14:44.926159,38
2021-09-24 15:14:44.926166,26
2021-09-24 15:14:44.926173,29
2021-09-24 15:14:44.926180,29
2021-09-24 15:14:44.926187,24
2021-09-24 15:14:44.926193,19
2021-09-24 15:14:44.926200,17
2021-09-24 15:14:44.926207,12
2021-09-24 15:14:44.926214,0
2021-09-24 15:14:44.926221,-36
2021-09-24 15:14:44.926228,-128
2021-09-24 15:14:44.926235,-325
2021-09-24 15:14:44.926241,-514
2021-09-24 15:14:44.926248,-391
2021-09-24 15:14:44.926255,87
2021-09-24 15:14:44.926262,566
2021-09-24 15:14:44.926269,592
2021-09-24 15:14:44.926276,225
2021-09-24 15:14:44.926282,31
2021-09-24 15:14:44.926289,31
2021-09-24 15:14:45.151701,-65
2021-09-24 15:14:45.151755,-136
2021-09-24 15:14:45.151763,-104
2021-09-24 15:14:45.151770,-114
2021-09-24 15:14:45.151776,-153
2021-09-24 15:14:45.151783,-153
2021-09-24 15:14:45.151789,-150
2021-09-24 15:14:45.151796,-172
2021-09-24 15:14:45.151802,-187
2021-09-24 15:14:45.151808,-191
2021-09-24 15:14:45.151815,-208
2021-09-24 15:14:45.151821,-223
2021-09-24 15:14:45.151828,-233
2021-09-24 15:14:45.151834,-247
2021-09-24 15:14:45.151841,-272
2021-09-24 15:14:45.151847,-296
2021-09-24 15:14:45.151854,-325
2021-09-24 15:14:45.151870,-352
2021-09-24 15:14:45.151877,-371
2021-09-24 15:14:45.151883,-383
2021-09-24 15:14:45.151890,-393
2021-09-24 15:14:45.151896,-393
2021-09-24 15:14:45.151903,-378
2021-09-24 15:14:45.151909,-340
2021-09-24 15:14:45.151915,-274
2021-09-24 15:14:45.151922,-184
2021-09-24 15:14:45.151928,-87
2021-09-24 15:14:45.151935,0
2021-09-24 15:14:45.151941,77
2021-09-24 15:14:45.151948,140
2021-09-24 15:14:45.332055,184
2021-09-24 15:14:45.332080,211
2021-09-24 15:14:45.332093,221
2021-09-24 15:14:45.332106,218
2021-09-24 15:14:45.332117,211
2021-09-24 15:14:45.332129,211
2021-09-24 15:14:45.332141,208
2021-09-24 15:14:45.332148,201
2021-09-24 15:14:45.332155,191
2021-09-24 15:14:45.332161,174
2021-09-24 15:14:45.332168,157
2021-09-24 15:14:45.332174,153
2021-09-24 15:14:45.332181,150
2021-09-24 15:14:45.332187,138
2021-09-24 15:14:45.332194,126
2021-09-24 15:14:45.332216,109
2021-09-24 15:14:45.332254,97
2021-09-24 15:14:45.332292,99
2021-09-24 15:14:45.332308,102
2021-09-24 15:14:45.332321,97
2021-09-24 15:14:45.332332,92
2021-09-24 15:14:45.332344,85
2021-09-24 15:14:45.332355,82
2021-09-24 15:14:45.332366,87
2021-09-24 15:14:45.332377,89
2021-09-24 15:14:45.332389,89
2021-09-24 15:14:45.332402,89
2021-09-24 15:14:45.332413,87
2021-09-24 15:14:45.332425,87
2021-09-24 15:14:45.332436,87
2021-09-24 15:14:45.646394,89
2021-09-24 15:14:45.646414,89
2021-09-24 15:14:45.646421,85
2021-09-24 15:14:45.646427,80
2021-09-24 15:14:45.646433,82
2021-09-24 15:14:45.646439,82
2021-09-24 15:14:45.646445,80
2021-09-24 15:14:45.646451,82
2021-09-24 15:14:45.646457,80
2021-09-24 15:14:45.646463,65
2021-09-24 15:14:45.646469,63
2021-09-24 15:14:45.646489,63
2021-09-24 15:14:45.646495,46
2021-09-24 15:14:45.646501,29
2021-09-24 15:14:45.646507,9
2021-09-24 15:14:45.646513,0
2021-09-24 15:14:45.646519,2
2021-09-24 15:14:45.646524,2
2021-09-24 15:14:45.646530,7
2021-09-24 15:14:45.646536,29
2021-09-24 15:14:45.646542,43
2021-09-24 15:14:45.646547,43
2021-09-24 15:14:45.646553,43
2021-09-24 15:14:45.646559,46
2021-09-24 15:14:45.646565,48
2021-09-24 15:14:45.646570,46
2021-09-24 15:14:45.646576,38
2021-09-24 15:14:45.646582,31
2021-09-24 15:14:45.646587,31
2021-09-24 15:14:45.646593,14
2021-09-24 15:14:45.782468,-34
2021-09-24 15:14:45.782493,-140
2021-09-24 15:14:45.782501,-366
2021-09-24 15:14:45.782508,-539
2021-09-24 15:14:45.782515,-349
2021-09-24 15:14:45.782522,174
2021-09-24 15:14:45.782529,609
2021-09-24 15:14:45.782536,519
2021-09-24 15:14:45.782543,148
2021-09-24 15:14:45.782550,31
2021-09-24 15:14:45.782557,34
2021-09-24 15:14:45.782564,-85
2021-09-24 15:14:45.782571,-133
2021-09-24 15:14:45.782578,-99
2021-09-24 15:14:45.782585,-123
2021-09-24 15:14:45.782592,-155
2021-09-24 15:14:45.782599,-145
2021-09-24 15:14:45.782606,-148
2021-09-24 15:14:45.782613,-167
2021-09-24 15:14:45.782642,-177
2021-09-24 15:14:45.782650,-191
2021-09-24 15:14:45.782656,-213
2021-09-24 15:14:45.782663,-230
2021-09-24 15:14:45.782670,-242
2021-09-24 15:14:45.782677,-262
2021-09-24 15:14:45.782684,-286
2021-09-24 15:14:45.782691,-318
2021-09-24 15:14:45.782698,-347
2021-09-24 15:14:45.782705,-369
2021-09-24 15:14:45.782712,-386
2021-09-24 15:14:46.096433,-398
2021-09-24 15:14:46.096456,-403
2021-09-24 15:14:46.096464,-398
2021-09-24 15:14:46.096470,-378
2021-09-24 15:14:46.096477,-337
2021-09-24 15:14:46.096484,-264
2021-09-24 15:14:46.096490,-174
2021-09-24 15:14:46.096497,-85
2021-09-24 15:14:46.096504,0
2021-09-24 15:14:46.096510,77
2021-09-24 15:14:46.096517,133
2021-09-24 15:14:46.096524,174
2021-09-24 15:14:46.096530,201
2021-09-24 15:14:46.096537,204
2021-09-24 15:14:46.096543,199
2021-09-24 15:14:46.096550,194
2021-09-24 15:14:46.096556,187
2021-09-24 15:14:46.096563,179
2021-09-24 15:14:46.096569,172
2021-09-24 15:14:46.096576,160
2021-09-24 15:14:46.096583,150
2021-09-24 15:14:46.096589,143
2021-09-24 15:14:46.096596,133
2021-09-24 15:14:46.096602,126
2021-09-24 15:14:46.096609,121
2021-09-24 15:14:46.096615,109
2021-09-24 15:14:46.096622,104
2021-09-24 15:14:46.096628,104
2021-09-24 15:14:46.096635,99
2021-09-24 15:14:46.096641,94
2021-09-24 15:14:46.321509,94
2021-09-24 15:14:46.321539,94
2021-09-24 15:14:46.321547,89
2021-09-24 15:14:46.321555,94
2021-09-24 15:14:46.321562,97
2021-09-24 15:14:46.321568,94
2021-09-24 15:14:46.321576,92
2021-09-24 15:14:46.321583,92
2021-09-24 15:14:46.321589,89
2021-09-24 15:14:46.321596,85
2021-09-24 15:14:46.321603,85
2021-09-24 15:14:46.321610,85
2021-09-24 15:14:46.321618,80
2021-09-24 15:14:46.321625,77
2021-09-24 15:14:46.321632,80
2021-09-24 15:14:46.321639,75
2021-09-24 15:14:46.321646,70
2021-09-24 15:14:46.321653,68
2021-09-24 15:14:46.321660,60
2021-09-24 15:14:46.321667,51
2021-09-24 15:14:46.321673,38
2021-09-24 15:14:46.321680,17
2021-09-24 15:14:46.321687,4
2021-09-24 15:14:46.321725,14
2021-09-24 15:14:46.321732,9
2021-09-24 15:14:46.321739,-4
2021-09-24 15:14:46.321746,0
2021-09-24 15:14:46.321753,14
2021-09-24 15:14:46.321760,24
2021-09-24 15:14:46.321767,29
2021-09-24 15:14:46.500724,26
2021-09-24 15:14:46.500748,29
2021-09-24 15:14:46.500756,29
2021-09-24 15:14:46.500762,26
2021-09-24 15:14:46.500769,34
2021-09-24 15:14:46.500775,29
2021-09-24 15:14:46.500782,0
2021-09-24 15:14:46.500789,-31
2021-09-24 15:14:46.500795,-75
2021-09-24 15:14:46.500801,-208
2021-09-24 15:14:46.500808,-444
2021-09-24 15:14:46.500814,-524
2021-09-24 15:14:46.500821,-213
2021-09-24 15:14:46.500827,352
2021-09-24 15:14:46.500834,626
2021-09-24 15:14:46.500840,349
2021-09-24 15:14:46.500847,53
2021-09-24 15:14:46.500853,43
2021-09-24 15:14:46.500859,-4
2021-09-24 15:14:46.500866,-128
2021-09-24 15:14:46.500872,-145
2021-09-24 15:14:46.500879,-126
2021-09-24 15:14:46.500885,-150
2021-09-24 15:14:46.500892,-167
2021-09-24 15:14:46.500898,-165
2021-09-24 15:14:46.500905,-172
2021-09-24 15:14:46.500911,-184
2021-09-24 15:14:46.500917,-194
2021-09-24 15:14:46.500924,-204
2021-09-24 15:14:46.500930,-221
2021-09-24 15:14:46.726477,-238
2021-09-24 15:14:46.726496,-250
2021-09-24 15:14:46.726504,-272
2021-09-24 15:14:46.726511,-301
2021-09-24 15:14:46.726518,-327
2021-09-24 15:14:46.726524,-354
2021-09-24 15:14:46.726531,-383
2021-09-24 15:14:46.726537,-398
2021-09-24 15:14:46.726544,-403
2021-09-24 15:14:46.726550,-398
2021-09-24 15:14:46.726589,-388
2021-09-24 15:14:46.726611,-364
2021-09-24 15:14:46.726620,-306
2021-09-24 15:14:46.726627,-216
2021-09-24 15:14:46.726634,-123
2021-09-24 15:14:46.726640,-34
2021-09-24 15:14:46.726647,48
2021-09-24 15:14:46.726654,111
2021-09-24 15:14:46.726665,160
2021-09-24 15:14:46.726678,191
2021-09-24 15:14:46.726710,206
2021-09-24 15:14:46.726720,206
2021-09-24 15:14:46.726728,199
2021-09-24 15:14:46.726736,196
2021-09-24 15:14:46.726744,196
2021-09-24 15:14:46.726751,191
2021-09-24 15:14:46.726759,177
2021-09-24 15:14:46.726767,165
2021-09-24 15:14:46.726774,157
2021-09-24 15:14:46.726782,150
2021-09-24 15:14:46.907076,143
2021-09-24 15:14:46.907099,131
2021-09-24 15:14:46.907107,111
2021-09-24 15:14:46.907114,97
2021-09-24 15:14:46.907121,94
2021-09-24 15:14:46.907128,92
2021-09-24 15:14:46.907134,87
2021-09-24 15:14:46.907141,87
2021-09-24 15:14:46.907147,85
2021-09-24 15:14:46.907154,85
2021-09-24 15:14:46.907160,85
2021-09-24 15:14:46.907167,80
2021-09-24 15:14:46.907173,82
2021-09-24 15:14:46.907180,89
2021-09-24 15:14:46.907187,87
2021-09-24 15:14:46.907193,82
2021-09-24 15:14:46.907200,80
2021-09-24 15:14:46.907206,80
2021-09-24 15:14:46.907213,80
2021-09-24 15:14:46.907219,82
2021-09-24 15:14:46.907226,85
2021-09-24 15:14:46.907232,82
2021-09-24 15:14:46.907239,80
2021-09-24 15:14:46.907245,82
2021-09-24 15:14:46.907252,80
2021-09-24 15:14:46.907258,68
2021-09-24 15:14:46.907265,53
2021-09-24 15:14:46.907283,43
2021-09-24 15:14:46.907290,36
2021-09-24 15:14:46.907297,29
2021-09-24 15:14:47.132009,26
2021-09-24 15:14:47.132035,46
2021-09-24 15:14:47.132043,65
2021-09-24 15:14:47.132050,58
2021-09-24 15:14:47.132057,48
2021-09-24 15:14:47.132063,53
2021-09-24 15:14:47.132069,58
2021-09-24 15:14:47.132076,58
2021-09-24 15:14:47.132124,55
2021-09-24 15:14:47.132137,48
2021-09-24 15:14:47.132144,38
2021-09-24 15:14:47.132151,31
2021-09-24 15:14:47.132158,7
2021-09-24 15:14:47.132168,-46
2021-09-24 15:14:47.132180,-191
2021-09-24 15:14:47.132192,-420
2021-09-24 15:14:47.132202,-463
2021-09-24 15:14:47.132209,-121
2021-09-24 15:14:47.132215,408
2021-09-24 15:14:47.132222,634
2021-09-24 15:14:47.132228,359
2021-09-24 15:14:47.132235,80
2021-09-24 15:14:47.132241,68
2021-09-24 15:14:47.132248,17
2021-09-24 15:14:47.132254,-99
2021-09-24 15:14:47.132261,-109
2021-09-24 15:14:47.132267,-89
2021-09-24 15:14:47.132274,-121
2021-09-24 15:14:47.132280,-138
2021-09-24 15:14:47.132287,-136
2021-09-24 15:14:47.401894,-150
2021-09-24 15:14:47.401917,-162
2021-09-24 15:14:47.401925,-172
2021-09-24 15:14:47.401931,-194
2021-09-24 15:14:47.401938,-213
2021-09-24 15:14:47.401944,-223
2021-09-24 15:14:47.401951,-238
2021-09-24 15:14:47.401957,-264
2021-09-24 15:14:47.401964,-301
2021-09-24 15:14:47.401970,-335
2021-09-24 15:14:47.401977,-357
2021-09-24 15:14:47.401983,-376
2021-09-24 15:14:47.401989,-391
2021-09-24 15:14:47.401996,-395
2021-09-24 15:14:47.402002,-395
2021-09-24 15:14:47.402009,-381
2021-09-24 15:14:47.402015,-344
2021-09-24 15:14:47.402022,-279
2021-09-24 15:14:47.402028,-194
2021-09-24 15:14:47.402035,-94
2021-09-24 15:14:47.402041,-4
2021-09-24 15:14:47.402048,70
2021-09-24 15:14:47.402054,133
2021-09-24 15:14:47.402061,179
2021-09-24 15:14:47.402067,206
2021-09-24 15:14:47.402074,218
2021-09-24 15:14:47.402080,221
2021-09-24 15:14:47.402086,216
2021-09-24 15:14:47.402093,211
2021-09-24 15:14:47.402099,204
2021-09-24 15:14:47.671963,199
2021-09-24 15:14:47.672022,189
2021-09-24 15:14:47.672043,179
2021-09-24 15:14:47.672057,167
2021-09-24 15:14:47.672066,157
2021-09-24 15:14:47.672072,150
2021-09-24 15:14:47.672079,145
2021-09-24 15:14:47.672086,136
2021-09-24 15:14:47.672092,119
2021-09-24 15:14:47.672098,106
2021-09-24 15:14:47.672105,106
2021-09-24 15:14:47.672111,106
2021-09-24 15:14:47.672118,99
2021-09-24 15:14:47.672124,97
2021-09-24 15:14:47.672131,92
2021-09-24 15:14:47.672137,89
2021-09-24 15:14:47.672144,94
2021-09-24 15:14:47.672150,97
2021-09-24 15:14:47.672157,97
2021-09-24 15:14:47.672163,97
2021-09-24 15:14:47.672170,97
2021-09-24 15:14:47.672176,97
2021-09-24 15:14:47.672183,97
2021-09-24 15:14:47.672189,97
2021-09-24 15:14:47.672196,97
2021-09-24 15:14:47.672202,97
2021-09-24 15:14:47.672209,94
2021-09-24 15:14:47.672215,94
2021-09-24 15:14:47.672221,102
2021-09-24 15:14:47.672228,104
2021-09-24 15:14:47.897159,92
2021-09-24 15:14:47.897189,80
2021-09-24 15:14:47.897201,68
2021-09-24 15:14:47.897211,55
2021-09-24 15:14:47.897221,51
2021-09-24 15:14:47.897232,46
2021-09-24 15:14:47.897243,46
2021-09-24 15:14:47.897253,53
2021-09-24 15:14:47.897263,65
2021-09-24 15:14:47.897273,68
2021-09-24 15:14:47.897282,63
2021-09-24 15:14:47.897292,60
2021-09-24 15:14:47.897302,55
2021-09-24 15:14:47.897311,43
2021-09-24 15:14:47.897321,38
2021-09-24 15:14:47.897331,43
2021-09-24 15:14:47.897340,46
2021-09-24 15:14:47.897350,36
2021-09-24 15:14:47.897360,2
2021-09-24 15:14:47.897369,-68
2021-09-24 15:14:47.897379,-225
2021-09-24 15:14:47.897389,-442
2021-09-24 15:14:47.897399,-454
2021-09-24 15:14:47.897408,-104
2021-09-24 15:14:47.897431,405
2021-09-24 15:14:47.897442,648
2021-09-24 15:14:47.897452,393
2021-09-24 15:14:47.897462,82
2021-09-24 15:14:47.897472,48
2021-09-24 15:14:47.897481,2
2021-09-24 15:14:48.166610,-114
2021-09-24 15:14:48.166642,-123
2021-09-24 15:14:48.166654,-106
2021-09-24 15:14:48.166664,-143
2021-09-24 15:14:48.166674,-155
2021-09-24 15:14:48.166684,-148
2021-09-24 15:14:48.166694,-162
2021-09-24 15:14:48.166704,-179
2021-09-24 15:14:48.166714,-184
2021-09-24 15:14:48.166723,-194
2021-09-24 15:14:48.166733,-208
2021-09-24 15:14:48.166743,-218
2021-09-24 15:14:48.166753,-238
2021-09-24 15:14:48.166763,-262
2021-09-24 15:14:48.166773,-286
2021-09-24 15:14:48.166783,-310
2021-09-24 15:14:48.166793,-337
2021-09-24 15:14:48.166802,-364
2021-09-24 15:14:48.166812,-388
2021-09-24 15:14:48.166822,-405
2021-09-24 15:14:48.166832,-403
2021-09-24 15:14:48.166842,-388
2021-09-24 15:14:48.166852,-359
2021-09-24 15:14:48.166862,-303
2021-09-24 15:14:48.166871,-218
2021-09-24 15:14:48.166881,-119
2021-09-24 15:14:48.166891,-21
2021-09-24 15:14:48.166901,58
2021-09-24 15:14:48.166911,128
2021-09-24 15:14:48.166921,179
2021-09-24 15:14:48.392058,206
2021-09-24 15:14:48.392083,221
2021-09-24 15:14:48.392092,225
2021-09-24 15:14:48.392100,223
2021-09-24 15:14:48.392107,218
2021-09-24 15:14:48.392114,208
2021-09-24 15:14:48.392121,199
2021-09-24 15:14:48.392129,191
2021-09-24 15:14:48.392136,184
2021-09-24 15:14:48.392143,174
2021-09-24 15:14:48.392150,162
2021-09-24 15:14:48.392157,150
2021-09-24 15:14:48.392165,133
2021-09-24 15:14:48.392172,123
2021-09-24 15:14:48.392179,121
2021-09-24 15:14:48.392186,116
2021-09-24 15:14:48.392193,111
2021-09-24 15:14:48.392200,109
2021-09-24 15:14:48.392208,99
2021-09-24 15:14:48.392215,89
2021-09-24 15:14:48.392222,87
2021-09-24 15:14:48.392229,89
2021-09-24 15:14:48.392236,89
2021-09-24 15:14:48.392244,87
2021-09-24 15:14:48.392251,87
2021-09-24 15:14:48.392258,89
2021-09-24 15:14:48.392641,89
2021-09-24 15:14:48.392652,89
2021-09-24 15:14:48.392659,89
2021-09-24 15:14:48.392666,89
2021-09-24 15:14:48.570757,87
2021-09-24 15:14:48.570780,89
2021-09-24 15:14:48.570788,92
2021-09-24 15:14:48.570795,87
2021-09-24 15:14:48.570802,85
2021-09-24 15:14:48.570809,85
2021-09-24 15:14:48.570816,80
2021-09-24 15:14:48.570822,85
2021-09-24 15:14:48.570829,89
2021-09-24 15:14:48.570836,80
2021-09-24 15:14:48.570843,63
2021-09-24 15:14:48.570849,43
2021-09-24 15:14:48.570856,31
2021-09-24 15:14:48.570863,34
2021-09-24 15:14:48.570869,29
2021-09-24 15:14:48.570876,38
2021-09-24 15:14:48.570883,60
2021-09-24 15:14:48.570890,65
2021-09-24 15:14:48.570897,60
2021-09-24 15:14:48.570903,65
2021-09-24 15:14:48.570910,65
2021-09-24 15:14:48.570917,58
2021-09-24 15:14:48.570924,48
2021-09-24 15:14:48.570930,43
2021-09-24 15:14:48.570937,43
2021-09-24 15:14:48.570944,38
2021-09-24 15:14:48.570951,21
2021-09-24 15:14:48.570957,-24
2021-09-24 15:14:48.570964,-131
2021-09-24 15:14:48.570971,-344
2021-09-24 15:14:48.797046,-493
2021-09-24 15:14:48.797071,-298
2021-09-24 15:14:48.797080,191
2021-09-24 15:14:48.797088,612
2021-09-24 15:14:48.797095,566
2021-09-24 15:14:48.797102,191
2021-09-24 15:14:48.797110,38
2021-09-24 15:14:48.797117,36
2021-09-24 15:14:48.797124,-85
2021-09-24 15:14:48.797132,-153
2021-09-24 15:14:48.797139,-126
2021-09-24 15:14:48.797146,-143
2021-09-24 15:14:48.797153,-170
2021-09-24 15:14:48.797160,-162
2021-09-24 15:14:48.797168,-167
2021-09-24 15:14:48.797175,-187
2021-09-24 15:14:48.797182,-196
2021-09-24 15:14:48.797189,-201
2021-09-24 15:14:48.797196,-211
2021-09-24 15:14:48.797204,-223
2021-09-24 15:14:48.797211,-238
2021-09-24 15:14:48.797218,-262
2021-09-24 15:14:48.797225,-286
2021-09-24 15:14:48.797233,-310
2021-09-24 15:14:48.797240,-342
2021-09-24 15:14:48.797247,-381
2021-09-24 15:14:48.797254,-405
2021-09-24 15:14:48.797261,-415
2021-09-24 15:14:48.797269,-422
2021-09-24 15:14:48.797276,-417
2021-09-24 15:14:49.022243,-391
2021-09-24 15:14:49.022265,-347
2021-09-24 15:14:49.022274,-276
2021-09-24 15:14:49.022281,-187
2021-09-24 15:14:49.022287,-92
2021-09-24 15:14:49.022294,-2
2021-09-24 15:14:49.022301,80
2021-09-24 15:14:49.022320,140
2021-09-24 15:14:49.022328,177
2021-09-24 15:14:49.022334,196
2021-09-24 15:14:49.022341,204
2021-09-24 15:14:49.022348,206
2021-09-24 15:14:49.022355,208
2021-09-24 15:14:49.022362,211
2021-09-24 15:14:49.022369,204
2021-09-24 15:14:49.022376,189
2021-09-24 15:14:49.022382,174
2021-09-24 15:14:49.022389,167
2021-09-24 15:14:49.022396,162
2021-09-24 15:14:49.022403,153
2021-09-24 15:14:49.022410,140
2021-09-24 15:14:49.022416,128
2021-09-24 15:14:49.022423,119
2021-09-24 15:14:49.022430,119
2021-09-24 15:14:49.022437,116
2021-09-24 15:14:49.022444,111
2021-09-24 15:14:49.022451,109
2021-09-24 15:14:49.022457,102
2021-09-24 15:14:49.022464,99
2021-09-24 15:14:49.022471,102
2021-09-24 15:14:49.292049,102
2021-09-24 15:14:49.292073,104
2021-09-24 15:14:49.292082,99
2021-09-24 15:14:49.292089,89
2021-09-24 15:14:49.292096,87
2021-09-24 15:14:49.292103,94
2021-09-24 15:14:49.292109,97
2021-09-24 15:14:49.292116,94
2021-09-24 15:14:49.292123,92
2021-09-24 15:14:49.292130,87
2021-09-24 15:14:49.292137,82
2021-09-24 15:14:49.292144,85
2021-09-24 15:14:49.292150,80
2021-09-24 15:14:49.292157,72
2021-09-24 15:14:49.292164,70
2021-09-24 15:14:49.292171,65
2021-09-24 15:14:49.292178,70
2021-09-24 15:14:49.292185,80
2021-09-24 15:14:49.292191,72
2021-09-24 15:14:49.292198,58
2021-09-24 15:14:49.292205,43
2021-09-24 15:14:49.292212,31
2021-09-24 15:14:49.292219,26
2021-09-24 15:14:49.292225,31
2021-09-24 15:14:49.292232,38
2021-09-24 15:14:49.292239,55
2021-09-24 15:14:49.292246,65
2021-09-24 15:14:49.292253,63
2021-09-24 15:14:49.292260,63
2021-09-24 15:14:49.292267,68
2021-09-24 15:14:49.517099,63
2021-09-24 15:14:49.517123,51
2021-09-24 15:14:49.517131,41
2021-09-24 15:14:49.517137,36
2021-09-24 15:14:49.517144,34
2021-09-24 15:14:49.517158,26
2021-09-24 15:14:49.517166,-9
2021-09-24 15:14:49.517172,-92
2021-09-24 15:14:49.517179,-284
2021-09-24 15:14:49.517185,-488
2021-09-24 15:14:49.517192,-391
2021-09-24 15:14:49.517199,63
2021-09-24 15:14:49.517246,551
2021-09-24 15:14:49.517256,634
2021-09-24 15:14:49.517263,279
2021-09-24 15:14:49.517270,46
2021-09-24 15:14:49.517276,46
2021-09-24 15:14:49.517283,-41
2021-09-24 15:14:49.517290,-133
2021-09-24 15:14:49.517296,-114
2021-09-24 15:14:49.517302,-119
2021-09-24 15:14:49.517309,-162
2021-09-24 15:14:49.517315,-162
2021-09-24 15:14:49.517322,-155
2021-09-24 15:14:49.517328,-174
2021-09-24 15:14:49.517335,-189
2021-09-24 15:14:49.517341,-194
2021-09-24 15:14:49.517347,-208
2021-09-24 15:14:49.517354,-221
2021-09-24 15:14:49.517360,-233
2021-09-24 15:14:49.876457,-250
2021-09-24 15:14:49.876477,-274
2021-09-24 15:14:49.876485,-301
2021-09-24 15:14:49.876492,-325
2021-09-24 15:14:49.876499,-349
2021-09-24 15:14:49.876506,-371
2021-09-24 15:14:49.876512,-391
2021-09-24 15:14:49.876519,-403
2021-09-24 15:14:49.876526,-408
2021-09-24 15:14:49.876532,-391
2021-09-24 15:14:49.876539,-352
2021-09-24 15:14:49.876546,-286
2021-09-24 15:14:49.876552,-199
2021-09-24 15:14:49.876559,-99
2021-09-24 15:14:49.876566,-9
2021-09-24 15:14:49.876572,68
2021-09-24 15:14:49.876579,128
2021-09-24 15:14:49.876586,167
2021-09-24 15:14:49.876592,194
2021-09-24 15:14:49.876600,204
2021-09-24 15:14:49.876606,201
2021-09-24 15:14:49.876628,204
2021-09-24 15:14:49.876635,204
2021-09-24 15:14:49.876642,199
2021-09-24 15:14:49.876648,194
2021-09-24 15:14:49.876655,184
2021-09-24 15:14:49.876662,172
2021-09-24 15:14:49.876668,165
2021-09-24 15:14:49.876675,155
2021-09-24 15:14:49.876682,148
2021-09-24 15:14:49.967039,138
2021-09-24 15:14:49.967063,128
2021-09-24 15:14:49.967071,121
2021-09-24 15:14:49.967078,114
2021-09-24 15:14:49.967086,111
2021-09-24 15:14:49.967093,109
2021-09-24 15:14:49.967099,104
2021-09-24 15:14:49.967106,94
2021-09-24 15:14:49.967112,87
2021-09-24 15:14:49.967119,89
2021-09-24 15:14:49.967125,94
2021-09-24 15:14:49.967132,94
2021-09-24 15:14:49.967138,92
2021-09-24 15:14:49.967145,89
2021-09-24 15:14:49.967151,89
2021-09-24 15:14:49.967158,92
2021-09-24 15:14:49.967164,92
2021-09-24 15:14:49.967171,92
2021-09-24 15:14:49.967177,89
2021-09-24 15:14:49.967183,85
2021-09-24 15:14:49.967190,85
2021-09-24 15:14:49.967196,85
2021-09-24 15:14:49.967203,85
2021-09-24 15:14:49.967209,82
2021-09-24 15:14:49.967216,80
2021-09-24 15:14:49.967222,75
2021-09-24 15:14:49.967229,77
2021-09-24 15:14:49.967235,85
2021-09-24 15:14:49.967241,87
2021-09-24 15:14:49.967248,77
2021-09-24 15:14:50.147199,55
2021-09-24 15:14:50.147229,31
2021-09-24 15:14:50.147244,29
2021-09-24 15:14:50.147257,31
2021-09-24 15:14:50.147270,26
2021-09-24 15:14:50.147282,36
2021-09-24 15:14:50.147295,51
2021-09-24 15:14:50.147308,55
2021-09-24 15:14:50.147320,55
2021-09-24 15:14:50.147332,53
2021-09-24 15:14:50.147345,46
2021-09-24 15:14:50.147358,43
2021-09-24 15:14:50.147370,36
2021-09-24 15:14:50.147403,34
2021-09-24 15:14:50.147433,36
2021-09-24 15:14:50.147443,31
2021-09-24 15:14:50.147450,9
2021-09-24 15:14:50.147457,-34
2021-09-24 15:14:50.147463,-150
2021-09-24 15:14:50.147470,-369
2021-09-24 15:14:50.147477,-512
2021-09-24 15:14:50.147483,-303
2021-09-24 15:14:50.147490,223
2021-09-24 15:14:50.147496,638
2021-09-24 15:14:50.147502,536
2021-09-24 15:14:50.147509,162
2021-09-24 15:14:50.147515,29
2021-09-24 15:14:50.147522,14
2021-09-24 15:14:50.147528,-102
2021-09-24 15:14:50.147535,-150
2021-09-24 15:14:50.371763,-116
2021-09-24 15:14:50.371790,-131
2021-09-24 15:14:50.371802,-157
2021-09-24 15:14:50.371814,-155
2021-09-24 15:14:50.371826,-162
2021-09-24 15:14:50.371837,-187
2021-09-24 15:14:50.371848,-199
2021-09-24 15:14:50.371860,-201
2021-09-24 15:14:50.371871,-213
2021-09-24 15:14:50.371882,-228
2021-09-24 15:14:50.371926,-242
2021-09-24 15:14:50.372004,-269
2021-09-24 15:14:50.372012,-298
2021-09-24 15:14:50.372018,-327
2021-09-24 15:14:50.372025,-357
2021-09-24 15:14:50.372031,-381
2021-09-24 15:14:50.372037,-403
2021-09-24 15:14:50.372043,-415
2021-09-24 15:14:50.372049,-415
2021-09-24 15:14:50.372055,-403
2021-09-24 15:14:50.372062,-383
2021-09-24 15:14:50.372068,-344
2021-09-24 15:14:50.372074,-281
2021-09-24 15:14:50.372080,-191
2021-09-24 15:14:50.372086,-87
2021-09-24 15:14:50.372092,4
2021-09-24 15:14:50.372098,75
2021-09-24 15:14:50.372105,131
2021-09-24 15:14:50.372111,170
2021-09-24 15:14:50.372117,194
2021-09-24 15:14:50.730519,208
2021-09-24 15:14:50.730541,216
2021-09-24 15:14:50.730549,213
2021-09-24 15:14:50.730556,204
2021-09-24 15:14:50.730563,191
2021-09-24 15:14:50.730569,182
2021-09-24 15:14:50.730576,172
2021-09-24 15:14:50.730582,165
2021-09-24 15:14:50.730589,157
2021-09-24 15:14:50.730595,145
2021-09-24 15:14:50.730602,128
2021-09-24 15:14:50.730608,114
2021-09-24 15:14:50.730615,111
2021-09-24 15:14:50.730621,111
2021-09-24 15:14:50.730628,109
2021-09-24 15:14:50.730634,102
2021-09-24 15:14:50.730641,97
2021-09-24 15:14:50.730648,92
2021-09-24 15:14:50.730654,92
2021-09-24 15:14:50.730661,99
2021-09-24 15:14:50.730667,104
2021-09-24 15:14:50.730674,104
2021-09-24 15:14:50.730680,99
2021-09-24 15:14:50.730687,97
2021-09-24 15:14:50.730693,92
2021-09-24 15:14:50.730700,87
2021-09-24 15:14:50.730706,87
2021-09-24 15:14:50.730713,89
2021-09-24 15:14:50.730719,82
2021-09-24 15:14:50.730726,80
2021-09-24 15:14:50.867077,87
2021-09-24 15:14:50.867102,89
2021-09-24 15:14:50.867110,82
2021-09-24 15:14:50.867117,80
2021-09-24 15:14:50.867124,77
2021-09-24 15:14:50.867131,80
2021-09-24 15:14:50.867138,77
2021-09-24 15:14:50.867145,70
2021-09-24 15:14:50.867151,58
2021-09-24 15:14:50.867158,43
2021-09-24 15:14:50.867165,26
2021-09-24 15:14:50.867171,24
2021-09-24 15:14:50.867178,31
2021-09-24 15:14:50.867185,53
2021-09-24 15:14:50.867192,60
2021-09-24 15:14:50.867199,46
2021-09-24 15:14:50.867205,34
2021-09-24 15:14:50.867227,43
2021-09-24 15:14:50.867234,46
2021-09-24 15:14:50.867240,34
2021-09-24 15:14:50.867247,21
2021-09-24 15:14:50.867254,17
2021-09-24 15:14:50.867261,14
2021-09-24 15:14:50.867267,9
2021-09-24 15:14:50.867274,-17
2021-09-24 15:14:50.867281,-89
2021-09-24 15:14:50.867288,-289
2021-09-24 15:14:50.867294,-514
2021-09-24 15:14:50.867301,-444
2021-09-24 15:14:50.867308,17
2021-09-24 15:14:51.137003,527
2021-09-24 15:14:51.137026,570
2021-09-24 15:14:51.137034,206
2021-09-24 15:14:51.137041,19
2021-09-24 15:14:51.137047,31
2021-09-24 15:14:51.137054,-63
2021-09-24 15:14:51.137060,-145
2021-09-24 15:14:51.137067,-119
2021-09-24 15:14:51.137073,-121
2021-09-24 15:14:51.137080,-165
2021-09-24 15:14:51.137086,-172
2021-09-24 15:14:51.137093,-165
2021-09-24 15:14:51.137099,-182
2021-09-24 15:14:51.137106,-191
2021-09-24 15:14:51.137112,-196
2021-09-24 15:14:51.137118,-218
2021-09-24 15:14:51.137125,-242
2021-09-24 15:14:51.137131,-255
2021-09-24 15:14:51.137138,-264
2021-09-24 15:14:51.137144,-279
2021-09-24 15:14:51.137151,-306
2021-09-24 15:14:51.137157,-340
2021-09-24 15:14:51.137164,-361
2021-09-24 15:14:51.137170,-381
2021-09-24 15:14:51.137177,-393
2021-09-24 15:14:51.137183,-395
2021-09-24 15:14:51.137190,-393
2021-09-24 15:14:51.137196,-378
2021-09-24 15:14:51.137202,-337
2021-09-24 15:14:51.137209,-274
2021-09-24 15:14:51.452048,-184
2021-09-24 15:14:51.452073,-85
2021-09-24 15:14:51.452081,-2
2021-09-24 15:14:51.452088,63
2021-09-24 15:14:51.452095,131
2021-09-24 15:14:51.452102,179
2021-09-24 15:14:51.452108,199
2021-09-24 15:14:51.452115,206
2021-09-24 15:14:51.452122,211
2021-09-24 15:14:51.452129,204
2021-09-24 15:14:51.452136,199
2021-09-24 15:14:51.452142,196
2021-09-24 15:14:51.452149,189
2021-09-24 15:14:51.452156,177
2021-09-24 15:14:51.452162,167
2021-09-24 15:14:51.452169,145
2021-09-24 15:14:51.452176,131
2021-09-24 15:14:51.452182,131
2021-09-24 15:14:51.452189,126
2021-09-24 15:14:51.452196,114
2021-09-24 15:14:51.452203,104
2021-09-24 15:14:51.452209,94
2021-09-24 15:14:51.452216,97
2021-09-24 15:14:51.452223,97
2021-09-24 15:14:51.452230,89
2021-09-24 15:14:51.452236,77
2021-09-24 15:14:51.452243,72
2021-09-24 15:14:51.452250,75
2021-09-24 15:14:51.452256,77
2021-09-24 15:14:51.452263,82
2021-09-24 15:14:51.587160,85
2021-09-24 15:14:51.587185,72
2021-09-24 15:14:51.587195,68
2021-09-24 15:14:51.587202,75
2021-09-24 15:14:51.587209,77
2021-09-24 15:14:51.587215,75
2021-09-24 15:14:51.587221,75
2021-09-24 15:14:51.587228,77
2021-09-24 15:14:51.587234,72
2021-09-24 15:14:51.587241,70
2021-09-24 15:14:51.587247,72
2021-09-24 15:14:51.587254,70
2021-09-24 15:14:51.587260,60
2021-09-24 15:14:51.587267,53
2021-09-24 15:14:51.587273,38
2021-09-24 15:14:51.587279,26
2021-09-24 15:14:51.587286,38
2021-09-24 15:14:51.587292,63
2021-09-24 15:14:51.587299,75
2021-09-24 15:14:51.587305,68
2021-09-24 15:14:51.587312,55
2021-09-24 15:14:51.587318,53
2021-09-24 15:14:51.587325,55
2021-09-24 15:14:51.587331,58
2021-09-24 15:14:51.587338,55
2021-09-24 15:14:51.587344,51
2021-09-24 15:14:51.587351,41
2021-09-24 15:14:51.587357,17
2021-09-24 15:14:51.587364,-19
2021-09-24 15:14:51.587370,-104
2021-09-24 15:14:51.767099,-306
2021-09-24 15:14:51.767123,-480
2021-09-24 15:14:51.767131,-325
2021-09-24 15:14:51.767137,172
2021-09-24 15:14:51.767144,602
2021-09-24 15:14:51.767150,527
2021-09-24 15:14:51.767157,165
2021-09-24 15:14:51.767163,46
2021-09-24 15:14:51.767170,48
2021-09-24 15:14:51.767176,-72
2021-09-24 15:14:51.767183,-143
2021-09-24 15:14:51.767189,-111
2021-09-24 15:14:51.767196,-121
2021-09-24 15:14:51.767202,-160
2021-09-24 15:14:51.767209,-157
2021-09-24 15:14:51.767215,-157
2021-09-24 15:14:51.767221,-177
2021-09-24 15:14:51.767228,-187
2021-09-24 15:14:51.767235,-194
2021-09-24 15:14:51.767241,-216
2021-09-24 15:14:51.767247,-230
2021-09-24 15:14:51.767254,-242
2021-09-24 15:14:51.767260,-259
2021-09-24 15:14:51.767267,-284
2021-09-24 15:14:51.767273,-310
2021-09-24 15:14:51.767279,-340
2021-09-24 15:14:51.767286,-361
2021-09-24 15:14:51.767292,-374
2021-09-24 15:14:51.767299,-383
2021-09-24 15:14:51.767305,-388
2021-09-24 15:14:51.992578,-386
2021-09-24 15:14:51.992602,-361
2021-09-24 15:14:51.992611,-310
2021-09-24 15:14:51.992618,-238
2021-09-24 15:14:51.992625,-153
2021-09-24 15:14:51.992632,-63
2021-09-24 15:14:51.992639,14
2021-09-24 15:14:51.992646,77
2021-09-24 15:14:51.992653,133
2021-09-24 15:14:51.992660,170
2021-09-24 15:14:51.992667,189
2021-09-24 15:14:51.992673,199
2021-09-24 15:14:51.992680,194
2021-09-24 15:14:51.992687,187
2021-09-24 15:14:51.992694,187
2021-09-24 15:14:51.992701,184
2021-09-24 15:14:51.992708,177
2021-09-24 15:14:51.992722,167
2021-09-24 15:14:51.992729,155
2021-09-24 15:14:51.992736,143
2021-09-24 15:14:51.992743,138
2021-09-24 15:14:51.992750,133
2021-09-24 15:14:51.992757,126
2021-09-24 15:14:51.992763,121
2021-09-24 15:14:51.992770,114
2021-09-24 15:14:51.992809,109
2021-09-24 15:14:51.992816,109
2021-09-24 15:14:51.992822,102
2021-09-24 15:14:51.992829,102
2021-09-24 15:14:51.992836,106
2021-09-24 15:14:52.262000,104
2021-09-24 15:14:52.262022,104
2021-09-24 15:14:52.262030,109
2021-09-24 15:14:52.262037,109
2021-09-24 15:14:52.262044,104
2021-09-24 15:14:52.262050,97
2021-09-24 15:14:52.262057,92
2021-09-24 15:14:52.262063,87
2021-09-24 15:14:52.262070,85
2021-09-24 15:14:52.262076,85
2021-09-24 15:14:52.262083,87
2021-09-24 15:14:52.262089,80
2021-09-24 15:14:52.262095,75
2021-09-24 15:14:52.262102,82
2021-09-24 15:14:52.262108,89
2021-09-24 15:14:52.262115,77
2021-09-24 15:14:52.262121,68
2021-09-24 15:14:52.262128,63
2021-09-24 15:14:52.262134,53
2021-09-24 15:14:52.262141,46
2021-09-24 15:14:52.262147,41
2021-09-24 15:14:52.262154,51
2021-09-24 15:14:52.262160,72
2021-09-24 15:14:52.262167,80
2021-09-24 15:14:52.262173,75
2021-09-24 15:14:52.262179,77
2021-09-24 15:14:52.262186,77
2021-09-24 15:14:52.262192,75
2021-09-24 15:14:52.262199,72
2021-09-24 15:14:52.262205,65
2021-09-24 15:14:52.487093,58
2021-09-24 15:14:52.487117,55
2021-09-24 15:14:52.487125,29
2021-09-24 15:14:52.487132,-38
2021-09-24 15:14:52.487139,-172
2021-09-24 15:14:52.487145,-386
2021-09-24 15:14:52.487152,-466
2021-09-24 15:14:52.487173,-167
2021-09-24 15:14:52.487180,357
2021-09-24 15:14:52.487186,651
2021-09-24 15:14:52.487193,434
2021-09-24 15:14:52.487199,104
2021-09-24 15:14:52.487206,51
2021-09-24 15:14:52.487212,26
2021-09-24 15:14:52.487219,-99
2021-09-24 15:14:52.487225,-128
2021-09-24 15:14:52.487231,-106
2021-09-24 15:14:52.487238,-140
2021-09-24 15:14:52.487244,-165
2021-09-24 15:14:52.487251,-155
2021-09-24 15:14:52.487257,-167
2021-09-24 15:14:52.487265,-187
2021-09-24 15:14:52.487272,-196
2021-09-24 15:14:52.487279,-201
2021-09-24 15:14:52.487286,-213
2021-09-24 15:14:52.487292,-223
2021-09-24 15:14:52.487299,-240
2021-09-24 15:14:52.487305,-264
2021-09-24 15:14:52.487312,-286
2021-09-24 15:14:52.487318,-310
2021-09-24 15:14:52.711000,-332
2021-09-24 15:14:52.711024,-354
2021-09-24 15:14:52.711032,-376
2021-09-24 15:14:52.711039,-391
2021-09-24 15:14:52.711046,-395
2021-09-24 15:14:52.711053,-386
2021-09-24 15:14:52.711060,-357
2021-09-24 15:14:52.711067,-303
2021-09-24 15:14:52.711074,-225
2021-09-24 15:14:52.711081,-126
2021-09-24 15:14:52.711088,-31
2021-09-24 15:14:52.711095,46
2021-09-24 15:14:52.711102,109
2021-09-24 15:14:52.711108,160
2021-09-24 15:14:52.711115,191
2021-09-24 15:14:52.711122,201
2021-09-24 15:14:52.711129,201
2021-09-24 15:14:52.711136,206
2021-09-24 15:14:52.711143,208
2021-09-24 15:14:52.711150,206
2021-09-24 15:14:52.711157,199
2021-09-24 15:14:52.711164,184
2021-09-24 15:14:52.711170,172
2021-09-24 15:14:52.711177,165
2021-09-24 15:14:52.711184,157
2021-09-24 15:14:52.711191,150
2021-09-24 15:14:52.711198,140
2021-09-24 15:14:52.711250,131
2021-09-24 15:14:52.711305,121
2021-09-24 15:14:52.711315,116
2021-09-24 15:14:52.981715,114
2021-09-24 15:14:52.981743,114
2021-09-24 15:14:52.981756,109
2021-09-24 15:14:52.981768,97
2021-09-24 15:14:52.981780,87
2021-09-24 15:14:52.981792,92
2021-09-24 15:14:52.981803,99
2021-09-24 15:14:52.981814,99
2021-09-24 15:14:52.981821,94
2021-09-24 15:14:52.981828,87
2021-09-24 15:14:52.981834,80
2021-09-24 15:14:52.981841,77
2021-09-24 15:14:52.981847,68
2021-09-24 15:14:52.981854,60
2021-09-24 15:14:52.981860,58
2021-09-24 15:14:52.981867,55
2021-09-24 15:14:52.981873,58
2021-09-24 15:14:52.981880,63
2021-09-24 15:14:52.981886,65
2021-09-24 15:14:52.981893,65
2021-09-24 15:14:52.981899,68
2021-09-24 15:14:52.981906,68
2021-09-24 15:14:52.981912,60
2021-09-24 15:14:52.981919,58
2021-09-24 15:14:52.981925,51
2021-09-24 15:14:52.981931,43
2021-09-24 15:14:52.981938,31
2021-09-24 15:14:52.981944,21
2021-09-24 15:14:52.981951,34
2021-09-24 15:14:52.981960,60
2021-09-24 15:14:53.207103,70
2021-09-24 15:14:53.207127,65
2021-09-24 15:14:53.207135,63
2021-09-24 15:14:53.207142,60
2021-09-24 15:14:53.207148,60
2021-09-24 15:14:53.207155,63
2021-09-24 15:14:53.207161,63
2021-09-24 15:14:53.207168,60
2021-09-24 15:14:53.207174,46
2021-09-24 15:14:53.207181,2
2021-09-24 15:14:53.207188,-60
2021-09-24 15:14:53.207194,-194
2021-09-24 15:14:53.207201,-410
2021-09-24 15:14:53.207207,-456
2021-09-24 15:14:53.207214,-138
2021-09-24 15:14:53.207223,366
2021-09-24 15:14:53.207229,651
2021-09-24 15:14:53.207236,442
2021-09-24 15:14:53.207243,111
2021-09-24 15:14:53.207249,51
2021-09-24 15:14:53.207256,9
2021-09-24 15:14:53.207262,-111
2021-09-24 15:14:53.207269,-119
2021-09-24 15:14:53.207275,-89
2021-09-24 15:14:53.207281,-123
2021-09-24 15:14:53.207288,-145
2021-09-24 15:14:53.207294,-145
2021-09-24 15:14:53.207301,-165
2021-09-24 15:14:53.207307,-179
2021-09-24 15:14:53.207314,-179
2021-09-24 15:14:53.387302,-189
2021-09-24 15:14:53.387327,-206
2021-09-24 15:14:53.387336,-223
2021-09-24 15:14:53.387343,-242
2021-09-24 15:14:53.387350,-259
2021-09-24 15:14:53.387356,-281
2021-09-24 15:14:53.387363,-308
2021-09-24 15:14:53.387370,-337
2021-09-24 15:14:53.387377,-371
2021-09-24 15:14:53.387384,-395
2021-09-24 15:14:53.387391,-405
2021-09-24 15:14:53.387398,-403
2021-09-24 15:14:53.387405,-391
2021-09-24 15:14:53.387411,-366
2021-09-24 15:14:53.387418,-320
2021-09-24 15:14:53.387425,-240
2021-09-24 15:14:53.387432,-138
2021-09-24 15:14:53.387439,-48
2021-09-24 15:14:53.387445,26
2021-09-24 15:14:53.387452,92
2021-09-24 15:14:53.387459,138
2021-09-24 15:14:53.387466,170
2021-09-24 15:14:53.387473,189
2021-09-24 15:14:53.387480,201
2021-09-24 15:14:53.387486,204
2021-09-24 15:14:53.387493,201
2021-09-24 15:14:53.387500,194
2021-09-24 15:14:53.387507,187
2021-09-24 15:14:53.387514,182
2021-09-24 15:14:53.387520,174
2021-09-24 15:14:53.612155,165
2021-09-24 15:14:53.612188,155
2021-09-24 15:14:53.612200,140
2021-09-24 15:14:53.612212,131
2021-09-24 15:14:53.612223,128
2021-09-24 15:14:53.612235,123
2021-09-24 15:14:53.612242,116
2021-09-24 15:14:53.612249,104
2021-09-24 15:14:53.612256,94
2021-09-24 15:14:53.612263,92
2021-09-24 15:14:53.612270,92
2021-09-24 15:14:53.612276,92
2021-09-24 15:14:53.612283,92
2021-09-24 15:14:53.612290,85
2021-09-24 15:14:53.612296,80
2021-09-24 15:14:53.612303,82
2021-09-24 15:14:53.612310,85
2021-09-24 15:14:53.612316,87
2021-09-24 15:14:53.612323,87
2021-09-24 15:14:53.612330,82
2021-09-24 15:14:53.612336,77
2021-09-24 15:14:53.612343,80
2021-09-24 15:14:53.612350,82
2021-09-24 15:14:53.612375,82
2021-09-24 15:14:53.612383,82
2021-09-24 15:14:53.612389,82
2021-09-24 15:14:53.612396,77
2021-09-24 15:14:53.612403,72
2021-09-24 15:14:53.612410,75
2021-09-24 15:14:53.612417,82
2021-09-24 15:14:53.881291,85
2021-09-24 15:14:53.881313,77
2021-09-24 15:14:53.881321,68
2021-09-24 15:14:53.881328,55
2021-09-24 15:14:53.881335,46
2021-09-24 15:14:53.881341,38
2021-09-24 15:14:53.881347,26
2021-09-24 15:14:53.881354,24
2021-09-24 15:14:53.881360,48
2021-09-24 15:14:53.881367,65
2021-09-24 15:14:53.881373,63
2021-09-24 15:14:53.881380,58
2021-09-24 15:14:53.881386,55
2021-09-24 15:14:53.881393,48
2021-09-24 15:14:53.881399,51
2021-09-24 15:14:53.881406,53
2021-09-24 15:14:53.881412,51
2021-09-24 15:14:53.881419,48
2021-09-24 15:14:53.881425,31
2021-09-24 15:14:53.881432,-12
2021-09-24 15:14:53.881438,-97
2021-09-24 15:14:53.881445,-291
2021-09-24 15:14:53.881451,-493
2021-09-24 15:14:53.881457,-405
2021-09-24 15:14:53.881464,36
2021-09-24 15:14:53.881470,529
2021-09-24 15:14:53.881477,614
2021-09-24 15:14:53.881484,262
2021-09-24 15:14:53.881490,34
2021-09-24 15:14:53.881497,36
2021-09-24 15:14:54.062210,-53
2021-09-24 15:14:54.062233,-138
2021-09-24 15:14:54.062241,-109
2021-09-24 15:14:54.062248,-109
2021-09-24 15:14:54.062255,-148
2021-09-24 15:14:54.062262,-155
2021-09-24 15:14:54.062269,-160
2021-09-24 15:14:54.062276,-179
2021-09-24 15:14:54.062282,-191
2021-09-24 15:14:54.062289,-199
2021-09-24 15:14:54.062296,-211
2021-09-24 15:14:54.062303,-230
2021-09-24 15:14:54.062310,-252
2021-09-24 15:14:54.062317,-267
2021-09-24 15:14:54.062323,-286
2021-09-24 15:14:54.062330,-310
2021-09-24 15:14:54.062337,-337
2021-09-24 15:14:54.062344,-364
2021-09-24 15:14:54.062350,-393
2021-09-24 15:14:54.062357,-405
2021-09-24 15:14:54.062364,-410
2021-09-24 15:14:54.062371,-408
2021-09-24 15:14:54.062378,-391
2021-09-24 15:14:54.062384,-357
2021-09-24 15:14:54.062391,-301
2021-09-24 15:14:54.062398,-208
2021-09-24 15:14:54.062405,-106
2021-09-24 15:14:54.062411,-17
2021-09-24 15:14:54.062418,63
2021-09-24 15:14:54.062425,126
2021-09-24 15:14:54.332265,170
2021-09-24 15:14:54.332297,196
2021-09-24 15:14:54.332312,208
2021-09-24 15:14:54.332323,213
2021-09-24 15:14:54.332330,213
2021-09-24 15:14:54.332337,204
2021-09-24 15:14:54.332344,194
2021-09-24 15:14:54.332351,189
2021-09-24 15:14:54.332358,182
2021-09-24 15:14:54.332364,170
2021-09-24 15:14:54.332371,157
2021-09-24 15:14:54.332378,140
2021-09-24 15:14:54.332385,131
2021-09-24 15:14:54.332392,128
2021-09-24 15:14:54.332399,123
2021-09-24 15:14:54.332406,114
2021-09-24 15:14:54.332413,106
2021-09-24 15:14:54.332420,102
2021-09-24 15:14:54.332427,97
2021-09-24 15:14:54.332434,99
2021-09-24 15:14:54.332441,99
2021-09-24 15:14:54.332447,97
2021-09-24 15:14:54.332454,94
2021-09-24 15:14:54.332463,92
2021-09-24 15:14:54.332475,94
2021-09-24 15:14:54.332486,92
2021-09-24 15:14:54.332494,87
2021-09-24 15:14:54.332501,87
2021-09-24 15:14:54.332508,85
2021-09-24 15:14:54.332515,75
2021-09-24 15:14:54.556548,72
2021-09-24 15:14:54.556572,77
2021-09-24 15:14:54.556580,77
2021-09-24 15:14:54.556587,72
2021-09-24 15:14:54.556593,68
2021-09-24 15:14:54.556599,63
2021-09-24 15:14:54.556606,65
2021-09-24 15:14:54.556612,68
2021-09-24 15:14:54.556619,68
2021-09-24 15:14:54.556625,60
2021-09-24 15:14:54.556632,60
2021-09-24 15:14:54.556639,68
2021-09-24 15:14:54.556645,75
2021-09-24 15:14:54.556652,65
2021-09-24 15:14:54.556658,48
2021-09-24 15:14:54.556665,26
2021-09-24 15:14:54.556671,14
2021-09-24 15:14:54.556678,17
2021-09-24 15:14:54.556684,17
2021-09-24 15:14:54.556691,24
2021-09-24 15:14:54.556698,46
2021-09-24 15:14:54.556704,55
2021-09-24 15:14:54.556711,53
2021-09-24 15:14:54.556717,55
2021-09-24 15:14:54.556724,60
2021-09-24 15:14:54.556730,60
2021-09-24 15:14:54.556737,55
2021-09-24 15:14:54.556743,46
2021-09-24 15:14:54.556750,38
2021-09-24 15:14:54.556756,41
2021-09-24 15:14:54.827509,31
2021-09-24 15:14:54.827568,-2
2021-09-24 15:14:54.827577,-80
2021-09-24 15:14:54.827584,-264
2021-09-24 15:14:54.827626,-478
2021-09-24 15:14:54.827636,-412
2021-09-24 15:14:54.827643,26
2021-09-24 15:14:54.827649,541
2021-09-24 15:14:54.827694,648
2021-09-24 15:14:54.827734,298
2021-09-24 15:14:54.827781,51
2021-09-24 15:14:54.827791,46
2021-09-24 15:14:54.827802,-38
2021-09-24 15:14:54.827843,-136
2021-09-24 15:14:54.827854,-116
2021-09-24 15:14:54.827862,-119
2021-09-24 15:14:54.827868,-157
2021-09-24 15:14:54.827875,-155
2021-09-24 15:14:54.827881,-150
2021-09-24 15:14:54.827888,-170
2021-09-24 15:14:54.827894,-179
2021-09-24 15:14:54.827900,-191
2021-09-24 15:14:54.827907,-204
2021-09-24 15:14:54.827913,-216
2021-09-24 15:14:54.827920,-228
2021-09-24 15:14:54.827926,-247
2021-09-24 15:14:54.827933,-269
2021-09-24 15:14:54.827939,-296
2021-09-24 15:14:54.827946,-323
2021-09-24 15:14:54.827952,-349
2021-09-24 15:14:55.007211,-376
2021-09-24 15:14:55.007236,-393
2021-09-24 15:14:55.007244,-403
2021-09-24 15:14:55.007251,-408
2021-09-24 15:14:55.007258,-400
2021-09-24 15:14:55.007265,-371
2021-09-24 15:14:55.007272,-308
2021-09-24 15:14:55.007279,-221
2021-09-24 15:14:55.007286,-128
2021-09-24 15:14:55.007293,-38
2021-09-24 15:14:55.007300,46
2021-09-24 15:14:55.007306,114
2021-09-24 15:14:55.007313,157
2021-09-24 15:14:55.007320,187
2021-09-24 15:14:55.007327,196
2021-09-24 15:14:55.007334,196
2021-09-24 15:14:55.007341,199
2021-09-24 15:14:55.007347,204
2021-09-24 15:14:55.007354,196
2021-09-24 15:14:55.007361,187
2021-09-24 15:14:55.007368,174
2021-09-24 15:14:55.007375,157
2021-09-24 15:14:55.007382,150
2021-09-24 15:14:55.007388,145
2021-09-24 15:14:55.007395,136
2021-09-24 15:14:55.007402,126
2021-09-24 15:14:55.007409,119
2021-09-24 15:14:55.007416,109
2021-09-24 15:14:55.007423,104
2021-09-24 15:14:55.007430,104
2021-09-24 15:14:55.277045,102
2021-09-24 15:14:55.277066,94
2021-09-24 15:14:55.277074,85
2021-09-24 15:14:55.277081,82
2021-09-24 15:14:55.277088,87
2021-09-24 15:14:55.277094,89
2021-09-24 15:14:55.277101,89
2021-09-24 15:14:55.277107,89
2021-09-24 15:14:55.277113,85
2021-09-24 15:14:55.277120,80
2021-09-24 15:14:55.277126,82
2021-09-24 15:14:55.277133,87
2021-09-24 15:14:55.277139,87
2021-09-24 15:14:55.277146,82
2021-09-24 15:14:55.277152,75
2021-09-24 15:14:55.277159,70
2021-09-24 15:14:55.277165,72
2021-09-24 15:14:55.277171,75
2021-09-24 15:14:55.277178,77
2021-09-24 15:14:55.277184,75
2021-09-24 15:14:55.277191,70
2021-09-24 15:14:55.277197,65
2021-09-24 15:14:55.277204,68
2021-09-24 15:14:55.277210,70
2021-09-24 15:14:55.277216,77
2021-09-24 15:14:55.277223,75
2021-09-24 15:14:55.277229,60
2021-09-24 15:14:55.277236,38
2021-09-24 15:14:55.277242,29
2021-09-24 15:14:55.277249,34
2021-09-24 15:14:55.456626,29
2021-09-24 15:14:55.456647,14
2021-09-24 15:14:55.456655,24
2021-09-24 15:14:55.456662,41
2021-09-24 15:14:55.456669,46
2021-09-24 15:14:55.456676,46
2021-09-24 15:14:55.456683,48
2021-09-24 15:14:55.456690,46
2021-09-24 15:14:55.456697,41
2021-09-24 15:14:55.456703,43
2021-09-24 15:14:55.456710,38
2021-09-24 15:14:55.456717,29
2021-09-24 15:14:55.456724,26
2021-09-24 15:14:55.456731,7
2021-09-24 15:14:55.456738,-46
2021-09-24 15:14:55.456745,-170
2021-09-24 15:14:55.456752,-398
2021-09-24 15:14:55.456759,-519
2021-09-24 15:14:55.456765,-259
2021-09-24 15:14:55.456772,281
2021-09-24 15:14:55.456779,638
2021-09-24 15:14:55.456786,466
2021-09-24 15:14:55.456793,111
2021-09-24 15:14:55.456800,29
2021-09-24 15:14:55.456807,4
2021-09-24 15:14:55.456814,-114
2021-09-24 15:14:55.456820,-143
2021-09-24 15:14:55.456827,-111
2021-09-24 15:14:55.456834,-136
2021-09-24 15:14:55.456841,-155
2021-09-24 15:14:55.682114,-150
2021-09-24 15:14:55.682138,-160
2021-09-24 15:14:55.682146,-177
2021-09-24 15:14:55.682153,-184
2021-09-24 15:14:55.682160,-191
2021-09-24 15:14:55.682167,-208
2021-09-24 15:14:55.682174,-235
2021-09-24 15:14:55.682181,-262
2021-09-24 15:14:55.682188,-276
2021-09-24 15:14:55.682194,-293
2021-09-24 15:14:55.682201,-320
2021-09-24 15:14:55.682208,-342
2021-09-24 15:14:55.682215,-374
2021-09-24 15:14:55.682222,-400
2021-09-24 15:14:55.682229,-408
2021-09-24 15:14:55.682236,-405
2021-09-24 15:14:55.682243,-393
2021-09-24 15:14:55.682250,-369
2021-09-24 15:14:55.682256,-325
2021-09-24 15:14:55.682263,-257
2021-09-24 15:14:55.682270,-165
2021-09-24 15:14:55.682277,-65
2021-09-24 15:14:55.682284,21
2021-09-24 15:14:55.682291,94
2021-09-24 15:14:55.682298,148
2021-09-24 15:14:55.682305,187
2021-09-24 15:14:55.682311,206
2021-09-24 15:14:55.682318,216
2021-09-24 15:14:55.682325,221
2021-09-24 15:14:55.682332,218
2021-09-24 15:14:55.907287,211
2021-09-24 15:14:55.907349,204
2021-09-24 15:14:55.907362,199
2021-09-24 15:14:55.907370,187
2021-09-24 15:14:55.907377,172
2021-09-24 15:14:55.907384,160
2021-09-24 15:14:55.907390,145
2021-09-24 15:14:55.907397,131
2021-09-24 15:14:55.907404,119
2021-09-24 15:14:55.907411,106
2021-09-24 15:14:55.907418,104
2021-09-24 15:14:55.907425,99
2021-09-24 15:14:55.907431,85
2021-09-24 15:14:55.907438,82
2021-09-24 15:14:55.907445,87
2021-09-24 15:14:55.907452,82
2021-09-24 15:14:55.907458,70
2021-09-24 15:14:55.907465,68
2021-09-24 15:14:55.907472,72
2021-09-24 15:14:55.907505,75
2021-09-24 15:14:55.907514,82
2021-09-24 15:14:55.907521,82
2021-09-24 15:14:55.907528,77
2021-09-24 15:14:55.907534,77
2021-09-24 15:14:55.907541,82
2021-09-24 15:14:55.907548,82
2021-09-24 15:14:55.907555,80
2021-09-24 15:14:55.907562,77
2021-09-24 15:14:55.907568,80
2021-09-24 15:14:55.907575,77
2021-09-24 15:14:56.132148,72
2021-09-24 15:14:56.132176,75
2021-09-24 15:14:56.132190,77
2021-09-24 15:14:56.132203,70
2021-09-24 15:14:56.132214,68
2021-09-24 15:14:56.132225,68
2021-09-24 15:14:56.132237,63
2021-09-24 15:14:56.132249,55
2021-09-24 15:14:56.132261,36
2021-09-24 15:14:56.132271,17
2021-09-24 15:14:56.132282,7
2021-09-24 15:14:56.132293,-4
2021-09-24 15:14:56.132329,-4
2021-09-24 15:14:56.132351,19
2021-09-24 15:14:56.132365,36
2021-09-24 15:14:56.132377,38
2021-09-24 15:14:56.132384,36
2021-09-24 15:14:56.132391,34
2021-09-24 15:14:56.132398,38
2021-09-24 15:14:56.132404,46
2021-09-24 15:14:56.132411,36
2021-09-24 15:14:56.132417,26
2021-09-24 15:14:56.132424,24
2021-09-24 15:14:56.132430,19
2021-09-24 15:14:56.132437,-12
2021-09-24 15:14:56.132443,-65
2021-09-24 15:14:56.132450,-206
2021-09-24 15:14:56.132456,-439
2021-09-24 15:14:56.132463,-517
2021-09-24 15:14:56.132469,-187
2021-09-24 15:14:56.357255,381
2021-09-24 15:14:56.357279,648
2021-09-24 15:14:56.357287,371
2021-09-24 15:14:56.357294,75
2021-09-24 15:14:56.357301,51
2021-09-24 15:14:56.357324,-2
2021-09-24 15:14:56.357334,-116
2021-09-24 15:14:56.357344,-121
2021-09-24 15:14:56.357354,-102
2021-09-24 15:14:56.357364,-136
2021-09-24 15:14:56.357374,-157
2021-09-24 15:14:56.357384,-160
2021-09-24 15:14:56.357394,-174
2021-09-24 15:14:56.357404,-187
2021-09-24 15:14:56.357414,-191
2021-09-24 15:14:56.357424,-206
2021-09-24 15:14:56.357434,-225
2021-09-24 15:14:56.357444,-233
2021-09-24 15:14:56.357454,-242
2021-09-24 15:14:56.357464,-269
2021-09-24 15:14:56.357474,-296
2021-09-24 15:14:56.357484,-330
2021-09-24 15:14:56.357494,-369
2021-09-24 15:14:56.357504,-388
2021-09-24 15:14:56.357514,-393
2021-09-24 15:14:56.357524,-400
2021-09-24 15:14:56.357534,-400
2021-09-24 15:14:56.357544,-391
2021-09-24 15:14:56.357554,-359
2021-09-24 15:14:56.357564,-306
2021-09-24 15:14:56.626920,-221
2021-09-24 15:14:56.626944,-119
2021-09-24 15:14:56.626952,-24
2021-09-24 15:14:56.626960,48
2021-09-24 15:14:56.626966,102
2021-09-24 15:14:56.626973,153
2021-09-24 15:14:56.626980,189
2021-09-24 15:14:56.626987,208
2021-09-24 15:14:56.626994,211
2021-09-24 15:14:56.627001,204
2021-09-24 15:14:56.627008,199
2021-09-24 15:14:56.627014,199
2021-09-24 15:14:56.627021,191
2021-09-24 15:14:56.627028,179
2021-09-24 15:14:56.627035,162
2021-09-24 15:14:56.627042,148
2021-09-24 15:14:56.627049,138
2021-09-24 15:14:56.627056,133
2021-09-24 15:14:56.627075,128
2021-09-24 15:14:56.627082,123
2021-09-24 15:14:56.627089,116
2021-09-24 15:14:56.627096,106
2021-09-24 15:14:56.627102,99
2021-09-24 15:14:56.627109,102
2021-09-24 15:14:56.627116,102
2021-09-24 15:14:56.627122,102
2021-09-24 15:14:56.627129,99
2021-09-24 15:14:56.627136,99
2021-09-24 15:14:56.627142,99
2021-09-24 15:14:56.627149,99
2021-09-24 15:14:56.895903,102
2021-09-24 15:14:56.895934,102
2021-09-24 15:14:56.895946,102
2021-09-24 15:14:56.895956,102
2021-09-24 15:14:56.895966,99
2021-09-24 15:14:56.895976,97
2021-09-24 15:14:56.895986,97
2021-09-24 15:14:56.895996,97
2021-09-24 15:14:56.896006,92
2021-09-24 15:14:56.896016,77
2021-09-24 15:14:56.896025,75
2021-09-24 15:14:56.896035,80
2021-09-24 15:14:56.896045,77
2021-09-24 15:14:56.896055,77
2021-09-24 15:14:56.896065,77
2021-09-24 15:14:56.896075,63
2021-09-24 15:14:56.896085,43
2021-09-24 15:14:56.896095,36
2021-09-24 15:14:56.896105,29
2021-09-24 15:14:56.896115,21
2021-09-24 15:14:56.896124,12
2021-09-24 15:14:56.896134,12
2021-09-24 15:14:56.896144,36
2021-09-24 15:14:56.896154,55
2021-09-24 15:14:56.896164,53
2021-09-24 15:14:56.896174,53
2021-09-24 15:14:56.896184,53
2021-09-24 15:14:56.896194,38
2021-09-24 15:14:56.896204,24
2021-09-24 15:14:56.896213,26
2021-09-24 15:14:57.077139,29
2021-09-24 15:14:57.077161,19
2021-09-24 15:14:57.077169,0
2021-09-24 15:14:57.077176,-38
2021-09-24 15:14:57.077182,-111
2021-09-24 15:14:57.077189,-291
2021-09-24 15:14:57.077195,-488
2021-09-24 15:14:57.077202,-403
2021-09-24 15:14:57.077209,43
2021-09-24 15:14:57.077215,531
2021-09-24 15:14:57.077222,573
2021-09-24 15:14:57.077228,221
2021-09-24 15:14:57.077235,46
2021-09-24 15:14:57.077241,55
2021-09-24 15:14:57.077248,-58
2021-09-24 15:14:57.077254,-150
2021-09-24 15:14:57.077261,-116
2021-09-24 15:14:57.077267,-114
2021-09-24 15:14:57.077274,-153
2021-09-24 15:14:57.077280,-160
2021-09-24 15:14:57.077287,-160
2021-09-24 15:14:57.077293,-179
2021-09-24 15:14:57.077300,-184
2021-09-24 15:14:57.077306,-184
2021-09-24 15:14:57.077313,-199
2021-09-24 15:14:57.077319,-216
2021-09-24 15:14:57.077326,-233
2021-09-24 15:14:57.077332,-250
2021-09-24 15:14:57.077339,-267
2021-09-24 15:14:57.077345,-286
2021-09-24 15:14:57.302202,-313
2021-09-24 15:14:57.302227,-342
2021-09-24 15:14:57.302235,-364
2021-09-24 15:14:57.302243,-376
2021-09-24 15:14:57.302249,-378
2021-09-24 15:14:57.302256,-371
2021-09-24 15:14:57.302263,-349
2021-09-24 15:14:57.302269,-315
2021-09-24 15:14:57.302276,-259
2021-09-24 15:14:57.302283,-167
2021-09-24 15:14:57.302289,-63
2021-09-24 15:14:57.302296,26
2021-09-24 15:14:57.302303,99
2021-09-24 15:14:57.302309,148
2021-09-24 15:14:57.302316,177
2021-09-24 15:14:57.302323,201
2021-09-24 15:14:57.302329,218
2021-09-24 15:14:57.302336,223
2021-09-24 15:14:57.302343,221
2021-09-24 15:14:57.302349,221
2021-09-24 15:14:57.302356,208
2021-09-24 15:14:57.302363,194
2021-09-24 15:14:57.302369,189
2021-09-24 15:14:57.302376,184
2021-09-24 15:14:57.302383,170
2021-09-24 15:14:57.302389,157
2021-09-24 15:14:57.302396,145
2021-09-24 15:14:57.302403,138
2021-09-24 15:14:57.302410,133
2021-09-24 15:14:57.302416,126
2021-09-24 15:14:57.526504,121
2021-09-24 15:14:57.526523,114
2021-09-24 15:14:57.526531,102
2021-09-24 15:14:57.526538,89
2021-09-24 15:14:57.526545,87
2021-09-24 15:14:57.526551,94
2021-09-24 15:14:57.526558,89
2021-09-24 15:14:57.526564,82
2021-09-24 15:14:57.526570,82
2021-09-24 15:14:57.526577,85
2021-09-24 15:14:57.526583,85
2021-09-24 15:14:57.526590,87
2021-09-24 15:14:57.526596,82
2021-09-24 15:14:57.526603,75
2021-09-24 15:14:57.526609,77
2021-09-24 15:14:57.526615,77
2021-09-24 15:14:57.526622,77
2021-09-24 15:14:57.526628,77
2021-09-24 15:14:57.526635,77
2021-09-24 15:14:57.526641,75
2021-09-24 15:14:57.526648,72
2021-09-24 15:14:57.526654,68
2021-09-24 15:14:57.526661,58
2021-09-24 15:14:57.526667,60
2021-09-24 15:14:57.526673,68
2021-09-24 15:14:57.526697,60
2021-09-24 15:14:57.526704,46
2021-09-24 15:14:57.526710,34
2021-09-24 15:14:57.526716,24
2021-09-24 15:14:57.526723,21
2021-09-24 15:14:57.797089,17
2021-09-24 15:14:57.797111,21
2021-09-24 15:14:57.797119,43
2021-09-24 15:14:57.797126,55
2021-09-24 15:14:57.797132,53
2021-09-24 15:14:57.797139,53
2021-09-24 15:14:57.797145,46
2021-09-24 15:14:57.797152,38
2021-09-24 15:14:57.797159,34
2021-09-24 15:14:57.797165,29
2021-09-24 15:14:57.797172,26
2021-09-24 15:14:57.797178,19
2021-09-24 15:14:57.797185,-9
2021-09-24 15:14:57.797192,-60
2021-09-24 15:14:57.797198,-160
2021-09-24 15:14:57.797205,-366
2021-09-24 15:14:57.797211,-510
2021-09-24 15:14:57.797218,-310
2021-09-24 15:14:57.797224,179
2021-09-24 15:14:57.797231,592
2021-09-24 15:14:57.797237,539
2021-09-24 15:14:57.797244,182
2021-09-24 15:14:57.797250,41
2021-09-24 15:14:57.797257,43
2021-09-24 15:14:57.797263,-75
2021-09-24 15:14:57.797270,-140
2021-09-24 15:14:57.797277,-102
2021-09-24 15:14:57.797283,-114
2021-09-24 15:14:57.797290,-148
2021-09-24 15:14:57.797296,-140
2021-09-24 15:14:57.977127,-143
2021-09-24 15:14:57.977151,-160
2021-09-24 15:14:57.977159,-172
2021-09-24 15:14:57.977165,-179
2021-09-24 15:14:57.977172,-194
2021-09-24 15:14:57.977179,-211
2021-09-24 15:14:57.977185,-225
2021-09-24 15:14:57.977191,-247
2021-09-24 15:14:57.977198,-281
2021-09-24 15:14:57.977205,-310
2021-09-24 15:14:57.977211,-330
2021-09-24 15:14:57.977218,-361
2021-09-24 15:14:57.977224,-391
2021-09-24 15:14:57.977231,-400
2021-09-24 15:14:57.977237,-400
2021-09-24 15:14:57.977244,-398
2021-09-24 15:14:57.977250,-381
2021-09-24 15:14:57.977257,-342
2021-09-24 15:14:57.977263,-274
2021-09-24 15:14:57.977270,-174
2021-09-24 15:14:57.977276,-72
2021-09-24 15:14:57.977283,14
2021-09-24 15:14:57.977289,89
2021-09-24 15:14:57.977296,150
2021-09-24 15:14:57.977302,191
2021-09-24 15:14:57.977309,213
2021-09-24 15:14:57.977315,218
2021-09-24 15:14:57.977321,213
2021-09-24 15:14:57.977328,213
2021-09-24 15:14:57.977334,211
2021-09-24 15:14:58.202182,204
2021-09-24 15:14:58.202206,196
2021-09-24 15:14:58.202214,189
2021-09-24 15:14:58.202220,177
2021-09-24 15:14:58.202227,165
2021-09-24 15:14:58.202233,150
2021-09-24 15:14:58.202240,140
2021-09-24 15:14:58.202246,136
2021-09-24 15:14:58.202253,126
2021-09-24 15:14:58.202259,114
2021-09-24 15:14:58.202265,104
2021-09-24 15:14:58.202272,99
2021-09-24 15:14:58.202278,97
2021-09-24 15:14:58.202284,99
2021-09-24 15:14:58.202291,94
2021-09-24 15:14:58.202297,92
2021-09-24 15:14:58.202304,89
2021-09-24 15:14:58.202310,92
2021-09-24 15:14:58.202316,94
2021-09-24 15:14:58.202323,97
2021-09-24 15:14:58.202329,97
2021-09-24 15:14:58.202336,94
2021-09-24 15:14:58.202342,92
2021-09-24 15:14:58.202348,92
2021-09-24 15:14:58.202355,92
2021-09-24 15:14:58.202361,92
2021-09-24 15:14:58.202368,92
2021-09-24 15:14:58.202374,87
2021-09-24 15:14:58.202380,85
2021-09-24 15:14:58.202387,80
2021-09-24 15:14:58.427149,80
2021-09-24 15:14:58.427173,80
2021-09-24 15:14:58.427181,82
2021-09-24 15:14:58.427187,77
2021-09-24 15:14:58.427194,70
2021-09-24 15:14:58.427201,65
2021-09-24 15:14:58.427207,55
2021-09-24 15:14:58.427214,38
2021-09-24 15:14:58.427220,24
2021-09-24 15:14:58.427227,21
2021-09-24 15:14:58.427234,12
2021-09-24 15:14:58.427240,14
2021-09-24 15:14:58.427247,34
2021-09-24 15:14:58.427253,41
2021-09-24 15:14:58.427260,34
2021-09-24 15:14:58.427267,34
2021-09-24 15:14:58.427273,36
2021-09-24 15:14:58.427280,36
2021-09-24 15:14:58.427286,38
2021-09-24 15:14:58.427293,36
2021-09-24 15:14:58.427300,29
2021-09-24 15:14:58.427306,21
2021-09-24 15:14:58.427313,7
2021-09-24 15:14:58.427319,-24
2021-09-24 15:14:58.427326,-92
2021-09-24 15:14:58.427333,-252
2021-09-24 15:14:58.427339,-468
2021-09-24 15:14:58.427346,-459
2021-09-24 15:14:58.427353,-72
2021-09-24 15:14:58.427360,449
2021-09-24 15:14:58.697139,646
2021-09-24 15:14:58.697163,349
2021-09-24 15:14:58.697171,55
2021-09-24 15:14:58.697178,21
2021-09-24 15:14:58.697184,-43
2021-09-24 15:14:58.697191,-143
2021-09-24 15:14:58.697198,-126
2021-09-24 15:14:58.697204,-111
2021-09-24 15:14:58.697211,-148
2021-09-24 15:14:58.697217,-167
2021-09-24 15:14:58.697224,-162
2021-09-24 15:14:58.697230,-170
2021-09-24 15:14:58.697237,-179
2021-09-24 15:14:58.697243,-187
2021-09-24 15:14:58.697250,-199
2021-09-24 15:14:58.697256,-216
2021-09-24 15:14:58.697262,-228
2021-09-24 15:14:58.697269,-242
2021-09-24 15:14:58.697276,-262
2021-09-24 15:14:58.697282,-286
2021-09-24 15:14:58.697288,-313
2021-09-24 15:14:58.697295,-344
2021-09-24 15:14:58.697301,-369
2021-09-24 15:14:58.697308,-386
2021-09-24 15:14:58.697314,-395
2021-09-24 15:14:58.697320,-395
2021-09-24 15:14:58.697327,-383
2021-09-24 15:14:58.697333,-357
2021-09-24 15:14:58.697340,-298
2021-09-24 15:14:58.697346,-208
2021-09-24 15:14:58.965886,-106
2021-09-24 15:14:58.965908,-7
2021-09-24 15:14:58.965916,70
2021-09-24 15:14:58.965923,128
2021-09-24 15:14:58.965929,179
2021-09-24 15:14:58.965936,213
2021-09-24 15:14:58.965942,228
2021-09-24 15:14:58.965949,233
2021-09-24 15:14:58.965955,225
2021-09-24 15:14:58.965962,216
2021-09-24 15:14:58.965968,213
2021-09-24 15:14:58.965975,211
2021-09-24 15:14:58.965981,204
2021-09-24 15:14:58.965988,191
2021-09-24 15:14:58.965994,174
2021-09-24 15:14:58.966001,157
2021-09-24 15:14:58.966007,153
2021-09-24 15:14:58.966014,148
2021-09-24 15:14:58.966020,136
2021-09-24 15:14:58.966027,119
2021-09-24 15:14:58.966033,102
2021-09-24 15:14:58.966040,94
2021-09-24 15:14:58.966046,94
2021-09-24 15:14:58.966052,94
2021-09-24 15:14:58.966059,92
2021-09-24 15:14:58.966065,92
2021-09-24 15:14:58.966072,89
2021-09-24 15:14:58.966078,87
2021-09-24 15:14:58.966085,89
2021-09-24 15:14:58.966091,99
2021-09-24 15:14:59.325687,102
2021-09-24 15:14:59.325710,97
2021-09-24 15:14:59.325717,89
2021-09-24 15:14:59.325724,87
2021-09-24 15:14:59.325731,85
2021-09-24 15:14:59.325737,80
2021-09-24 15:14:59.325744,82
2021-09-24 15:14:59.325750,80
2021-09-24 15:14:59.325757,68
2021-09-24 15:14:59.325763,65
2021-09-24 15:14:59.325770,72
2021-09-24 15:14:59.325776,72
2021-09-24 15:14:59.325783,70
2021-09-24 15:14:59.325789,65
2021-09-24 15:14:59.325796,58
2021-09-24 15:14:59.325802,55
2021-09-24 15:14:59.325809,53
2021-09-24 15:14:59.325815,53
2021-09-24 15:14:59.325822,53
2021-09-24 15:14:59.325828,43
2021-09-24 15:14:59.325835,21
2021-09-24 15:14:59.325841,7
2021-09-24 15:14:59.325848,17
2021-09-24 15:14:59.325854,19
2021-09-24 15:14:59.325860,7
2021-09-24 15:14:59.325867,17
2021-09-24 15:14:59.325873,38
2021-09-24 15:14:59.325880,53
2021-09-24 15:14:59.325886,55
2021-09-24 15:14:59.325893,55
2021-09-24 15:14:59.417306,55
2021-09-24 15:14:59.417330,51
2021-09-24 15:14:59.417338,43
2021-09-24 15:14:59.417344,41
2021-09-24 15:14:59.417351,36
2021-09-24 15:14:59.417357,26
2021-09-24 15:14:59.417364,0
2021-09-24 15:14:59.417371,-53
2021-09-24 15:14:59.417378,-177
2021-09-24 15:14:59.417384,-400
2021-09-24 15:14:59.417391,-505
2021-09-24 15:14:59.417397,-228
2021-09-24 15:14:59.417404,308
2021-09-24 15:14:59.417410,653
2021-09-24 15:14:59.417417,483
2021-09-24 15:14:59.417423,133
2021-09-24 15:14:59.417430,48
2021-09-24 15:14:59.417436,21
2021-09-24 15:14:59.417443,-99
2021-09-24 15:14:59.417449,-133
2021-09-24 15:14:59.417456,-104
2021-09-24 15:14:59.417462,-126
2021-09-24 15:14:59.417469,-148
2021-09-24 15:14:59.417475,-140
2021-09-24 15:14:59.417482,-148
2021-09-24 15:14:59.417488,-174
2021-09-24 15:14:59.417495,-189
2021-09-24 15:14:59.417501,-196
2021-09-24 15:14:59.417508,-206
2021-09-24 15:14:59.417514,-223
2021-09-24 15:14:59.596933,-242
2021-09-24 15:14:59.596956,-264
2021-09-24 15:14:59.596964,-286
2021-09-24 15:14:59.596971,-310
2021-09-24 15:14:59.596978,-335
2021-09-24 15:14:59.596985,-359
2021-09-24 15:14:59.596992,-386
2021-09-24 15:14:59.596999,-403
2021-09-24 15:14:59.597006,-408
2021-09-24 15:14:59.597013,-408
2021-09-24 15:14:59.597020,-383
2021-09-24 15:14:59.597026,-332
2021-09-24 15:14:59.597033,-264
2021-09-24 15:14:59.597040,-174
2021-09-24 15:14:59.597047,-70
2021-09-24 15:14:59.597054,21
2021-09-24 15:14:59.597061,92
2021-09-24 15:14:59.597068,145
2021-09-24 15:14:59.597075,177
2021-09-24 15:14:59.597082,194
2021-09-24 15:14:59.597088,206
2021-09-24 15:14:59.597095,211
2021-09-24 15:14:59.597102,213
2021-09-24 15:14:59.597109,211
2021-09-24 15:14:59.597116,201
2021-09-24 15:14:59.597122,191
2021-09-24 15:14:59.597129,184
2021-09-24 15:14:59.597148,174
2021-09-24 15:14:59.597156,165
2021-09-24 15:14:59.597162,155
2021-09-24 15:14:59.822262,145
2021-09-24 15:14:59.822283,136
2021-09-24 15:14:59.822291,131
2021-09-24 15:14:59.822298,121
2021-09-24 15:14:59.822305,114
2021-09-24 15:14:59.822312,106
2021-09-24 15:14:59.822318,97
2021-09-24 15:14:59.822325,97
2021-09-24 15:14:59.822331,99
2021-09-24 15:14:59.822338,94
2021-09-24 15:14:59.822344,89
2021-09-24 15:14:59.822351,80
2021-09-24 15:14:59.822357,75
2021-09-24 15:14:59.822364,82
2021-09-24 15:14:59.822370,85
2021-09-24 15:14:59.822377,80
2021-09-24 15:14:59.822384,80
2021-09-24 15:14:59.822390,82
2021-09-24 15:14:59.822397,80
2021-09-24 15:14:59.822403,80
2021-09-24 15:14:59.822410,80
2021-09-24 15:14:59.822416,80
2021-09-24 15:14:59.822423,77
2021-09-24 15:14:59.822429,77
2021-09-24 15:14:59.822436,77
2021-09-24 15:14:59.822443,77
2021-09-24 15:14:59.822449,75
2021-09-24 15:14:59.822456,68
2021-09-24 15:14:59.822462,63
2021-09-24 15:14:59.822469,63
